checkpoints,cycle count,last checkpoint,dirty ratio,cause
1,441,441,0.296875,0
2,677,236,0.03125,0
3,873,196,0.195312,0
4,1340,467,0.382812,0
5,2195,855,0.351562,0
6,3758,1563,0.335938,0
7,4442,684,0.125,0
8,4790,348,0.0625,0
9,4973,183,0.0390625,0
10,5803,830,0.21875,0
11,6418,615,0.117188,0
12,6730,312,0.0546875,0
13,7595,865,0.226562,0
14,8180,585,0.109375,0
15,8563,383,0.0703125,0
16,9550,987,0.265625,0
17,10012,462,0.046875,0
18,10141,129,0.03125,0
19,10192,51,0.015625,0
20,10271,79,0.0234375,0
21,10440,169,0.0546875,0
22,10708,268,0.0703125,0
23,11544,836,0.195312,0
24,11855,311,0.0546875,0
25,11985,130,0.03125,0
26,12043,58,0.0234375,0
27,12366,323,0.0859375,0
28,12718,352,0.0859375,0
29,13099,381,0.109375,0
30,14068,969,0.734375,0
31,14955,887,0.507812,0
32,15312,357,0.046875,0
33,15420,108,0.03125,0
34,15510,90,0.03125,0
35,15554,44,0.03125,0
36,15597,43,0.03125,0
37,15681,84,0.03125,0
38,15724,43,0.03125,0
39,15814,90,0.03125,0
40,15858,44,0.03125,0
41,15941,83,0.03125,0
42,15985,44,0.03125,0
43,16074,89,0.03125,0
44,16118,44,0.03125,0
45,16161,43,0.03125,0
46,16252,91,0.03125,0
47,16332,80,0.03125,0
48,16412,80,0.03125,0
49,16500,88,0.03125,0
50,16544,44,0.03125,0
51,16587,43,0.03125,0
52,16664,77,0.03125,0
53,16708,44,0.03125,0
54,16791,83,0.03125,0
55,16835,44,0.03125,0
56,16909,74,0.03125,0
57,16953,44,0.03125,0
58,17034,81,0.03125,0
59,17078,44,0.03125,0
60,17121,43,0.03125,0
61,17198,77,0.03125,0
62,17266,68,0.03125,0
63,17341,75,0.03125,0
64,17424,83,0.03125,0
65,17468,44,0.03125,0
66,17511,43,0.03125,0
67,17588,77,0.03125,0
68,17632,44,0.03125,0
69,17708,76,0.03125,0
70,17752,44,0.03125,0
71,17819,67,0.03125,0
72,17863,44,0.03125,0
73,17937,74,0.03125,0
74,17981,44,0.03125,0
75,18024,43,0.03125,0
76,18101,77,0.03125,0
77,18167,66,0.03125,0
78,18225,58,0.0234375,0
79,18248,23,0.015625,0
80,18289,41,0.0234375,0
81,18362,73,0.03125,0
82,18405,43,0.03125,0
83,18481,76,0.03125,0
84,18525,44,0.03125,0
85,18608,83,0.03125,0
86,18652,44,0.03125,0
87,18726,74,0.03125,0
88,18770,44,0.03125,0
89,18851,81,0.03125,0
90,18895,44,0.03125,0
91,18938,43,0.03125,0
92,19015,77,0.03125,0
93,19090,75,0.03125,0
94,19144,54,0.0234375,0
95,19188,44,0.015625,0
96,19260,72,0.0234375,0
97,19303,43,0.03125,0
98,19346,43,0.03125,0
99,19396,50,0.0078125,0
100,19428,32,0.0234375,0
101,19470,42,0.03125,0
102,19539,69,0.03125,0
103,19583,44,0.03125,0
104,19630,47,0.0234375,0
105,19675,45,0.015625,0
106,19708,33,0.0234375,0
107,19775,67,0.03125,0
108,19819,44,0.03125,0
109,19862,43,0.03125,0
110,19946,84,0.03125,0
111,20019,73,0.03125,0
112,20092,73,0.03125,0
113,20173,81,0.03125,0
114,20217,44,0.03125,0
115,20260,43,0.03125,0
116,20330,70,0.03125,0
117,20374,44,0.03125,0
118,20403,29,0.015625,0
119,20463,60,0.015625,0
120,20505,42,0.03125,0
121,20579,74,0.03125,0
122,20623,44,0.03125,0
123,20704,81,0.03125,0
124,20748,44,0.03125,0
125,20791,43,0.03125,0
126,20875,84,0.03125,0
127,20950,75,0.03125,0
128,21032,82,0.03125,0
129,21122,90,0.03125,0
130,21166,44,0.03125,0
131,21209,43,0.03125,0
132,21293,84,0.03125,0
133,21337,44,0.03125,0
134,21413,76,0.03125,0
135,21457,44,0.03125,0
136,21524,67,0.03125,0
137,21568,44,0.03125,0
138,21642,74,0.03125,0
139,21686,44,0.03125,0
140,21729,43,0.03125,0
141,21806,77,0.03125,0
142,21872,66,0.03125,0
143,21938,66,0.03125,0
144,22012,74,0.03125,0
145,22056,44,0.03125,0
146,22099,43,0.03125,0
147,22168,69,0.03125,0
148,22212,44,0.03125,0
149,22288,76,0.03125,0
150,22332,44,0.03125,0
151,22391,59,0.0234375,0
152,22415,24,0.015625,0
153,22448,33,0.0234375,0
154,22498,50,0.03125,0
155,22572,74,0.03125,0
156,22615,43,0.03125,0
157,22692,77,0.03125,0
158,22767,75,0.03125,0
159,22842,75,0.03125,0
160,22925,83,0.03125,0
161,22969,44,0.03125,0
162,23012,43,0.03125,0
163,23089,77,0.03125,0
164,23132,43,0.03125,0
165,23208,76,0.03125,0
166,23252,44,0.03125,0
167,23328,76,0.03125,0
168,23372,44,0.03125,0
169,23447,75,0.03125,0
170,23491,44,0.03125,0
171,23534,43,0.03125,0
172,23591,57,0.0078125,0
173,23614,23,0.015625,0
174,23629,15,0.0078125,0
175,23699,70,0.03125,0
176,23775,76,0.03125,0
177,23856,81,0.03125,0
178,23900,44,0.03125,0
179,23943,43,0.03125,0
180,24013,70,0.03125,0
181,24057,44,0.03125,0
182,24140,83,0.03125,0
183,24184,44,0.03125,0
184,24258,74,0.03125,0
185,24302,44,0.03125,0
186,24383,81,0.03125,0
187,24427,44,0.03125,0
188,24470,43,0.03125,0
189,24554,84,0.03125,0
190,24629,75,0.03125,0
191,24711,82,0.03125,0
192,24801,90,0.03125,0
193,24845,44,0.03125,0
194,24888,43,0.03125,0
195,24972,84,0.03125,0
196,25016,44,0.03125,0
197,25099,83,0.03125,0
198,25143,44,0.03125,0
199,25217,74,0.03125,0
200,25261,44,0.03125,0
201,25342,81,0.03125,0
202,25386,44,0.03125,0
203,25429,43,0.03125,0
204,25506,77,0.03125,0
205,25580,74,0.03125,0
206,25693,113,0.125,0
207,29204,3511,0.273438,0
208,30445,1241,0.234375,0
209,31305,860,0.234375,0
210,32165,860,0.234375,0
211,33025,860,0.234375,0
212,33885,860,0.234375,0
213,34745,860,0.234375,0
214,35605,860,0.234375,0
215,36811,1206,0.234375,0
216,38314,1503,0.234375,0
217,39817,1503,0.234375,0
218,41320,1503,0.234375,0
219,42526,1206,0.234375,0
220,44029,1503,0.234375,0
221,45532,1503,0.234375,0
222,47035,1503,0.234375,0
223,48538,1503,0.234375,0
224,50041,1503,0.234375,0
225,51544,1503,0.234375,0
226,53047,1503,0.234375,0
227,54550,1503,0.234375,0
228,56053,1503,0.234375,0
229,57556,1503,0.234375,0
230,59059,1503,0.234375,0
231,60562,1503,0.234375,0
232,62065,1503,0.234375,0
233,63568,1503,0.234375,0
234,65071,1503,0.234375,0
235,66574,1503,0.234375,0
236,68077,1503,0.234375,0
237,69580,1503,0.234375,0
238,71083,1503,0.234375,0
239,72586,1503,0.234375,0
240,74089,1503,0.234375,0
241,75592,1503,0.234375,0
242,77095,1503,0.234375,0
243,78598,1503,0.234375,0
244,80101,1503,0.234375,0
245,81604,1503,0.234375,0
246,83107,1503,0.234375,0
247,84610,1503,0.234375,0
248,86113,1503,0.234375,0
249,87616,1503,0.234375,0
250,89119,1503,0.234375,0
251,90622,1503,0.234375,0
252,92125,1503,0.234375,0
253,93628,1503,0.234375,0
254,95131,1503,0.234375,0
255,96634,1503,0.234375,0
256,98137,1503,0.234375,0
257,99640,1503,0.234375,0
258,101383,1743,0.328125,0
259,104323,2940,0.242188,0
260,105472,1149,0.703125,0
261,106122,650,0.273438,0
262,108677,2555,0.367188,0
263,109549,872,0.03125,0
264,109678,129,0.015625,0
265,116749,7071,0.21875,0
266,117530,781,0.046875,0
267,118162,632,0.0390625,0
268,118892,730,0.046875,0
269,119491,599,0.0390625,0
270,120203,712,0.046875,0
271,120799,596,0.0390625,0
272,121505,706,0.046875,0
273,122107,602,0.0390625,0
274,123155,1048,0.0703125,0
275,131834,8679,0.296875,0
276,132847,1013,0.046875,0
277,133624,777,0.0390625,0
278,134535,911,0.046875,0
279,135285,750,0.0390625,0
280,136178,893,0.046875,0
281,136925,747,0.0390625,0
282,137812,887,0.046875,0
283,138565,753,0.0390625,0
284,139898,1333,0.0703125,0
285,143993,4095,0.460938,0
286,144850,857,0.25,0
287,145281,431,0.164062,0
288,146162,881,0.625,0
289,146746,584,0.273438,0
290,149301,2555,0.367188,0
291,150173,872,0.03125,0
292,150302,129,0.015625,0
293,157373,7071,0.21875,0
294,158154,781,0.046875,0
295,158786,632,0.0390625,0
296,159516,730,0.046875,0
297,160115,599,0.0390625,0
298,160827,712,0.046875,0
299,161423,596,0.0390625,0
300,162129,706,0.046875,0
301,162731,602,0.0390625,0
302,163779,1048,0.0703125,0
303,172467,8688,0.296875,0
304,173480,1013,0.046875,0
305,174257,777,0.0390625,0
306,175168,911,0.046875,0
307,175918,750,0.0390625,0
308,176811,893,0.046875,0
309,177558,747,0.0390625,0
310,178445,887,0.046875,0
311,179198,753,0.0390625,0
312,180531,1333,0.0703125,0
313,184631,4100,0.460938,0
314,185489,858,0.25,0
315,186019,530,0.171875,0
316,186923,904,0.625,0
317,187507,584,0.273438,0
318,190062,2555,0.367188,0
319,190934,872,0.03125,0
320,191063,129,0.015625,0
321,198134,7071,0.21875,0
322,198915,781,0.046875,0
323,199547,632,0.0390625,0
324,200277,730,0.046875,0
325,200876,599,0.0390625,0
326,201588,712,0.046875,0
327,202184,596,0.0390625,0
328,202890,706,0.046875,0
329,203492,602,0.0390625,0
330,204540,1048,0.0703125,0
331,213219,8679,0.296875,0
332,214232,1013,0.046875,0
333,215009,777,0.0390625,0
334,215920,911,0.046875,0
335,216670,750,0.0390625,0
336,217563,893,0.046875,0
337,218310,747,0.0390625,0
338,219197,887,0.046875,0
339,219950,753,0.0390625,0
340,221283,1333,0.0703125,0
341,225378,4095,0.460938,0
342,226237,859,0.25,0
343,226725,488,0.335938,0
344,227815,1090,0.109375,0
345,235600,7785,0.171875,0
346,235982,382,0.101562,0
347,236495,513,0.109375,0
348,236942,447,0.101562,0
349,237398,456,0.132812,0
350,237871,473,0.132812,0
351,238446,575,0.140625,0
352,240284,1838,0.140625,0
353,241006,722,0.140625,0
354,248235,7229,0.171875,0
355,248738,503,0.101562,0
356,249194,456,0.132812,0
357,249681,487,0.132812,0
358,250530,849,0.148438,0
359,250907,377,0.09375,0
360,251562,655,0.109375,0
361,251737,175,0.0078125,0
362,253312,1575,0.15625,0
363,259487,6175,0.296875,0
364,260575,1088,0.132812,0
365,268361,7786,0.171875,0
366,268743,382,0.101562,0
367,269256,513,0.109375,0
368,269702,446,0.101562,0
369,270158,456,0.132812,0
370,270631,473,0.132812,0
371,271206,575,0.140625,0
372,273044,1838,0.140625,0
373,273766,722,0.140625,0
374,280995,7229,0.171875,0
375,281498,503,0.101562,0
376,281954,456,0.132812,0
377,282441,487,0.132812,0
378,283290,849,0.148438,0
379,283667,377,0.09375,0
380,284322,655,0.109375,0
381,284497,175,0.0078125,0
382,286072,1575,0.15625,0
383,292213,6141,0.296875,0
384,297455,5242,0.0859375,0
385,297768,313,0.335938,0
386,298866,1098,0.109375,0
387,306649,7783,0.171875,0
388,307031,382,0.101562,0
389,307544,513,0.109375,0
390,307990,446,0.101562,0
391,308446,456,0.132812,0
392,308919,473,0.132812,0
393,309494,575,0.140625,0
394,311332,1838,0.140625,0
395,312054,722,0.140625,0
396,319283,7229,0.171875,0
397,319786,503,0.101562,0
398,320242,456,0.132812,0
399,320729,487,0.132812,0
400,321578,849,0.148438,0
401,321955,377,0.09375,0
402,322610,655,0.109375,0
403,322785,175,0.0078125,0
404,324360,1575,0.15625,0
405,330493,6133,0.203125,0
406,331418,925,0.109375,0
407,339202,7784,0.171875,0
408,339584,382,0.101562,0
409,340097,513,0.109375,0
410,340544,447,0.101562,0
411,341000,456,0.132812,0
412,341473,473,0.132812,0
413,342048,575,0.140625,0
414,343886,1838,0.140625,0
415,344608,722,0.140625,0
416,351837,7229,0.171875,0
417,352340,503,0.101562,0
418,352796,456,0.132812,0
419,353283,487,0.132812,0
420,354132,849,0.148438,0
421,354509,377,0.09375,0
422,355164,655,0.109375,0
423,355339,175,0.0078125,0
424,356914,1575,0.15625,0
425,368120,11206,0.367188,0
426,369214,1094,0.109375,0
427,376998,7784,0.171875,0
428,377380,382,0.101562,0
429,377893,513,0.109375,0
430,378340,447,0.101562,0
431,378796,456,0.132812,0
432,379269,473,0.132812,0
433,379844,575,0.140625,0
434,381682,1838,0.140625,0
435,382404,722,0.140625,0
436,389633,7229,0.171875,0
437,390136,503,0.101562,0
438,390592,456,0.132812,0
439,391079,487,0.132812,0
440,391928,849,0.148438,0
441,392305,377,0.09375,0
442,392960,655,0.109375,0
443,393135,175,0.0078125,0
444,394710,1575,0.15625,0
445,400885,6175,0.296875,0
446,401973,1088,0.132812,0
447,409759,7786,0.171875,0
448,410141,382,0.101562,0
449,410654,513,0.109375,0
450,411100,446,0.101562,0
451,411556,456,0.132812,0
452,412029,473,0.132812,0
453,412604,575,0.140625,0
454,414442,1838,0.140625,0
455,415164,722,0.140625,0
456,422393,7229,0.171875,0
457,422896,503,0.101562,0
458,423352,456,0.132812,0
459,423839,487,0.132812,0
460,424688,849,0.148438,0
461,425065,377,0.09375,0
462,425720,655,0.109375,0
463,425895,175,0.0078125,0
464,427470,1575,0.15625,0
465,433611,6141,0.296875,0
466,440459,6848,0.226562,0
467,441633,1174,0.710938,0
468,442290,657,0.273438,0
469,444845,2555,0.367188,0
470,445717,872,0.03125,0
471,445846,129,0.015625,0
472,452917,7071,0.21875,0
473,453698,781,0.046875,0
474,454330,632,0.0390625,0
475,455060,730,0.046875,0
476,455659,599,0.0390625,0
477,456371,712,0.046875,0
478,456967,596,0.0390625,0
479,457673,706,0.046875,0
480,458275,602,0.0390625,0
481,459323,1048,0.0703125,0
482,468011,8688,0.296875,0
483,469024,1013,0.046875,0
484,469801,777,0.0390625,0
485,470712,911,0.046875,0
486,471462,750,0.0390625,0
487,472355,893,0.046875,0
488,473102,747,0.0390625,0
489,473989,887,0.046875,0
490,474742,753,0.0390625,0
491,476075,1333,0.0703125,0
492,480175,4100,0.460938,0
493,481033,858,0.25,0
494,481619,586,0.351562,0
495,482723,1104,0.109375,0
496,490508,7785,0.171875,0
497,490890,382,0.101562,0
498,491403,513,0.109375,0
499,491850,447,0.101562,0
500,492306,456,0.132812,0
501,492779,473,0.132812,0
502,493354,575,0.140625,0
503,495192,1838,0.140625,0
504,495914,722,0.140625,0
505,503143,7229,0.171875,0
506,503646,503,0.101562,0
507,504102,456,0.132812,0
508,504589,487,0.132812,0
509,505438,849,0.148438,0
510,505815,377,0.09375,0
511,506470,655,0.109375,0
512,506645,175,0.0078125,0
513,508220,1575,0.15625,0
514,514353,6133,0.203125,0
515,515278,925,0.109375,0
516,523062,7784,0.171875,0
517,523444,382,0.101562,0
518,523957,513,0.109375,0
519,524404,447,0.101562,0
520,524860,456,0.132812,0
521,525333,473,0.132812,0
522,525908,575,0.140625,0
523,527746,1838,0.140625,0
524,528468,722,0.140625,0
525,535697,7229,0.171875,0
526,536200,503,0.101562,0
527,536656,456,0.132812,0
528,537143,487,0.132812,0
529,537992,849,0.148438,0
530,538369,377,0.09375,0
531,539024,655,0.109375,0
532,539199,175,0.0078125,0
533,540774,1575,0.15625,0
534,552069,11295,0.296875,0
535,553449,1380,0.132812,0
536,568318,14869,0.304688,0
537,569187,869,0.179688,0
538,569608,421,0.078125,0
539,570111,503,0.140625,0
540,570538,427,0.09375,0
541,571179,641,0.15625,0
542,571658,479,0.109375,0
543,571827,169,0.0234375,0
544,572266,439,0.132812,0
545,573093,827,0.195312,0
546,573345,252,0.0390625,0
547,573479,134,0.0234375,0
548,573581,102,0.03125,0
549,573928,347,0.101562,0
550,574284,356,0.09375,0
551,575048,764,0.1875,0
552,575444,396,0.0625,0
553,575736,292,0.078125,0
554,576134,398,0.117188,0
555,576867,733,0.15625,0
556,577054,187,0.03125,0
557,577146,92,0.03125,0
558,577232,86,0.0234375,0
559,577294,62,0.015625,0
560,577370,76,0.0234375,0
561,577430,60,0.0234375,0
562,577769,339,0.101562,0
563,578226,457,0.125,0
564,583214,4988,0.109375,0
565,602470,19256,0.234375,0
566,604079,1609,0.234375,0
567,605688,1609,0.234375,0
568,607297,1609,0.234375,0
569,615243,7946,0.234375,0
570,616858,1615,0.234375,0
571,618473,1615,0.234375,0
572,620088,1615,0.234375,0
573,634593,14505,0.234375,0
574,636208,1615,0.234375,0
575,637823,1615,0.234375,0
576,639438,1615,0.234375,0
577,647358,7920,0.234375,0
578,648973,1615,0.234375,0
579,650588,1615,0.234375,0
580,652203,1615,0.234375,0
581,659158,6955,0.320312,0
582,659526,368,0.03125,0
583,659843,317,0.09375,0
584,659958,115,0.0234375,0
585,660465,507,0.148438,0
586,660865,400,0.09375,0
587,661359,494,0.109375,0
588,661799,440,0.117188,0
589,662234,435,0.09375,0
590,662547,313,0.078125,0
591,663139,592,0.140625,0
592,663583,444,0.109375,0
593,663905,322,0.0625,0
594,664274,369,0.101562,0
595,664985,711,0.1875,0
596,665428,443,0.0859375,0
597,665754,326,0.078125,0
598,666004,250,0.0703125,0
599,666251,247,0.0703125,0
600,667005,754,0.171875,0
601,667275,270,0.0546875,0
602,667444,169,0.046875,0
603,667798,354,0.101562,0
604,668251,453,0.125,0
605,673331,5080,0.34375,0
606,676293,2962,0.234375,0
607,677499,1206,0.234375,0
608,678359,860,0.234375,0
609,679219,860,0.234375,0
610,680079,860,0.234375,0
611,680939,860,0.234375,0
612,681799,860,0.234375,0
613,682659,860,0.234375,0
614,683865,1206,0.234375,0
615,685368,1503,0.234375,0
616,686871,1503,0.234375,0
617,688374,1503,0.234375,0
618,689580,1206,0.234375,0
619,691083,1503,0.234375,0
620,692586,1503,0.234375,0
621,694089,1503,0.234375,0
622,695592,1503,0.234375,0
623,697095,1503,0.234375,0
624,698598,1503,0.234375,0
625,700101,1503,0.234375,0
626,701604,1503,0.234375,0
627,703107,1503,0.234375,0
628,704610,1503,0.234375,0
629,706113,1503,0.234375,0
630,707616,1503,0.234375,0
631,709119,1503,0.234375,0
632,710622,1503,0.234375,0
633,712125,1503,0.234375,0
634,713628,1503,0.234375,0
635,715131,1503,0.234375,0
636,716634,1503,0.234375,0
637,718137,1503,0.234375,0
638,719640,1503,0.234375,0
639,721143,1503,0.234375,0
640,722646,1503,0.234375,0
641,724149,1503,0.234375,0
642,725652,1503,0.234375,0
643,727155,1503,0.234375,0
644,728658,1503,0.234375,0
645,730161,1503,0.234375,0
646,731664,1503,0.234375,0
647,733167,1503,0.234375,0
648,734670,1503,0.234375,0
649,736173,1503,0.234375,0
650,737676,1503,0.234375,0
651,739179,1503,0.234375,0
652,740682,1503,0.234375,0
653,742185,1503,0.234375,0
654,743688,1503,0.234375,0
655,745191,1503,0.234375,0
656,746694,1503,0.234375,0
657,748434,1740,0.328125,0
658,751372,2938,0.242188,0
659,752521,1149,0.703125,0
660,753171,650,0.273438,0
661,755726,2555,0.367188,0
662,756598,872,0.03125,0
663,756727,129,0.015625,0
664,763798,7071,0.21875,0
665,764579,781,0.046875,0
666,765211,632,0.0390625,0
667,765941,730,0.046875,0
668,766540,599,0.0390625,0
669,767252,712,0.046875,0
670,767848,596,0.0390625,0
671,768554,706,0.046875,0
672,769156,602,0.0390625,0
673,770204,1048,0.0703125,0
674,778883,8679,0.296875,0
675,779896,1013,0.046875,0
676,780673,777,0.0390625,0
677,781584,911,0.046875,0
678,782334,750,0.0390625,0
679,783227,893,0.046875,0
680,783974,747,0.0390625,0
681,784861,887,0.046875,0
682,785614,753,0.0390625,0
683,786947,1333,0.0703125,0
684,791042,4095,0.460938,0
685,791899,857,0.25,0
686,792324,425,0.15625,0
687,793202,878,0.625,0
688,793786,584,0.273438,0
689,796341,2555,0.367188,0
690,797213,872,0.03125,0
691,797342,129,0.015625,0
692,804413,7071,0.21875,0
693,805194,781,0.046875,0
694,805826,632,0.0390625,0
695,806556,730,0.046875,0
696,807155,599,0.0390625,0
697,807867,712,0.046875,0
698,808463,596,0.0390625,0
699,809169,706,0.046875,0
700,809771,602,0.0390625,0
701,810819,1048,0.0703125,0
702,819507,8688,0.296875,0
703,820520,1013,0.046875,0
704,821297,777,0.0390625,0
705,822208,911,0.046875,0
706,822958,750,0.0390625,0
707,823851,893,0.046875,0
708,824598,747,0.0390625,0
709,825485,887,0.046875,0
710,826238,753,0.0390625,0
711,827571,1333,0.0703125,0
712,831671,4100,0.460938,0
713,832528,857,0.25,0
714,833054,526,0.171875,0
715,833958,904,0.625,0
716,834542,584,0.273438,0
717,837097,2555,0.367188,0
718,837969,872,0.03125,0
719,838098,129,0.015625,0
720,845169,7071,0.21875,0
721,845950,781,0.046875,0
722,846582,632,0.0390625,0
723,847312,730,0.046875,0
724,847911,599,0.0390625,0
725,848623,712,0.046875,0
726,849219,596,0.0390625,0
727,849925,706,0.046875,0
728,850527,602,0.0390625,0
729,851575,1048,0.0703125,0
730,860254,8679,0.296875,0
731,861267,1013,0.046875,0
732,862044,777,0.0390625,0
733,862955,911,0.046875,0
734,863705,750,0.0390625,0
735,864598,893,0.046875,0
736,865345,747,0.0390625,0
737,866232,887,0.046875,0
738,866985,753,0.0390625,0
739,868318,1333,0.0703125,0
740,872413,4095,0.460938,0
741,873275,862,0.25,0
742,873763,488,0.335938,0
743,874853,1090,0.109375,0
744,882638,7785,0.171875,0
745,883020,382,0.101562,0
746,883533,513,0.109375,0
747,883980,447,0.101562,0
748,884436,456,0.132812,0
749,884909,473,0.132812,0
750,885484,575,0.140625,0
751,887322,1838,0.140625,0
752,888044,722,0.140625,0
753,895273,7229,0.171875,0
754,895776,503,0.101562,0
755,896232,456,0.132812,0
756,896719,487,0.132812,0
757,897568,849,0.148438,0
758,897945,377,0.09375,0
759,898600,655,0.109375,0
760,898775,175,0.0078125,0
761,900350,1575,0.15625,0
762,906525,6175,0.296875,0
763,907613,1088,0.132812,0
764,915399,7786,0.171875,0
765,915781,382,0.101562,0
766,916294,513,0.109375,0
767,916740,446,0.101562,0
768,917196,456,0.132812,0
769,917669,473,0.132812,0
770,918244,575,0.140625,0
771,920082,1838,0.140625,0
772,920804,722,0.140625,0
773,928033,7229,0.171875,0
774,928536,503,0.101562,0
775,928992,456,0.132812,0
776,929479,487,0.132812,0
777,930328,849,0.148438,0
778,930705,377,0.09375,0
779,931360,655,0.109375,0
780,931535,175,0.0078125,0
781,933110,1575,0.15625,0
782,939251,6141,0.296875,0
783,944486,5235,0.078125,0
784,944796,310,0.335938,0
785,945894,1098,0.109375,0
786,953677,7783,0.171875,0
787,954059,382,0.101562,0
788,954572,513,0.109375,0
789,955018,446,0.101562,0
790,955474,456,0.132812,0
791,955947,473,0.132812,0
792,956522,575,0.140625,0
793,958360,1838,0.140625,0
794,959082,722,0.140625,0
795,966311,7229,0.171875,0
796,966814,503,0.101562,0
797,967270,456,0.132812,0
798,967757,487,0.132812,0
799,968606,849,0.148438,0
800,968983,377,0.09375,0
801,969638,655,0.109375,0
802,969813,175,0.0078125,0
803,971388,1575,0.15625,0
804,977521,6133,0.203125,0
805,978446,925,0.109375,0
806,986230,7784,0.171875,0
807,986612,382,0.101562,0
808,987125,513,0.109375,0
809,987572,447,0.101562,0
810,988028,456,0.132812,0
811,988501,473,0.132812,0
812,989076,575,0.140625,0
813,990914,1838,0.140625,0
814,991636,722,0.140625,0
815,998865,7229,0.171875,0
816,999368,503,0.101562,0
817,999824,456,0.132812,0
818,1000311,487,0.132812,0
819,1001160,849,0.148438,0
820,1001537,377,0.09375,0
821,1002192,655,0.109375,0
822,1002367,175,0.0078125,0
823,1003942,1575,0.15625,0
824,1015155,11213,0.367188,0
825,1016249,1094,0.109375,0
826,1024033,7784,0.171875,0
827,1024415,382,0.101562,0
828,1024928,513,0.109375,0
829,1025375,447,0.101562,0
830,1025831,456,0.132812,0
831,1026304,473,0.132812,0
832,1026879,575,0.140625,0
833,1028717,1838,0.140625,0
834,1029439,722,0.140625,0
835,1036668,7229,0.171875,0
836,1037171,503,0.101562,0
837,1037627,456,0.132812,0
838,1038114,487,0.132812,0
839,1038963,849,0.148438,0
840,1039340,377,0.09375,0
841,1039995,655,0.109375,0
842,1040170,175,0.0078125,0
843,1041745,1575,0.15625,0
844,1047920,6175,0.296875,0
845,1049008,1088,0.132812,0
846,1056794,7786,0.171875,0
847,1057176,382,0.101562,0
848,1057689,513,0.109375,0
849,1058135,446,0.101562,0
850,1058591,456,0.132812,0
851,1059064,473,0.132812,0
852,1059639,575,0.140625,0
853,1061477,1838,0.140625,0
854,1062199,722,0.140625,0
855,1069428,7229,0.171875,0
856,1069931,503,0.101562,0
857,1070387,456,0.132812,0
858,1070874,487,0.132812,0
859,1071723,849,0.148438,0
860,1072100,377,0.09375,0
861,1072755,655,0.109375,0
862,1072930,175,0.0078125,0
863,1074505,1575,0.15625,0
864,1080646,6141,0.296875,0
865,1087499,6853,0.226562,0
866,1088673,1174,0.710938,0
867,1089330,657,0.273438,0
868,1091885,2555,0.367188,0
869,1092757,872,0.03125,0
870,1092886,129,0.015625,0
871,1099957,7071,0.21875,0
872,1100738,781,0.046875,0
873,1101370,632,0.0390625,0
874,1102100,730,0.046875,0
875,1102699,599,0.0390625,0
876,1103411,712,0.046875,0
877,1104007,596,0.0390625,0
878,1104713,706,0.046875,0
879,1105315,602,0.0390625,0
880,1106363,1048,0.0703125,0
881,1115051,8688,0.296875,0
882,1116064,1013,0.046875,0
883,1116841,777,0.0390625,0
884,1117752,911,0.046875,0
885,1118502,750,0.0390625,0
886,1119395,893,0.046875,0
887,1120142,747,0.0390625,0
888,1121029,887,0.046875,0
889,1121782,753,0.0390625,0
890,1123115,1333,0.0703125,0
891,1127215,4100,0.460938,0
892,1128072,857,0.25,0
893,1128660,588,0.351562,0
894,1129764,1104,0.109375,0
895,1137549,7785,0.171875,0
896,1137931,382,0.101562,0
897,1138444,513,0.109375,0
898,1138891,447,0.101562,0
899,1139347,456,0.132812,0
900,1139820,473,0.132812,0
901,1140395,575,0.140625,0
902,1142233,1838,0.140625,0
903,1142955,722,0.140625,0
904,1150184,7229,0.171875,0
905,1150687,503,0.101562,0
906,1151143,456,0.132812,0
907,1151630,487,0.132812,0
908,1152479,849,0.148438,0
909,1152856,377,0.09375,0
910,1153511,655,0.109375,0
911,1153686,175,0.0078125,0
912,1155261,1575,0.15625,0
913,1161394,6133,0.203125,0
914,1162319,925,0.109375,0
915,1170103,7784,0.171875,0
916,1170485,382,0.101562,0
917,1170998,513,0.109375,0
918,1171445,447,0.101562,0
919,1171901,456,0.132812,0
920,1172374,473,0.132812,0
921,1172949,575,0.140625,0
922,1174787,1838,0.140625,0
923,1175509,722,0.140625,0
924,1182738,7229,0.171875,0
925,1183241,503,0.101562,0
926,1183697,456,0.132812,0
927,1184184,487,0.132812,0
928,1185033,849,0.148438,0
929,1185410,377,0.09375,0
930,1186065,655,0.109375,0
931,1186240,175,0.0078125,0
932,1187815,1575,0.15625,0
933,1199111,11296,0.296875,0
934,1200493,1382,0.132812,0
935,1215516,15023,0.304688,0
936,1216281,765,0.148438,0
937,1216600,319,0.0625,0
938,1216877,277,0.0703125,0
939,1217540,663,0.171875,0
940,1218420,880,0.210938,0
941,1218822,402,0.078125,0
942,1219001,179,0.0390625,0
943,1219491,490,0.125,0
944,1220128,637,0.164062,0
945,1220320,192,0.03125,0
946,1220388,68,0.0234375,0
947,1220638,250,0.0625,0
948,1220815,177,0.046875,0
949,1221408,593,0.171875,0
950,1221897,489,0.078125,0
951,1222194,297,0.0859375,0
952,1222680,486,0.117188,0
953,1223276,596,0.164062,0
954,1224045,769,0.15625,0
955,1224232,187,0.03125,0
956,1224318,86,0.03125,0
957,1224404,86,0.0234375,0
958,1224466,62,0.015625,0
959,1224542,76,0.0234375,0
960,1224602,60,0.0234375,0
961,1224877,275,0.0859375,0
962,1225266,389,0.101562,0
963,1228556,3290,0.046875,0
964,1230381,1825,0.109375,0
965,1249637,19256,0.234375,0
966,1251246,1609,0.234375,0
967,1252855,1609,0.234375,0
968,1254464,1609,0.234375,0
969,1262410,7946,0.234375,0
970,1264025,1615,0.234375,0
971,1265640,1615,0.234375,0
972,1267255,1615,0.234375,0
973,1281760,14505,0.234375,0
974,1283375,1615,0.234375,0
975,1284990,1615,0.234375,0
976,1286605,1615,0.234375,0
977,1294525,7920,0.234375,0
978,1296140,1615,0.234375,0
979,1297755,1615,0.234375,0
980,1299370,1615,0.234375,0
981,1306325,6955,0.320312,0
982,1306693,368,0.03125,0
983,1307010,317,0.09375,0
984,1307125,115,0.0234375,0
985,1307632,507,0.148438,0
986,1308032,400,0.09375,0
987,1308526,494,0.109375,0
988,1308966,440,0.117188,0
989,1309401,435,0.09375,0
990,1309714,313,0.078125,0
991,1310306,592,0.140625,0
992,1310750,444,0.109375,0
993,1311072,322,0.0625,0
994,1311441,369,0.101562,0
995,1312152,711,0.1875,0
996,1312595,443,0.0859375,0
997,1312921,326,0.078125,0
998,1313171,250,0.0703125,0
999,1313418,247,0.0703125,0
1000,1314172,754,0.171875,0
1001,1314442,270,0.0546875,0
1002,1314611,169,0.046875,0
1003,1314965,354,0.101562,0
1004,1315418,453,0.125,0
1005,1320712,5294,0.34375,0
1006,1323443,2731,0.234375,0
1007,1324649,1206,0.234375,0
1008,1325509,860,0.234375,0
1009,1326369,860,0.234375,0
1010,1327229,860,0.234375,0
1011,1328089,860,0.234375,0
1012,1328949,860,0.234375,0
1013,1329809,860,0.234375,0
1014,1331015,1206,0.234375,0
1015,1332518,1503,0.234375,0
1016,1334021,1503,0.234375,0
1017,1335524,1503,0.234375,0
1018,1336730,1206,0.234375,0
1019,1338233,1503,0.234375,0
1020,1339736,1503,0.234375,0
1021,1341239,1503,0.234375,0
1022,1342742,1503,0.234375,0
1023,1344245,1503,0.234375,0
1024,1345748,1503,0.234375,0
1025,1347251,1503,0.234375,0
1026,1348754,1503,0.234375,0
1027,1350257,1503,0.234375,0
1028,1351760,1503,0.234375,0
1029,1353263,1503,0.234375,0
1030,1354766,1503,0.234375,0
1031,1356269,1503,0.234375,0
1032,1357772,1503,0.234375,0
1033,1359275,1503,0.234375,0
1034,1360778,1503,0.234375,0
1035,1362281,1503,0.234375,0
1036,1363784,1503,0.234375,0
1037,1365287,1503,0.234375,0
1038,1366790,1503,0.234375,0
1039,1368293,1503,0.234375,0
1040,1369796,1503,0.234375,0
1041,1371299,1503,0.234375,0
1042,1372802,1503,0.234375,0
1043,1374305,1503,0.234375,0
1044,1375808,1503,0.234375,0
1045,1377311,1503,0.234375,0
1046,1378814,1503,0.234375,0
1047,1380317,1503,0.234375,0
1048,1381820,1503,0.234375,0
1049,1383323,1503,0.234375,0
1050,1384826,1503,0.234375,0
1051,1386329,1503,0.234375,0
1052,1387832,1503,0.234375,0
1053,1389335,1503,0.234375,0
1054,1390838,1503,0.234375,0
1055,1392341,1503,0.234375,0
1056,1393844,1503,0.234375,0
1057,1395590,1746,0.328125,0
1058,1398533,2943,0.242188,0
1059,1399682,1149,0.703125,0
1060,1400332,650,0.273438,0
1061,1402887,2555,0.367188,0
1062,1403759,872,0.03125,0
1063,1403888,129,0.015625,0
1064,1410959,7071,0.21875,0
1065,1411740,781,0.046875,0
1066,1412372,632,0.0390625,0
1067,1413102,730,0.046875,0
1068,1413701,599,0.0390625,0
1069,1414413,712,0.046875,0
1070,1415009,596,0.0390625,0
1071,1415715,706,0.046875,0
1072,1416317,602,0.0390625,0
1073,1417365,1048,0.0703125,0
1074,1426044,8679,0.296875,0
1075,1427057,1013,0.046875,0
1076,1427834,777,0.0390625,0
1077,1428745,911,0.046875,0
1078,1429495,750,0.0390625,0
1079,1430388,893,0.046875,0
1080,1431135,747,0.0390625,0
1081,1432022,887,0.046875,0
1082,1432775,753,0.0390625,0
1083,1434108,1333,0.0703125,0
1084,1438203,4095,0.460938,0
1085,1439057,854,0.25,0
1086,1439481,424,0.15625,0
1087,1440359,878,0.625,0
1088,1440943,584,0.273438,0
1089,1443498,2555,0.367188,0
1090,1444370,872,0.03125,0
1091,1444499,129,0.015625,0
1092,1451570,7071,0.21875,0
1093,1452351,781,0.046875,0
1094,1452983,632,0.0390625,0
1095,1453713,730,0.046875,0
1096,1454312,599,0.0390625,0
1097,1455024,712,0.046875,0
1098,1455620,596,0.0390625,0
1099,1456326,706,0.046875,0
1100,1456928,602,0.0390625,0
1101,1457976,1048,0.0703125,0
1102,1466664,8688,0.296875,0
1103,1467677,1013,0.046875,0
1104,1468454,777,0.0390625,0
1105,1469365,911,0.046875,0
1106,1470115,750,0.0390625,0
1107,1471008,893,0.046875,0
1108,1471755,747,0.0390625,0
1109,1472642,887,0.046875,0
1110,1473395,753,0.0390625,0
1111,1474728,1333,0.0703125,0
1112,1478828,4100,0.460938,0
1113,1479686,858,0.25,0
1114,1480214,528,0.171875,0
1115,1481118,904,0.625,0
1116,1481702,584,0.273438,0
1117,1484257,2555,0.367188,0
1118,1485129,872,0.03125,0
1119,1485258,129,0.015625,0
1120,1492329,7071,0.21875,0
1121,1493110,781,0.046875,0
1122,1493742,632,0.0390625,0
1123,1494472,730,0.046875,0
1124,1495071,599,0.0390625,0
1125,1495783,712,0.046875,0
1126,1496379,596,0.0390625,0
1127,1497085,706,0.046875,0
1128,1497687,602,0.0390625,0
1129,1498735,1048,0.0703125,0
1130,1507414,8679,0.296875,0
1131,1508427,1013,0.046875,0
1132,1509204,777,0.0390625,0
1133,1510115,911,0.046875,0
1134,1510865,750,0.0390625,0
1135,1511758,893,0.046875,0
1136,1512505,747,0.0390625,0
1137,1513392,887,0.046875,0
1138,1514145,753,0.0390625,0
1139,1515478,1333,0.0703125,0
1140,1519573,4095,0.460938,0
1141,1520428,855,0.25,0
1142,1520922,494,0.335938,0
1143,1522012,1090,0.109375,0
1144,1529797,7785,0.171875,0
1145,1530179,382,0.101562,0
1146,1530692,513,0.109375,0
1147,1531139,447,0.101562,0
1148,1531595,456,0.132812,0
1149,1532068,473,0.132812,0
1150,1532643,575,0.140625,0
1151,1534481,1838,0.140625,0
1152,1535203,722,0.140625,0
1153,1542432,7229,0.171875,0
1154,1542935,503,0.101562,0
1155,1543391,456,0.132812,0
1156,1543878,487,0.132812,0
1157,1544727,849,0.148438,0
1158,1545104,377,0.09375,0
1159,1545759,655,0.109375,0
1160,1545934,175,0.0078125,0
1161,1547509,1575,0.15625,0
1162,1553684,6175,0.296875,0
1163,1554772,1088,0.132812,0
1164,1562558,7786,0.171875,0
1165,1562940,382,0.101562,0
1166,1563453,513,0.109375,0
1167,1563899,446,0.101562,0
1168,1564355,456,0.132812,0
1169,1564828,473,0.132812,0
1170,1565403,575,0.140625,0
1171,1567241,1838,0.140625,0
1172,1567963,722,0.140625,0
1173,1575192,7229,0.171875,0
1174,1575695,503,0.101562,0
1175,1576151,456,0.132812,0
1176,1576638,487,0.132812,0
1177,1577487,849,0.148438,0
1178,1577864,377,0.09375,0
1179,1578519,655,0.109375,0
1180,1578694,175,0.0078125,0
1181,1580269,1575,0.15625,0
1182,1586410,6141,0.296875,0
1183,1591643,5233,0.078125,0
1184,1591955,312,0.335938,0
1185,1593053,1098,0.109375,0
1186,1600836,7783,0.171875,0
1187,1601218,382,0.101562,0
1188,1601731,513,0.109375,0
1189,1602177,446,0.101562,0
1190,1602633,456,0.132812,0
1191,1603106,473,0.132812,0
1192,1603681,575,0.140625,0
1193,1605519,1838,0.140625,0
1194,1606241,722,0.140625,0
1195,1613470,7229,0.171875,0
1196,1613973,503,0.101562,0
1197,1614429,456,0.132812,0
1198,1614916,487,0.132812,0
1199,1615765,849,0.148438,0
1200,1616142,377,0.09375,0
1201,1616797,655,0.109375,0
1202,1616972,175,0.0078125,0
1203,1618547,1575,0.15625,0
1204,1624680,6133,0.203125,0
1205,1625605,925,0.109375,0
1206,1633389,7784,0.171875,0
1207,1633771,382,0.101562,0
1208,1634284,513,0.109375,0
1209,1634731,447,0.101562,0
1210,1635187,456,0.132812,0
1211,1635660,473,0.132812,0
1212,1636235,575,0.140625,0
1213,1638073,1838,0.140625,0
1214,1638795,722,0.140625,0
1215,1646024,7229,0.171875,0
1216,1646527,503,0.101562,0
1217,1646983,456,0.132812,0
1218,1647470,487,0.132812,0
1219,1648319,849,0.148438,0
1220,1648696,377,0.09375,0
1221,1649351,655,0.109375,0
1222,1649526,175,0.0078125,0
1223,1651101,1575,0.15625,0
1224,1662290,11189,0.367188,0
1225,1663384,1094,0.109375,0
1226,1671168,7784,0.171875,0
1227,1671550,382,0.101562,0
1228,1672063,513,0.109375,0
1229,1672510,447,0.101562,0
1230,1672966,456,0.132812,0
1231,1673439,473,0.132812,0
1232,1674014,575,0.140625,0
1233,1675852,1838,0.140625,0
1234,1676574,722,0.140625,0
1235,1683803,7229,0.171875,0
1236,1684306,503,0.101562,0
1237,1684762,456,0.132812,0
1238,1685249,487,0.132812,0
1239,1686098,849,0.148438,0
1240,1686475,377,0.09375,0
1241,1687130,655,0.109375,0
1242,1687305,175,0.0078125,0
1243,1688880,1575,0.15625,0
1244,1695055,6175,0.296875,0
1245,1696143,1088,0.132812,0
1246,1703929,7786,0.171875,0
1247,1704311,382,0.101562,0
1248,1704824,513,0.109375,0
1249,1705270,446,0.101562,0
1250,1705726,456,0.132812,0
1251,1706199,473,0.132812,0
1252,1706774,575,0.140625,0
1253,1708612,1838,0.140625,0
1254,1709334,722,0.140625,0
1255,1716563,7229,0.171875,0
1256,1717066,503,0.101562,0
1257,1717522,456,0.132812,0
1258,1718009,487,0.132812,0
1259,1718858,849,0.148438,0
1260,1719235,377,0.09375,0
1261,1719890,655,0.109375,0
1262,1720065,175,0.0078125,0
1263,1721640,1575,0.15625,0
1264,1727781,6141,0.296875,0
1265,1734663,6882,0.226562,0
1266,1735837,1174,0.710938,0
1267,1736494,657,0.273438,0
1268,1739049,2555,0.367188,0
1269,1739921,872,0.03125,0
1270,1740050,129,0.015625,0
1271,1747121,7071,0.21875,0
1272,1747902,781,0.046875,0
1273,1748534,632,0.0390625,0
1274,1749264,730,0.046875,0
1275,1749863,599,0.0390625,0
1276,1750575,712,0.046875,0
1277,1751171,596,0.0390625,0
1278,1751877,706,0.046875,0
1279,1752479,602,0.0390625,0
1280,1753527,1048,0.0703125,0
1281,1762215,8688,0.296875,0
1282,1763228,1013,0.046875,0
1283,1764005,777,0.0390625,0
1284,1764916,911,0.046875,0
1285,1765666,750,0.0390625,0
1286,1766559,893,0.046875,0
1287,1767306,747,0.0390625,0
1288,1768193,887,0.046875,0
1289,1768946,753,0.0390625,0
1290,1770279,1333,0.0703125,0
1291,1774379,4100,0.460938,0
1292,1775237,858,0.25,0
1293,1775825,588,0.351562,0
1294,1776929,1104,0.109375,0
1295,1784714,7785,0.171875,0
1296,1785096,382,0.101562,0
1297,1785609,513,0.109375,0
1298,1786056,447,0.101562,0
1299,1786512,456,0.132812,0
1300,1786985,473,0.132812,0
1301,1787560,575,0.140625,0
1302,1789398,1838,0.140625,0
1303,1790120,722,0.140625,0
1304,1797349,7229,0.171875,0
1305,1797852,503,0.101562,0
1306,1798308,456,0.132812,0
1307,1798795,487,0.132812,0
1308,1799644,849,0.148438,0
1309,1800021,377,0.09375,0
1310,1800676,655,0.109375,0
1311,1800851,175,0.0078125,0
1312,1802426,1575,0.15625,0
1313,1808559,6133,0.203125,0
1314,1809484,925,0.109375,0
1315,1817268,7784,0.171875,0
1316,1817650,382,0.101562,0
1317,1818163,513,0.109375,0
1318,1818610,447,0.101562,0
1319,1819066,456,0.132812,0
1320,1819539,473,0.132812,0
1321,1820114,575,0.140625,0
1322,1821952,1838,0.140625,0
1323,1822674,722,0.140625,0
1324,1829903,7229,0.171875,0
1325,1830406,503,0.101562,0
1326,1830862,456,0.132812,0
1327,1831349,487,0.132812,0
1328,1832198,849,0.148438,0
1329,1832575,377,0.09375,0
1330,1833230,655,0.109375,0
1331,1833405,175,0.0078125,0
1332,1834980,1575,0.15625,0
1333,1846269,11289,0.296875,0
1334,1847654,1385,0.132812,0
1335,1862626,14972,0.320312,0
1336,1863212,586,0.09375,0
1337,1863557,345,0.078125,0
1338,1863886,329,0.0859375,0
1339,1864548,662,0.171875,0
1340,1864872,324,0.0546875,0
1341,1865196,324,0.078125,0
1342,1865470,274,0.0703125,0
1343,1865790,320,0.0859375,0
1344,1865989,199,0.0390625,0
1345,1866561,572,0.15625,0
1346,1867115,554,0.140625,0
1347,1867312,197,0.0390625,0
1348,1867545,233,0.0546875,0
1349,1867816,271,0.0703125,0
1350,1868398,582,0.140625,0
1351,1868814,416,0.09375,0
1352,1869206,392,0.109375,0
1353,1869736,530,0.125,0
1354,1870281,545,0.132812,0
1355,1871013,732,0.15625,0
1356,1871200,187,0.03125,0
1357,1871292,92,0.03125,0
1358,1871378,86,0.0234375,0
1359,1871440,62,0.015625,0
1360,1871516,76,0.0234375,0
1361,1871576,60,0.0234375,0
1362,1871812,236,0.0703125,0
1363,1872072,260,0.0703125,0
1364,1873640,1568,0.09375,0
1365,1877361,3721,0.109375,0
1366,1896617,19256,0.234375,0
1367,1898226,1609,0.234375,0
1368,1899835,1609,0.234375,0
1369,1901444,1609,0.234375,0
1370,1909390,7946,0.234375,0
1371,1911005,1615,0.234375,0
1372,1912620,1615,0.234375,0
1373,1914235,1615,0.234375,0
1374,1928740,14505,0.234375,0
1375,1930355,1615,0.234375,0
1376,1931970,1615,0.234375,0
1377,1933585,1615,0.234375,0
1378,1941505,7920,0.234375,0
1379,1943120,1615,0.234375,0
1380,1944735,1615,0.234375,0
1381,1946350,1615,0.234375,0
1382,1953305,6955,0.320312,0
1383,1953673,368,0.03125,0
1384,1953990,317,0.09375,0
1385,1954105,115,0.0234375,0
1386,1954612,507,0.148438,0
1387,1955012,400,0.09375,0
1388,1955506,494,0.109375,0
1389,1955946,440,0.117188,0
1390,1956381,435,0.09375,0
1391,1956694,313,0.078125,0
1392,1957286,592,0.140625,0
1393,1957730,444,0.109375,0
1394,1958052,322,0.0625,0
1395,1958421,369,0.101562,0
1396,1959132,711,0.1875,0
1397,1959575,443,0.0859375,0
1398,1959901,326,0.078125,0
1399,1960151,250,0.0703125,0
1400,1960398,247,0.0703125,0
1401,1961152,754,0.171875,0
1402,1961422,270,0.0546875,0
1403,1961591,169,0.046875,0
1404,1961945,354,0.101562,0
1405,1962398,453,0.125,0
1406,1967694,5296,0.34375,0
1407,1970425,2731,0.234375,0
1408,1971631,1206,0.234375,0
1409,1972491,860,0.234375,0
1410,1973351,860,0.234375,0
1411,1974211,860,0.234375,0
1412,1975071,860,0.234375,0
1413,1975931,860,0.234375,0
1414,1976791,860,0.234375,0
1415,1977997,1206,0.234375,0
1416,1979500,1503,0.234375,0
1417,1981003,1503,0.234375,0
1418,1982506,1503,0.234375,0
1419,1983712,1206,0.234375,0
1420,1985215,1503,0.234375,0
1421,1986718,1503,0.234375,0
1422,1988221,1503,0.234375,0
1423,1989724,1503,0.234375,0
1424,1991227,1503,0.234375,0
1425,1992730,1503,0.234375,0
1426,1994233,1503,0.234375,0
1427,1995736,1503,0.234375,0
1428,1997239,1503,0.234375,0
1429,1998742,1503,0.234375,0
1430,2000245,1503,0.234375,0
1431,2001748,1503,0.234375,0
1432,2003251,1503,0.234375,0
1433,2004754,1503,0.234375,0
1434,2006257,1503,0.234375,0
1435,2007760,1503,0.234375,0
1436,2009263,1503,0.234375,0
1437,2010766,1503,0.234375,0
1438,2012269,1503,0.234375,0
1439,2013772,1503,0.234375,0
1440,2015275,1503,0.234375,0
1441,2016778,1503,0.234375,0
1442,2018281,1503,0.234375,0
1443,2019784,1503,0.234375,0
1444,2021287,1503,0.234375,0
1445,2022790,1503,0.234375,0
1446,2024293,1503,0.234375,0
1447,2025796,1503,0.234375,0
1448,2027299,1503,0.234375,0
1449,2028802,1503,0.234375,0
1450,2030305,1503,0.234375,0
1451,2031808,1503,0.234375,0
1452,2033311,1503,0.234375,0
1453,2034814,1503,0.234375,0
1454,2036317,1503,0.234375,0
1455,2037820,1503,0.234375,0
1456,2039323,1503,0.234375,0
1457,2040826,1503,0.234375,0
1458,2042566,1740,0.328125,0
1459,2045507,2941,0.242188,0
1460,2046656,1149,0.703125,0
1461,2047306,650,0.273438,0
1462,2049861,2555,0.367188,0
1463,2050733,872,0.03125,0
1464,2050862,129,0.015625,0
1465,2057933,7071,0.21875,0
1466,2058714,781,0.046875,0
1467,2059346,632,0.0390625,0
1468,2060076,730,0.046875,0
1469,2060675,599,0.0390625,0
1470,2061387,712,0.046875,0
1471,2061983,596,0.0390625,0
1472,2062689,706,0.046875,0
1473,2063291,602,0.0390625,0
1474,2064339,1048,0.0703125,0
1475,2073018,8679,0.296875,0
1476,2074031,1013,0.046875,0
1477,2074808,777,0.0390625,0
1478,2075719,911,0.046875,0
1479,2076469,750,0.0390625,0
1480,2077362,893,0.046875,0
1481,2078109,747,0.0390625,0
1482,2078996,887,0.046875,0
1483,2079749,753,0.0390625,0
1484,2081082,1333,0.0703125,0
1485,2085177,4095,0.460938,0
1486,2086033,856,0.25,0
1487,2086464,431,0.15625,0
1488,2087342,878,0.625,0
1489,2087926,584,0.273438,0
1490,2090481,2555,0.367188,0
1491,2091353,872,0.03125,0
1492,2091482,129,0.015625,0
1493,2098553,7071,0.21875,0
1494,2099334,781,0.046875,0
1495,2099966,632,0.0390625,0
1496,2100696,730,0.046875,0
1497,2101295,599,0.0390625,0
1498,2102007,712,0.046875,0
1499,2102603,596,0.0390625,0
1500,2103309,706,0.046875,0
1501,2103911,602,0.0390625,0
1502,2104959,1048,0.0703125,0
1503,2113647,8688,0.296875,0
1504,2114660,1013,0.046875,0
1505,2115437,777,0.0390625,0
1506,2116348,911,0.046875,0
1507,2117098,750,0.0390625,0
1508,2117991,893,0.046875,0
1509,2118738,747,0.0390625,0
1510,2119625,887,0.046875,0
1511,2120378,753,0.0390625,0
1512,2121711,1333,0.0703125,0
1513,2125811,4100,0.460938,0
1514,2126668,857,0.25,0
1515,2127193,525,0.171875,0
1516,2128097,904,0.625,0
1517,2128681,584,0.273438,0
1518,2131236,2555,0.367188,0
1519,2132108,872,0.03125,0
1520,2132237,129,0.015625,0
1521,2139308,7071,0.21875,0
1522,2140089,781,0.046875,0
1523,2140721,632,0.0390625,0
1524,2141451,730,0.046875,0
1525,2142050,599,0.0390625,0
1526,2142762,712,0.046875,0
1527,2143358,596,0.0390625,0
1528,2144064,706,0.046875,0
1529,2144666,602,0.0390625,0
1530,2145714,1048,0.0703125,0
1531,2154393,8679,0.296875,0
1532,2155406,1013,0.046875,0
1533,2156183,777,0.0390625,0
1534,2157094,911,0.046875,0
1535,2157844,750,0.0390625,0
1536,2158737,893,0.046875,0
1537,2159484,747,0.0390625,0
1538,2160371,887,0.046875,0
1539,2161124,753,0.0390625,0
1540,2162457,1333,0.0703125,0
1541,2166552,4095,0.460938,0
1542,2167414,862,0.25,0
1543,2167905,491,0.335938,0
1544,2168995,1090,0.109375,0
1545,2176780,7785,0.171875,0
1546,2177162,382,0.101562,0
1547,2177675,513,0.109375,0
1548,2178122,447,0.101562,0
1549,2178578,456,0.132812,0
1550,2179051,473,0.132812,0
1551,2179626,575,0.140625,0
1552,2181464,1838,0.140625,0
1553,2182186,722,0.140625,0
1554,2189415,7229,0.171875,0
1555,2189918,503,0.101562,0
1556,2190374,456,0.132812,0
1557,2190861,487,0.132812,0
1558,2191710,849,0.148438,0
1559,2192087,377,0.09375,0
1560,2192742,655,0.109375,0
1561,2192917,175,0.0078125,0
1562,2194492,1575,0.15625,0
1563,2200667,6175,0.296875,0
1564,2201755,1088,0.132812,0
1565,2209541,7786,0.171875,0
1566,2209923,382,0.101562,0
1567,2210436,513,0.109375,0
1568,2210882,446,0.101562,0
1569,2211338,456,0.132812,0
1570,2211811,473,0.132812,0
1571,2212386,575,0.140625,0
1572,2214224,1838,0.140625,0
1573,2214946,722,0.140625,0
1574,2222175,7229,0.171875,0
1575,2222678,503,0.101562,0
1576,2223134,456,0.132812,0
1577,2223621,487,0.132812,0
1578,2224470,849,0.148438,0
1579,2224847,377,0.09375,0
1580,2225502,655,0.109375,0
1581,2225677,175,0.0078125,0
1582,2227252,1575,0.15625,0
1583,2233393,6141,0.296875,0
1584,2238633,5240,0.078125,0
1585,2238943,310,0.335938,0
1586,2240041,1098,0.109375,0
1587,2247824,7783,0.171875,0
1588,2248206,382,0.101562,0
1589,2248719,513,0.109375,0
1590,2249165,446,0.101562,0
1591,2249621,456,0.132812,0
1592,2250094,473,0.132812,0
1593,2250669,575,0.140625,0
1594,2252507,1838,0.140625,0
1595,2253229,722,0.140625,0
1596,2260458,7229,0.171875,0
1597,2260961,503,0.101562,0
1598,2261417,456,0.132812,0
1599,2261904,487,0.132812,0
1600,2262753,849,0.148438,0
1601,2263130,377,0.09375,0
1602,2263785,655,0.109375,0
1603,2263960,175,0.0078125,0
1604,2265535,1575,0.15625,0
1605,2271668,6133,0.203125,0
1606,2272593,925,0.109375,0
1607,2280377,7784,0.171875,0
1608,2280759,382,0.101562,0
1609,2281272,513,0.109375,0
1610,2281719,447,0.101562,0
1611,2282175,456,0.132812,0
1612,2282648,473,0.132812,0
1613,2283223,575,0.140625,0
1614,2285061,1838,0.140625,0
1615,2285783,722,0.140625,0
1616,2293012,7229,0.171875,0
1617,2293515,503,0.101562,0
1618,2293971,456,0.132812,0
1619,2294458,487,0.132812,0
1620,2295307,849,0.148438,0
1621,2295684,377,0.09375,0
1622,2296339,655,0.109375,0
1623,2296514,175,0.0078125,0
1624,2298089,1575,0.15625,0
1625,2309299,11210,0.367188,0
1626,2310393,1094,0.109375,0
1627,2318177,7784,0.171875,0
1628,2318559,382,0.101562,0
1629,2319072,513,0.109375,0
1630,2319519,447,0.101562,0
1631,2319975,456,0.132812,0
1632,2320448,473,0.132812,0
1633,2321023,575,0.140625,0
1634,2322861,1838,0.140625,0
1635,2323583,722,0.140625,0
1636,2330812,7229,0.171875,0
1637,2331315,503,0.101562,0
1638,2331771,456,0.132812,0
1639,2332258,487,0.132812,0
1640,2333107,849,0.148438,0
1641,2333484,377,0.09375,0
1642,2334139,655,0.109375,0
1643,2334314,175,0.0078125,0
1644,2335889,1575,0.15625,0
1645,2342064,6175,0.296875,0
1646,2343152,1088,0.132812,0
1647,2350938,7786,0.171875,0
1648,2351320,382,0.101562,0
1649,2351833,513,0.109375,0
1650,2352279,446,0.101562,0
1651,2352735,456,0.132812,0
1652,2353208,473,0.132812,0
1653,2353783,575,0.140625,0
1654,2355621,1838,0.140625,0
1655,2356343,722,0.140625,0
1656,2363572,7229,0.171875,0
1657,2364075,503,0.101562,0
1658,2364531,456,0.132812,0
1659,2365018,487,0.132812,0
1660,2365867,849,0.148438,0
1661,2366244,377,0.09375,0
1662,2366899,655,0.109375,0
1663,2367074,175,0.0078125,0
1664,2368649,1575,0.15625,0
1665,2374790,6141,0.296875,0
1666,2381646,6856,0.226562,0
1667,2382820,1174,0.710938,0
1668,2383477,657,0.273438,0
1669,2386032,2555,0.367188,0
1670,2386904,872,0.03125,0
1671,2387033,129,0.015625,0
1672,2394104,7071,0.21875,0
1673,2394885,781,0.046875,0
1674,2395517,632,0.0390625,0
1675,2396247,730,0.046875,0
1676,2396846,599,0.0390625,0
1677,2397558,712,0.046875,0
1678,2398154,596,0.0390625,0
1679,2398860,706,0.046875,0
1680,2399462,602,0.0390625,0
1681,2400510,1048,0.0703125,0
1682,2409198,8688,0.296875,0
1683,2410211,1013,0.046875,0
1684,2410988,777,0.0390625,0
1685,2411899,911,0.046875,0
1686,2412649,750,0.0390625,0
1687,2413542,893,0.046875,0
1688,2414289,747,0.0390625,0
1689,2415176,887,0.046875,0
1690,2415929,753,0.0390625,0
1691,2417262,1333,0.0703125,0
1692,2421362,4100,0.460938,0
1693,2422224,862,0.25,0
1694,2422813,589,0.351562,0
1695,2423917,1104,0.109375,0
1696,2431702,7785,0.171875,0
1697,2432084,382,0.101562,0
1698,2432597,513,0.109375,0
1699,2433044,447,0.101562,0
1700,2433500,456,0.132812,0
1701,2433973,473,0.132812,0
1702,2434548,575,0.140625,0
1703,2436386,1838,0.140625,0
1704,2437108,722,0.140625,0
1705,2444337,7229,0.171875,0
1706,2444840,503,0.101562,0
1707,2445296,456,0.132812,0
1708,2445783,487,0.132812,0
1709,2446632,849,0.148438,0
1710,2447009,377,0.09375,0
1711,2447664,655,0.109375,0
1712,2447839,175,0.0078125,0
1713,2449414,1575,0.15625,0
1714,2455547,6133,0.203125,0
1715,2456472,925,0.109375,0
1716,2464256,7784,0.171875,0
1717,2464638,382,0.101562,0
1718,2465151,513,0.109375,0
1719,2465598,447,0.101562,0
1720,2466054,456,0.132812,0
1721,2466527,473,0.132812,0
1722,2467102,575,0.140625,0
1723,2468940,1838,0.140625,0
1724,2469662,722,0.140625,0
1725,2476891,7229,0.171875,0
1726,2477394,503,0.101562,0
1727,2477850,456,0.132812,0
1728,2478337,487,0.132812,0
1729,2479186,849,0.148438,0
1730,2479563,377,0.09375,0
1731,2480218,655,0.109375,0
1732,2480393,175,0.0078125,0
1733,2481968,1575,0.15625,0
1734,2493265,11297,0.296875,0
1735,2494644,1379,0.132812,0
1736,2509522,14878,0.304688,0
1737,2510476,954,0.195312,0
1738,2510717,241,0.03125,0
1739,2510953,236,0.0625,0
1740,2511571,618,0.164062,0
1741,2512245,674,0.164062,0
1742,2512547,302,0.0546875,0
1743,2512827,280,0.0625,0
1744,2512945,118,0.0234375,0
1745,2513376,431,0.125,0
1746,2513981,605,0.140625,0
1747,2514334,353,0.078125,0
1748,2514583,249,0.0546875,0
1749,2515194,611,0.179688,0
1750,2515905,711,0.140625,0
1751,2516194,289,0.0703125,0
1752,2516603,409,0.09375,0
1753,2517154,551,0.148438,0
1754,2517913,759,0.15625,0
1755,2518100,187,0.03125,0
1756,2518192,92,0.03125,0
1757,2518278,86,0.0234375,0
1758,2518340,62,0.015625,0
1759,2518416,76,0.0234375,0
1760,2518476,60,0.0234375,0
1761,2518751,275,0.0859375,0
1762,2519140,389,0.101562,0
1763,2522430,3290,0.046875,0
1764,2524255,1825,0.109375,0
1765,2543511,19256,0.234375,0
1766,2545120,1609,0.234375,0
1767,2546729,1609,0.234375,0
1768,2548338,1609,0.234375,0
1769,2556284,7946,0.234375,0
1770,2557899,1615,0.234375,0
1771,2559514,1615,0.234375,0
1772,2561129,1615,0.234375,0
1773,2575634,14505,0.234375,0
1774,2577249,1615,0.234375,0
1775,2578864,1615,0.234375,0
1776,2580479,1615,0.234375,0
1777,2588399,7920,0.234375,0
1778,2590014,1615,0.234375,0
1779,2591629,1615,0.234375,0
1780,2593244,1615,0.234375,0
1781,2600199,6955,0.320312,0
1782,2600567,368,0.03125,0
1783,2600884,317,0.09375,0
1784,2600999,115,0.0234375,0
1785,2601506,507,0.148438,0
1786,2601906,400,0.09375,0
1787,2602400,494,0.109375,0
1788,2602840,440,0.117188,0
1789,2603275,435,0.09375,0
1790,2603588,313,0.078125,0
1791,2604180,592,0.140625,0
1792,2604624,444,0.109375,0
1793,2604946,322,0.0625,0
1794,2605315,369,0.101562,0
1795,2606026,711,0.1875,0
1796,2606469,443,0.0859375,0
1797,2606795,326,0.078125,0
1798,2607045,250,0.0703125,0
1799,2607292,247,0.0703125,0
1800,2608046,754,0.171875,0
1801,2608316,270,0.0546875,0
1802,2608485,169,0.046875,0
1803,2608839,354,0.101562,0
1804,2609292,453,0.125,0
1805,2614590,5298,0.34375,0
1806,2617321,2731,0.234375,0
1807,2618527,1206,0.234375,0
1808,2619387,860,0.234375,0
1809,2620247,860,0.234375,0
1810,2621107,860,0.234375,0
1811,2621967,860,0.234375,0
1812,2622827,860,0.234375,0
1813,2623687,860,0.234375,0
1814,2624893,1206,0.234375,0
1815,2626396,1503,0.234375,0
1816,2627899,1503,0.234375,0
1817,2629402,1503,0.234375,0
1818,2630608,1206,0.234375,0
1819,2632111,1503,0.234375,0
1820,2633614,1503,0.234375,0
1821,2635117,1503,0.234375,0
1822,2636620,1503,0.234375,0
1823,2638123,1503,0.234375,0
1824,2639626,1503,0.234375,0
1825,2641129,1503,0.234375,0
1826,2642632,1503,0.234375,0
1827,2644135,1503,0.234375,0
1828,2645638,1503,0.234375,0
1829,2647141,1503,0.234375,0
1830,2648644,1503,0.234375,0
1831,2650147,1503,0.234375,0
1832,2651650,1503,0.234375,0
1833,2653153,1503,0.234375,0
1834,2654656,1503,0.234375,0
1835,2656159,1503,0.234375,0
1836,2657662,1503,0.234375,0
1837,2659165,1503,0.234375,0
1838,2660668,1503,0.234375,0
1839,2662171,1503,0.234375,0
1840,2663674,1503,0.234375,0
1841,2665177,1503,0.234375,0
1842,2666680,1503,0.234375,0
1843,2668183,1503,0.234375,0
1844,2669686,1503,0.234375,0
1845,2671189,1503,0.234375,0
1846,2672692,1503,0.234375,0
1847,2674195,1503,0.234375,0
1848,2675698,1503,0.234375,0
1849,2677201,1503,0.234375,0
1850,2678704,1503,0.234375,0
1851,2680207,1503,0.234375,0
1852,2681710,1503,0.234375,0
1853,2683213,1503,0.234375,0
1854,2684716,1503,0.234375,0
1855,2686219,1503,0.234375,0
1856,2687722,1503,0.234375,0
1857,2689464,1742,0.328125,0
1858,2692398,2934,0.242188,0
1859,2693547,1149,0.703125,0
1860,2694197,650,0.273438,0
1861,2696752,2555,0.367188,0
1862,2697624,872,0.03125,0
1863,2697753,129,0.015625,0
1864,2704824,7071,0.21875,0
1865,2705605,781,0.046875,0
1866,2706237,632,0.0390625,0
1867,2706967,730,0.046875,0
1868,2707566,599,0.0390625,0
1869,2708278,712,0.046875,0
1870,2708874,596,0.0390625,0
1871,2709580,706,0.046875,0
1872,2710182,602,0.0390625,0
1873,2711230,1048,0.0703125,0
1874,2719909,8679,0.296875,0
1875,2720922,1013,0.046875,0
1876,2721699,777,0.0390625,0
1877,2722610,911,0.046875,0
1878,2723360,750,0.0390625,0
1879,2724253,893,0.046875,0
1880,2725000,747,0.0390625,0
1881,2725887,887,0.046875,0
1882,2726640,753,0.0390625,0
1883,2727973,1333,0.0703125,0
1884,2732068,4095,0.460938,0
1885,2732923,855,0.25,0
1886,2733350,427,0.15625,0
1887,2734228,878,0.625,0
1888,2734812,584,0.273438,0
1889,2737367,2555,0.367188,0
1890,2738239,872,0.03125,0
1891,2738368,129,0.015625,0
1892,2745439,7071,0.21875,0
1893,2746220,781,0.046875,0
1894,2746852,632,0.0390625,0
1895,2747582,730,0.046875,0
1896,2748181,599,0.0390625,0
1897,2748893,712,0.046875,0
1898,2749489,596,0.0390625,0
1899,2750195,706,0.046875,0
1900,2750797,602,0.0390625,0
1901,2751845,1048,0.0703125,0
1902,2760533,8688,0.296875,0
1903,2761546,1013,0.046875,0
1904,2762323,777,0.0390625,0
1905,2763234,911,0.046875,0
1906,2763984,750,0.0390625,0
1907,2764877,893,0.046875,0
1908,2765624,747,0.0390625,0
1909,2766511,887,0.046875,0
1910,2767264,753,0.0390625,0
1911,2768597,1333,0.0703125,0
1912,2772697,4100,0.460938,0
1913,2773555,858,0.25,0
1914,2774084,529,0.171875,0
1915,2774988,904,0.625,0
1916,2775572,584,0.273438,0
1917,2778127,2555,0.367188,0
1918,2778999,872,0.03125,0
1919,2779128,129,0.015625,0
1920,2786199,7071,0.21875,0
1921,2786980,781,0.046875,0
1922,2787612,632,0.0390625,0
1923,2788342,730,0.046875,0
1924,2788941,599,0.0390625,0
1925,2789653,712,0.046875,0
1926,2790249,596,0.0390625,0
1927,2790955,706,0.046875,0
1928,2791557,602,0.0390625,0
1929,2792605,1048,0.0703125,0
1930,2801284,8679,0.296875,0
1931,2802297,1013,0.046875,0
1932,2803074,777,0.0390625,0
1933,2803985,911,0.046875,0
1934,2804735,750,0.0390625,0
1935,2805628,893,0.046875,0
1936,2806375,747,0.0390625,0
1937,2807262,887,0.046875,0
1938,2808015,753,0.0390625,0
1939,2809348,1333,0.0703125,0
1940,2813443,4095,0.460938,0
1941,2814299,856,0.25,0
1942,2814787,488,0.335938,0
1943,2815877,1090,0.109375,0
1944,2823662,7785,0.171875,0
1945,2824044,382,0.101562,0
1946,2824557,513,0.109375,0
1947,2825004,447,0.101562,0
1948,2825460,456,0.132812,0
1949,2825933,473,0.132812,0
1950,2826508,575,0.140625,0
1951,2828346,1838,0.140625,0
1952,2829068,722,0.140625,0
1953,2836297,7229,0.171875,0
1954,2836800,503,0.101562,0
1955,2837256,456,0.132812,0
1956,2837743,487,0.132812,0
1957,2838592,849,0.148438,0
1958,2838969,377,0.09375,0
1959,2839624,655,0.109375,0
1960,2839799,175,0.0078125,0
1961,2841374,1575,0.15625,0
1962,2847549,6175,0.296875,0
1963,2848637,1088,0.132812,0
1964,2856423,7786,0.171875,0
1965,2856805,382,0.101562,0
1966,2857318,513,0.109375,0
1967,2857764,446,0.101562,0
1968,2858220,456,0.132812,0
1969,2858693,473,0.132812,0
1970,2859268,575,0.140625,0
1971,2861106,1838,0.140625,0
1972,2861828,722,0.140625,0
1973,2869057,7229,0.171875,0
1974,2869560,503,0.101562,0
1975,2870016,456,0.132812,0
1976,2870503,487,0.132812,0
1977,2871352,849,0.148438,0
1978,2871729,377,0.09375,0
1979,2872384,655,0.109375,0
1980,2872559,175,0.0078125,0
1981,2874134,1575,0.15625,0
1982,2880275,6141,0.296875,0
1983,2885767,5492,0.375,0
1984,2886874,1107,0.109375,0
1985,2894657,7783,0.171875,0
1986,2895039,382,0.101562,0
1987,2895552,513,0.109375,0
1988,2895998,446,0.101562,0
1989,2896454,456,0.132812,0
1990,2896927,473,0.132812,0
1991,2897502,575,0.140625,0
1992,2899340,1838,0.140625,0
1993,2900062,722,0.140625,0
1994,2907291,7229,0.171875,0
1995,2907794,503,0.101562,0
1996,2908250,456,0.132812,0
1997,2908737,487,0.132812,0
1998,2909586,849,0.148438,0
1999,2909963,377,0.09375,0
2000,2910618,655,0.109375,0
2001,2910793,175,0.0078125,0
2002,2912368,1575,0.15625,0
2003,2918501,6133,0.203125,0
2004,2919426,925,0.109375,0
2005,2927210,7784,0.171875,0
2006,2927592,382,0.101562,0
2007,2928105,513,0.109375,0
2008,2928552,447,0.101562,0
2009,2929008,456,0.132812,0
2010,2929481,473,0.132812,0
2011,2930056,575,0.140625,0
2012,2931894,1838,0.140625,0
2013,2932616,722,0.140625,0
2014,2939845,7229,0.171875,0
2015,2940348,503,0.101562,0
2016,2940804,456,0.132812,0
2017,2941291,487,0.132812,0
2018,2942140,849,0.148438,0
2019,2942517,377,0.09375,0
2020,2943172,655,0.109375,0
2021,2943347,175,0.0078125,0
2022,2944922,1575,0.15625,0
2023,2956104,11182,0.367188,0
2024,2957198,1094,0.109375,0
2025,2964982,7784,0.171875,0
2026,2965364,382,0.101562,0
2027,2965877,513,0.109375,0
2028,2966324,447,0.101562,0
2029,2966780,456,0.132812,0
2030,2967253,473,0.132812,0
2031,2967828,575,0.140625,0
2032,2969666,1838,0.140625,0
2033,2970388,722,0.140625,0
2034,2977617,7229,0.171875,0
2035,2978120,503,0.101562,0
2036,2978576,456,0.132812,0
2037,2979063,487,0.132812,0
2038,2979912,849,0.148438,0
2039,2980289,377,0.09375,0
2040,2980944,655,0.109375,0
2041,2981119,175,0.0078125,0
2042,2982694,1575,0.15625,0
2043,2988869,6175,0.296875,0
2044,2989957,1088,0.132812,0
2045,2997743,7786,0.171875,0
2046,2998125,382,0.101562,0
2047,2998638,513,0.109375,0
2048,2999084,446,0.101562,0
2049,2999540,456,0.132812,0
2050,3000013,473,0.132812,0
2051,3000588,575,0.140625,0
2052,3002426,1838,0.140625,0
2053,3003148,722,0.140625,0
2054,3010377,7229,0.171875,0
2055,3010880,503,0.101562,0
2056,3011336,456,0.132812,0
2057,3011823,487,0.132812,0
2058,3012672,849,0.148438,0
2059,3013049,377,0.09375,0
2060,3013704,655,0.109375,0
2061,3013879,175,0.0078125,0
2062,3015454,1575,0.15625,0
2063,3021595,6141,0.296875,0
2064,3028485,6890,0.226562,0
2065,3029659,1174,0.710938,0
2066,3030316,657,0.273438,0
2067,3032871,2555,0.367188,0
2068,3033743,872,0.03125,0
2069,3033872,129,0.015625,0
2070,3040943,7071,0.21875,0
2071,3041724,781,0.046875,0
2072,3042356,632,0.0390625,0
2073,3043086,730,0.046875,0
2074,3043685,599,0.0390625,0
2075,3044397,712,0.046875,0
2076,3044993,596,0.0390625,0
2077,3045699,706,0.046875,0
2078,3046301,602,0.0390625,0
2079,3047349,1048,0.0703125,0
2080,3056037,8688,0.296875,0
2081,3057050,1013,0.046875,0
2082,3057827,777,0.0390625,0
2083,3058738,911,0.046875,0
2084,3059488,750,0.0390625,0
2085,3060381,893,0.046875,0
2086,3061128,747,0.0390625,0
2087,3062015,887,0.046875,0
2088,3062768,753,0.0390625,0
2089,3064101,1333,0.0703125,0
2090,3068201,4100,0.460938,0
2091,3069056,855,0.25,0
2092,3069644,588,0.351562,0
2093,3070748,1104,0.109375,0
2094,3078533,7785,0.171875,0
2095,3078915,382,0.101562,0
2096,3079428,513,0.109375,0
2097,3079875,447,0.101562,0
2098,3080331,456,0.132812,0
2099,3080804,473,0.132812,0
2100,3081379,575,0.140625,0
2101,3083217,1838,0.140625,0
2102,3083939,722,0.140625,0
2103,3091168,7229,0.171875,0
2104,3091671,503,0.101562,0
2105,3092127,456,0.132812,0
2106,3092614,487,0.132812,0
2107,3093463,849,0.148438,0
2108,3093840,377,0.09375,0
2109,3094495,655,0.109375,0
2110,3094670,175,0.0078125,0
2111,3096245,1575,0.15625,0
2112,3102378,6133,0.203125,0
2113,3103303,925,0.109375,0
2114,3111087,7784,0.171875,0
2115,3111469,382,0.101562,0
2116,3111982,513,0.109375,0
2117,3112429,447,0.101562,0
2118,3112885,456,0.132812,0
2119,3113358,473,0.132812,0
2120,3113933,575,0.140625,0
2121,3115771,1838,0.140625,0
2122,3116493,722,0.140625,0
2123,3123722,7229,0.171875,0
2124,3124225,503,0.101562,0
2125,3124681,456,0.132812,0
2126,3125168,487,0.132812,0
2127,3126017,849,0.148438,0
2128,3126394,377,0.09375,0
2129,3127049,655,0.109375,0
2130,3127224,175,0.0078125,0
2131,3128799,1575,0.15625,0
2132,3140115,11316,0.296875,0
2133,3141499,1384,0.132812,0
2134,3156696,15197,0.320312,0
2135,3157466,770,0.15625,0
2136,3157947,481,0.109375,0
2137,3158573,626,0.164062,0
2138,3159448,875,0.195312,0
2139,3159619,171,0.0234375,0
2140,3159886,267,0.078125,0
2141,3160052,166,0.0234375,0
2142,3160623,571,0.164062,0
2143,3161216,593,0.148438,0
2144,3161565,349,0.0703125,0
2145,3161797,232,0.0625,0
2146,3162349,552,0.15625,0
2147,3162883,534,0.09375,0
2148,3163087,204,0.0546875,0
2149,3163709,622,0.164062,0
2150,3164289,580,0.148438,0
2151,3165055,766,0.15625,0
2152,3165242,187,0.03125,0
2153,3165334,92,0.03125,0
2154,3165420,86,0.0234375,0
2155,3165482,62,0.015625,0
2156,3165558,76,0.0234375,0
2157,3165618,60,0.0234375,0
2158,3165955,337,0.101562,0
2159,3166414,459,0.125,0
2160,3171401,4987,0.109375,0
2161,3190657,19256,0.234375,0
2162,3192266,1609,0.234375,0
2163,3193875,1609,0.234375,0
2164,3195484,1609,0.234375,0
2165,3203430,7946,0.234375,0
2166,3205045,1615,0.234375,0
2167,3206660,1615,0.234375,0
2168,3208275,1615,0.234375,0
2169,3222780,14505,0.234375,0
2170,3224395,1615,0.234375,0
2171,3226010,1615,0.234375,0
2172,3227625,1615,0.234375,0
2173,3235545,7920,0.234375,0
2174,3237160,1615,0.234375,0
2175,3238775,1615,0.234375,0
2176,3240390,1615,0.234375,0
2177,3247345,6955,0.320312,0
2178,3247713,368,0.03125,0
2179,3248030,317,0.09375,0
2180,3248145,115,0.0234375,0
2181,3248652,507,0.148438,0
2182,3249052,400,0.09375,0
2183,3249546,494,0.109375,0
2184,3249986,440,0.117188,0
2185,3250421,435,0.09375,0
2186,3250734,313,0.078125,0
2187,3251326,592,0.140625,0
2188,3251770,444,0.109375,0
2189,3252092,322,0.0625,0
2190,3252461,369,0.101562,0
2191,3253172,711,0.1875,0
2192,3253615,443,0.0859375,0
2193,3253941,326,0.078125,0
2194,3254191,250,0.0703125,0
2195,3254438,247,0.0703125,0
2196,3255192,754,0.171875,0
2197,3255462,270,0.0546875,0
2198,3255631,169,0.046875,0
2199,3255985,354,0.101562,0
2200,3256438,453,0.125,0
2201,3261935,5497,0.046875,0
2202,3262901,966,0.0234375,0
2203,3264210,1309,0.0390625,0
2204,3265521,1311,0.0390625,0
2205,3266832,1311,0.0390625,0
2206,3268143,1311,0.0390625,0
2207,3269454,1311,0.0390625,0
2208,3270765,1311,0.0390625,0
2209,3272076,1311,0.0390625,0
2210,3273387,1311,0.0390625,0
2211,3274698,1311,0.0390625,0
2212,3276008,1310,0.0390625,0
2213,3276648,640,0.273438,0
2214,3277029,381,0.046875,0
2215,3277243,214,0.0546875,0
2216,3277518,275,0.0625,0
2217,3277794,276,0.0625,0
2218,3278070,276,0.0625,0
2219,3278322,252,0.0390625,0
2220,3278557,235,0.1875,0
2221,3278997,440,0.140625,0
2222,3279323,326,0.21875,0
2223,3279751,428,0.0625,0
2224,3280027,276,0.0625,0
2225,3280303,276,0.0625,0
2226,3280579,276,0.0625,0
2227,3280831,252,0.0390625,0
2228,3280936,105,0.03125,0
2229,3281158,222,0.1875,0
2230,3281456,298,0.046875,0
2231,3281606,150,0.046875,0
2232,3281740,134,0.0390625,0
2233,3281993,253,0.28125,0
2234,3282363,370,0.046875,0
2235,3282637,274,0.0625,0
2236,3282913,276,0.0625,0
2237,3283189,276,0.0625,0
2238,3283465,276,0.0625,0
2239,3284127,662,0.265625,0
2240,3285023,896,0.015625,0
2241,3285488,465,0.015625,0
2242,3285953,465,0.015625,0
2243,3286418,465,0.015625,0
2244,3286883,465,0.015625,0
2245,3287348,465,0.015625,0
2246,3287813,465,0.015625,0
2247,3288278,465,0.015625,0
2248,3288743,465,0.015625,0
2249,3289208,465,0.015625,0
2250,3289673,465,0.015625,0
2251,3290138,465,0.015625,0
2252,3290603,465,0.015625,0
2253,3291068,465,0.015625,0
2254,3291533,465,0.015625,0
2255,3291998,465,0.015625,0
2256,3292463,465,0.015625,0
2257,3292928,465,0.015625,0
2258,3293393,465,0.015625,0
2259,3293858,465,0.015625,0
2260,3294323,465,0.015625,0
2261,3294788,465,0.015625,0
2262,3295253,465,0.015625,0
2263,3295718,465,0.015625,0
2264,3296183,465,0.015625,0
2265,3296648,465,0.015625,0
2266,3297113,465,0.015625,0
2267,3297578,465,0.015625,0
2268,3298043,465,0.015625,0
2269,3298508,465,0.015625,0
2270,3298973,465,0.015625,0
2271,3299438,465,0.015625,0
2272,3299903,465,0.015625,0
2273,3300369,466,0.015625,0
2274,3300834,465,0.015625,0
2275,3301299,465,0.015625,0
2276,3301765,466,0.015625,0
2277,3302230,465,0.015625,0
2278,3302694,464,0.015625,0
2279,3303159,465,0.015625,0
2280,3303625,466,0.015625,0
2281,3304090,465,0.015625,0
2282,3304554,464,0.015625,0
2283,3305019,465,0.015625,0
2284,3305485,466,0.015625,0
2285,3305950,465,0.015625,0
2286,3306414,464,0.015625,0
2287,3306879,465,0.015625,0
2288,3307345,466,0.015625,0
2289,3307810,465,0.015625,0
2290,3308274,464,0.015625,0
2291,3308739,465,0.015625,0
2292,3309205,466,0.015625,0
2293,3309670,465,0.015625,0
2294,3310134,464,0.015625,0
2295,3310599,465,0.015625,0
2296,3311065,466,0.015625,0
2297,3311530,465,0.015625,0
2298,3311994,464,0.015625,0
2299,3312459,465,0.015625,0
2300,3312909,450,0.257812,0
2301,3313252,343,0.046875,0
2302,3313466,214,0.0546875,0
2303,3313741,275,0.0625,0
2304,3314017,276,0.0625,0
2305,3314293,276,0.0625,0
2306,3314854,561,0.28125,0
2307,3315293,439,0.210938,0
2308,3315714,421,0.0625,0
2309,3315990,276,0.0625,0
2310,3316266,276,0.0625,0
2311,3316542,276,0.0625,0
2312,3317955,1413,0.078125,0
2313,3318241,286,0.0625,0
2314,3318513,272,0.0625,0
2315,3318785,272,0.0625,0
2316,3319057,272,0.0625,0
2317,3319329,272,0.0625,0
2318,3319601,272,0.0625,0
2319,3319873,272,0.0625,0
2320,3320145,272,0.0625,0
2321,3320417,272,0.0625,0
2322,3320689,272,0.0625,0
2323,3320873,184,0.09375,0
2324,3321067,194,0.046875,0
2325,3321337,270,0.0625,0
2326,3321609,272,0.0625,0
2327,3321881,272,0.0625,0
2328,3322153,272,0.0625,0
2329,3322425,272,0.0625,0
2330,3322697,272,0.0625,0
2331,3322969,272,0.0625,0
2332,3323241,272,0.0625,0
2333,3323513,272,0.0625,0
2334,3323785,272,0.0625,0
2335,3324057,272,0.0625,0
2336,3324329,272,0.0625,0
2337,3324601,272,0.0625,0
2338,3324893,292,0.0703125,0
2339,3325068,175,0.125,0
2340,3325288,220,0.179688,0
2341,3325601,313,0.046875,0
2342,3325815,214,0.0546875,0
2343,3326090,275,0.0625,0
2344,3326366,276,0.0625,0
2345,3326642,276,0.0625,0
2346,3327061,419,0.148438,0
2347,3327387,326,0.210938,0
2348,3327808,421,0.0625,0
2349,3328084,276,0.0625,0
2350,3328360,276,0.0625,0
2351,3328636,276,0.0625,0
2352,3329070,434,0.078125,0
2353,3329379,309,0.132812,0
2354,3329692,313,0.21875,0
2355,3330120,428,0.0625,0
2356,3330396,276,0.0625,0
2357,3330672,276,0.0625,0
2358,3330948,276,0.0625,0
2359,3331345,397,0.0859375,0
2360,3331631,286,0.195312,0
2361,3331974,343,0.0703125,0
2362,3332312,338,0.28125,0
2363,3332962,650,0.195312,0
2364,3333363,401,0.0625,0
2365,3333639,276,0.0625,0
2366,3333915,276,0.0625,0
2367,3334191,276,0.0625,0
2368,3334587,396,0.0859375,0
2369,3334873,286,0.195312,0
2370,3335216,343,0.0703125,0
2371,3335558,342,0.28125,0
2372,3336208,650,0.195312,0
2373,3336609,401,0.0625,0
2374,3336885,276,0.0625,0
2375,3337161,276,0.0625,0
2376,3337437,276,0.0625,0
2377,3337842,405,0.0859375,0
2378,3338127,285,0.195312,0
2379,3338470,343,0.0703125,0
2380,3338764,294,0.28125,0
2381,3339414,650,0.195312,0
2382,3339815,401,0.0625,0
2383,3340091,276,0.0625,0
2384,3340367,276,0.0625,0
2385,3340643,276,0.0625,0
2386,3341041,398,0.0859375,0
2387,3341326,285,0.195312,0
2388,3341669,343,0.0703125,0
2389,3341976,307,0.28125,0
2390,3342626,650,0.195312,0
2391,3343027,401,0.0625,0
2392,3343303,276,0.0625,0
2393,3343579,276,0.0625,0
2394,3343855,276,0.0625,0
2395,3344252,397,0.0859375,0
2396,3344538,286,0.195312,0
2397,3344881,343,0.0703125,0
2398,3345208,327,0.0859375,0
2399,3345420,212,0.015625,0
2400,3345562,142,0.015625,0
2401,3345704,142,0.015625,0
2402,3345846,142,0.015625,0
2403,3346131,285,0.0234375,0
2404,3346656,525,0.0390625,0
2405,3347182,526,0.0390625,0
