checkpoints,cycle count,last checkpoint,dirty ratio,cause
1,250,250,0.304688,0
2,643,393,0.046875,0
3,866,223,0.0546875,0
4,1153,287,0.0625,0
5,1441,288,0.0625,0
6,1729,288,0.0625,0
7,2017,288,0.0625,0
8,2521,504,0.078125,0
9,2815,294,0.0625,0
10,3120,305,0.0703125,0
11,3415,295,0.0625,0
12,3703,288,0.0625,0
13,3991,288,0.0625,0
14,4303,312,0.078125,0
15,4581,278,0.195312,0
16,5153,572,0.125,0
17,6002,849,0.234375,0
18,6371,369,0.046875,0
19,6594,223,0.0546875,0
20,6881,287,0.0625,0
21,7169,288,0.0625,0
22,7457,288,0.0625,0
23,7745,288,0.0625,0
24,8033,288,0.0625,0
25,8321,288,0.0625,0
26,8758,437,0.09375,0
27,9038,280,0.195312,0
28,9387,349,0.0703125,0
29,11247,1860,0.210938,0
30,18408,7161,1,0
31,24822,6414,0.859375,0
32,25589,767,0.234375,0
33,25923,334,0.046875,0
34,26146,223,0.0546875,0
35,26433,287,0.0625,0
36,26721,288,0.0625,0
37,27009,288,0.0625,0
38,27297,288,0.0625,0
39,27585,288,0.0625,0
40,27873,288,0.0625,0
41,28303,430,0.09375,0
42,28583,280,0.195312,0
43,28932,349,0.0703125,0
