checkpoints,cycle count,last checkpoint,dirty ratio,cause
49,1000008,1000008,0.109375,2
71,2000019,1000011,0.445312,2
89,3000029,1000010,0.0390625,2
110,4000039,1000010,0.132812,2
140,5000042,1000003,0.234375,2
173,6000043,1000001,0.4375,2
226,7000047,1000004,0.140625,2
253,8000051,1000004,0.179688,2
269,9000060,1000009,0.3125,2
293,10000064,1000004,0.203125,2
316,11000076,1000012,0.296875,2
343,12000087,1000011,0.382812,2
400,13000098,1000011,0.164062,2
425,14000106,1000008,0.335938,2
437,15000108,1000002,0.0859375,2
464,16000115,1000007,0.179688,2
494,17000117,1000002,0.171875,2
527,18000120,1000003,0.25,2
577,19000121,1000001,0.0078125,2
617,20000138,1000017,0.234375,2
634,21000144,1000006,0.265625,2
659,22000147,1000003,0.0546875,2
689,23000151,1000004,0.0859375,2
722,24000167,1000016,0.15625,2
772,25000173,1000006,0.195312,2
792,26000175,1000002,0.445312,2
807,27000398,1000223,0,2
835,28000423,1000025,0.148438,2
868,29000452,1000029,0.328125,2
925,30000456,1000004,0.304688,2
952,31000461,1000005,0.148438,2
969,32000504,1000043,0.320312,2
995,33000505,1000001,0.226562,2
1033,34000511,1000006,0.3125,2
1088,35000513,1000002,0.179688,2
1113,36000519,1000006,0.125,2
1132,37000533,1000014,0.195312,2
1154,38000566,1000033,0.164062,2
1183,39000571,1000005,0.398438,2
1213,40000576,1000005,0.476562,2
1267,41000579,1000003,0.125,2
1289,42000582,1000003,0.257812,2
1306,43000590,1000008,0.140625,2
1330,44000592,1000002,0.0859375,2
1361,45000602,1000010,0.4375,2
1415,46000608,1000006,0.28125,2
1436,47000612,1000004,0.398438,2
1455,48000620,1000008,0.265625,2
1484,49000621,1000001,0.0234375,2
1523,50000641,1000020,0.140625,2
1560,51000646,1000005,0.507812,2
1582,52000653,1000007,0.0625,2
1599,53000654,1000001,0.09375,2
1619,54000666,1000012,0.0859375,2
1646,55000676,1000010,0.195312,2
1699,56000695,1000019,0.640625,2
1726,57000707,1000012,0.015625,2
1747,58000731,1000024,0.0625,2
1770,59000741,1000010,0.171875,2
1793,60000764,1000023,0.125,2
1835,61000774,1000010,0.046875,2
1872,62000788,1000014,0.203125,2
1891,63000796,1000008,0.25,2
1915,64000805,1000009,0.226562,2
1940,65000808,1000003,0.195312,2
1964,66000819,1000011,0.414062,2
2023,67000829,1000010,0.0859375,2
2051,68000839,1000010,0.117188,2
2071,69000841,1000002,0.242188,2
2086,70000864,1000023,0.242188,2
2112,71000926,1000062,0,2
2140,72000939,1000013,0.515625,2
2171,73000954,1000015,0.476562,2
2227,74000958,1000004,0.140625,2
2248,75000976,1000018,0.359375,2
2266,76000985,1000009,0.1875,2
2286,77000997,1000012,0.148438,2
2314,78000999,1000002,0.296875,2
2366,79001000,1000001,0.125,2
2392,80001043,1000043,0.3125,2
2412,81001052,1000009,0.335938,2
2435,82001062,1000010,0.296875,2
2469,83001063,1000001,0.078125,2
2499,84001067,1000004,0.101562,2
2557,85001079,1000012,0.046875,2
2585,86001082,1000003,0.15625,2
2605,87001092,1000010,0.28125,2
2625,88001107,1000015,0.53125,2
2664,89001120,1000013,0.328125,2
2704,90001139,1000019,0.242188,2
2726,91001140,1000001,0.179688,2
2744,92001142,1000002,0.0703125,2
2769,93001146,1000004,0.296875,2
2793,94001150,1000004,0.1875,2
2828,95001157,1000007,0.367188,2
2889,96001179,1000022,0.1875,2
2918,97001188,1000009,0.3125,2
2936,98001198,1000010,0.210938,2
2960,99001208,1000010,0.257812,2
2989,100001214,1000006,0.0859375,2
3021,101001219,1000005,0.195312,2
3078,102001228,1000009,0.046875,2
3103,103001241,1000013,0.132812,2
3127,104001256,1000015,0.453125,2
3148,105001269,1000013,0.257812,2
3174,106001277,1000008,0.242188,2
3220,107001290,1000013,0.226562,2
3243,108001303,1000013,0.429688,2
3258,109001312,1000009,0.257812,2
3288,110001316,1000004,0.117188,2
3318,111001363,1000047,0.0859375,2
