checkpoints,cycle count,last checkpoint,dirty ratio,cause
24,1000025,1000025,0.277344,2
39,2000031,1000006,0.136719,2
57,3000034,1000003,0.0859375,2
77,4000037,1000003,0.0390625,2
101,5000047,1000010,0.121094,2
126,6000050,1000003,0.285156,2
154,7000056,1000006,0.101562,2
168,8000070,1000014,0.136719,2
185,9000074,1000004,0.0390625,2
201,10000076,1000002,0.136719,2
223,11000091,1000015,0.0898438,2
255,12000093,1000002,0.257812,2
272,13000096,1000003,0.0703125,2
279,14000102,1000006,0.09375,2
299,15000112,1000010,0.152344,2
321,16000118,1000006,0.0976562,2
347,17000128,1000010,0.0976562,2
375,18000133,1000005,0.382812,2
391,19000136,1000003,0.289062,2
405,20000138,1000002,0.0351562,2
431,21000142,1000004,0.113281,2
451,22000144,1000002,0.3125,2
477,23000150,1000006,0.0507812,2
495,24000152,1000002,0.0429688,2
508,25000189,1000037,0.28125,2
527,26000191,1000002,0.304688,2
549,27000194,1000003,0.289062,2
578,28000200,1000006,0.171875,2
593,29000204,1000004,0.378906,2
608,30000241,1000037,0.136719,2
627,31000242,1000001,0.128906,2
653,32000249,1000007,0.242188,2
685,33000260,1000011,0.0742188,2
701,34000266,1000006,0.300781,2
714,35000271,1000005,0.183594,2
735,36000272,1000001,0.160156,2
755,37000277,1000005,0.179688,2
783,38000279,1000002,0.230469,2
800,39000285,1000006,0.0078125,2
815,40000293,1000008,0.117188,2
832,41000296,1000003,0.179688,2
861,42000299,1000003,0.375,2
881,43000304,1000005,0.3125,2
893,44000309,1000005,0.417969,2
915,45000313,1000004,0.0078125,2
933,46000324,1000011,0.03125,2
962,47000330,1000006,0.15625,2
976,48000340,1000010,0.0664062,2
987,49000353,1000013,0.175781,2
1005,50000359,1000006,0.105469,2
1023,51000370,1000011,0.144531,2
1053,52000397,1000027,0.140625,2
1074,53000407,1000010,0.0078125,2
1085,54000414,1000007,0.183594,2
1106,55000425,1000011,0.0429688,2
1122,56000431,1000006,0.0351562,2
1151,57000434,1000003,0.132812,2
1169,58000447,1000013,0.195312,2
1186,59000455,1000008,0.148438,2
1202,60000468,1000013,0.0625,2
1223,61000476,1000008,0.210938,2
1257,62000477,1000001,0.0625,2
1276,63000490,1000013,0.15625,2
1289,64000503,1000013,0.117188,2
1301,65000517,1000014,0.0625,2
1323,66000518,1000001,0.128906,2
1344,67000523,1000005,0.289062,2
1376,68000550,1000027,0.421875,2
1393,69000560,1000010,0.0625,2
1405,70000562,1000002,0.136719,2
1417,71000577,1000015,0.207031,2
1440,72000588,1000011,0.0585938,2
1469,73000589,1000001,0.382812,2
1485,74000600,1000011,0.28125,2
1503,75000616,1000016,0.046875,2
1522,76000622,1000006,0.238281,2
1543,77000633,1000011,0.117188,2
1562,78000640,1000007,0.238281,2
1591,79000641,1000001,0.0234375,2
1604,80000647,1000006,0.335938,2
1621,81000658,1000011,0.144531,2
1637,82000665,1000007,0.078125,2
1664,83000676,1000011,0.34375,2
1682,84000680,1000004,0.421875,2
1692,85000685,1000005,0.175781,2
1709,86000693,1000008,0.21875,2
1722,87000699,1000006,0.355469,2
1751,88000707,1000008,0.0898438,2
1785,89000712,1000005,0.355469,2
1802,90000717,1000005,0.394531,2
1816,91000732,1000015,0.0078125,2
1837,92000737,1000005,0.109375,2
1857,93000751,1000014,0.207031,2
1880,94000756,1000005,0,2
1909,95000760,1000004,0,2
1922,96000769,1000009,0.1875,2
1940,97000771,1000002,0.0859375,2
1958,98000783,1000012,0.0703125,2
1981,99000801,1000018,0.445312,2
2000,100000810,1000009,0.101562,2
2015,101000818,1000008,0.28125,2
2033,102000827,1000009,0.164062,2
2057,103000833,1000006,0.148438,2
