checkpoints,cycle count,last checkpoint,dirty ratio,cause
679,1000011,1000011,0.421875,2
1377,2000021,1000010,0.484375,2
2084,3000034,1000013,0.015625,2
2739,4000035,1000001,0.34375,2
3409,5000038,1000003,0.34375,2
4079,6000045,1000007,0.15625,2
4718,7000072,1000027,0.296875,2
5358,8000073,1000001,0.359375,2
6052,9000098,1000025,0.359375,2
6695,10000135,1000037,0.328125,2
7328,11000141,1000006,0.359375,2
8010,12000159,1000018,0.28125,2
8664,13000161,1000002,0.234375,2
9314,14000179,1000018,0.375,2
9993,15000185,1000006,0.140625,2
10632,16000220,1000035,0.34375,2
11278,17000224,1000004,0.125,2
11937,18000229,1000005,0.015625,2
12601,19000230,1000001,0.15625,2
13234,20000237,1000007,0.140625,2
13898,21000256,1000019,0.328125,2
14533,22000260,1000004,0.078125,2
15202,23000261,1000001,0.296875,2
15860,24000264,1000003,0.265625,2
16503,25000288,1000024,0.40625,2
17145,26000337,1000049,0.375,2
17804,27000359,1000022,0.140625,2
18452,28000369,1000010,0.359375,2
19126,29000374,1000005,0.375,2
19770,30000400,1000026,0.34375,2
20411,31000420,1000020,0.359375,2
21061,32000427,1000007,0.296875,2
21691,33000429,1000002,0.421875,2
22341,34000632,1000203,0,2
22964,35000645,1000013,0.21875,2
23594,36000658,1000013,0.34375,2
24224,37000662,1000004,0.34375,2
24846,38000676,1000014,0.328125,2
25486,39000688,1000012,0.65625,2
26163,40000694,1000006,0.328125,2
26803,41000723,1000029,0.40625,2
27464,42000724,1000001,0.375,2
28122,43000926,1000202,0,2
28753,44000974,1000048,0.109375,2
29400,45000979,1000005,0.234375,2
30064,46000986,1000007,0.203125,2
30756,47000994,1000008,0.375,2
31433,48000997,1000003,0.328125,2
