checkpoints,cycle count,last checkpoint,dirty ratio,cause
380,1000005,1000005,0.757812,2
751,2000007,1000002,0.0078125,2
1108,3000009,1000002,0.445312,2
1467,4000513,1000504,0,2
1828,5000514,1000001,0.28125,2
2190,6000534,1000020,0.445312,2
2548,7000547,1000013,0.609375,2
2911,8000655,1000108,0,2
3269,9000668,1000013,0.445312,2
3629,10000705,1000037,0.429688,2
3983,11000723,1000018,0.445312,2
4341,12000731,1000008,0.546875,2
4695,13000735,1000004,0.0859375,2
5057,14000742,1000007,0.4375,2
5435,15000748,1000006,0.359375,2
5803,16000749,1000001,0.53125,2
6159,17000753,1000004,0.109375,2
6520,18000780,1000027,0.445312,2
6879,19001231,1000451,0,2
7241,20001237,1000006,0.445312,2
7598,21001387,1000150,0,2
7962,22001392,1000005,0.445312,2
8318,23001406,1000014,0.445312,2
8676,24001407,1000001,0.445312,2
9030,25001411,1000004,0.492188,2
9390,26001433,1000022,0.445312,2
9741,27001435,1000002,0.398438,2
10104,28001440,1000005,0.328125,2
10481,29001441,1000001,0.3125,2
10848,30001442,1000001,0.5,2
11203,31001455,1000013,0.445312,2
11563,32001468,1000013,0.445312,2
11921,33001481,1000013,0.554688,2
12281,34001499,1000018,0.445312,2
12639,35001501,1000002,0.132812,2
