checkpoints,cycle count,last checkpoint,dirty ratio,cause
1,2909,2909,0.359375,0
2,6970,4061,0.117188,0
3,7086,116,0.03125,0
4,7125,39,0.03125,0
5,7164,39,0.03125,0
6,7223,59,0.132812,0
7,7356,133,0.03125,0
8,7394,38,0.03125,0
9,7432,38,0.03125,0
10,7528,96,0.0234375,0
11,8005,477,0.132812,0
12,8193,188,0.0625,0
13,8623,430,0.15625,0
14,8828,205,0.0625,0
15,9253,425,0.164062,0
16,9468,215,0.0625,0
17,9891,423,0.164062,0
18,10105,214,0.0625,0
19,10528,423,0.164062,0
20,10742,214,0.0625,0
21,11166,424,0.164062,0
22,11376,210,0.0625,0
23,11800,424,0.164062,0
24,12015,215,0.0625,0
25,12439,424,0.164062,0
26,12654,215,0.0625,0
27,12948,294,0.15625,0
28,13058,110,0.0078125,0
29,13078,20,0.015625,0
30,13092,14,0.0078125,0
31,13105,13,0.0078125,0
32,13125,20,0.015625,0
33,13139,14,0.0078125,0
34,13152,13,0.0078125,0
35,13172,20,0.015625,0
36,13186,14,0.0078125,0
37,13199,13,0.0078125,0
38,13236,37,0.0078125,0
39,13354,118,0.0625,0
40,13779,425,0.164062,0
41,13990,211,0.0625,0
42,14415,425,0.164062,0
43,14629,214,0.0625,0
44,15054,425,0.164062,0
45,15271,217,0.0625,0
46,15696,425,0.164062,0
47,15908,212,0.0625,0
48,16176,268,0.0625,0
49,16220,44,0.03125,0
50,16260,40,0.03125,0
51,16300,40,0.03125,0
52,16361,61,0.132812,0
53,16495,134,0.03125,0
54,16535,40,0.03125,0
55,16575,40,0.03125,0
56,16682,107,0.015625,0
57,17152,470,0.132812,0
58,17337,185,0.0625,0
59,17769,432,0.15625,0
60,17977,208,0.0625,0
61,18402,425,0.164062,0
62,18617,215,0.0625,0
63,19042,425,0.164062,0
64,19255,213,0.0625,0
65,19680,425,0.164062,0
66,19893,213,0.0625,0
67,20318,425,0.164062,0
68,20534,216,0.0625,0
69,20959,425,0.164062,0
70,21171,212,0.0625,0
71,21596,425,0.164062,0
72,21809,213,0.0625,0
73,22234,425,0.164062,0
74,22447,213,0.0625,0
75,22741,294,0.15625,0
76,22851,110,0.0078125,0
77,22871,20,0.015625,0
78,22885,14,0.0078125,0
79,22898,13,0.0078125,0
80,22918,20,0.015625,0
81,22932,14,0.0078125,0
82,22945,13,0.0078125,0
83,22965,20,0.015625,0
84,22979,14,0.0078125,0
85,22992,13,0.0078125,0
86,23029,37,0.0078125,0
87,23145,116,0.0625,0
88,23577,432,0.164062,0
89,23791,214,0.0625,0
90,24216,425,0.164062,0
91,24430,214,0.0625,0
92,24855,425,0.164062,0
93,25068,213,0.0625,0
94,25337,269,0.0625,0
95,25381,44,0.03125,0
96,25421,40,0.03125,0
97,25461,40,0.03125,0
98,25522,61,0.132812,0
99,25656,134,0.03125,0
100,25696,40,0.03125,0
101,25736,40,0.03125,0
102,25836,100,0.0234375,0
103,26306,470,0.132812,0
104,26492,186,0.0625,0
105,26924,432,0.15625,0
106,27130,206,0.0625,0
107,27555,425,0.164062,0
108,27765,210,0.0625,0
109,28190,425,0.164062,0
110,28403,213,0.0625,0
111,28828,425,0.164062,0
112,29041,213,0.0625,0
113,29473,432,0.164062,0
114,29689,216,0.0625,0
115,30114,425,0.164062,0
116,30327,213,0.0625,0
117,30752,425,0.164062,0
118,30965,213,0.0625,0
119,31390,425,0.164062,0
120,31605,215,0.0625,0
121,32030,425,0.164062,0
122,32242,212,0.0625,0
123,32536,294,0.15625,0
124,32646,110,0.0078125,0
125,32666,20,0.015625,0
126,32680,14,0.0078125,0
127,32693,13,0.0078125,0
128,32713,20,0.015625,0
129,32727,14,0.0078125,0
130,32740,13,0.0078125,0
131,32760,20,0.015625,0
132,32774,14,0.0078125,0
133,32787,13,0.0078125,0
134,32824,37,0.0078125,0
135,32938,114,0.0625,0
136,33363,425,0.164062,0
137,33573,210,0.0625,0
138,33998,425,0.164062,0
139,34211,213,0.0625,0
140,34480,269,0.0625,0
141,34524,44,0.03125,0
142,34564,40,0.03125,0
143,34604,40,0.03125,0
144,34665,61,0.132812,0
145,34799,134,0.03125,0
146,34839,40,0.03125,0
147,34879,40,0.03125,0
148,34981,102,0.0234375,0
149,35451,470,0.132812,0
150,35636,185,0.0625,0
151,36068,432,0.15625,0
152,36276,208,0.0625,0
153,36701,425,0.164062,0
154,36916,215,0.0625,0
155,37341,425,0.164062,0
156,37554,213,0.0625,0
157,37979,425,0.164062,0
158,38190,211,0.0625,0
159,38615,425,0.164062,0
160,38827,212,0.0625,0
161,39252,425,0.164062,0
162,39468,216,0.0625,0
163,39893,425,0.164062,0
164,40107,214,0.0625,0
165,40532,425,0.164062,0
166,40745,213,0.0625,0
167,41170,425,0.164062,0
168,41383,213,0.0625,0
169,41808,425,0.164062,0
170,42022,214,0.0625,0
171,42316,294,0.15625,0
172,42426,110,0.0078125,0
173,42446,20,0.015625,0
174,42460,14,0.0078125,0
175,42473,13,0.0078125,0
176,42493,20,0.015625,0
177,42507,14,0.0078125,0
178,42520,13,0.0078125,0
179,42540,20,0.015625,0
180,42554,14,0.0078125,0
181,42567,13,0.0078125,0
182,42604,37,0.0078125,0
183,42720,116,0.0625,0
184,43145,425,0.164062,0
185,43358,213,0.0625,0
186,44743,1385,0.320312,0
187,46882,2139,0.195312,0
188,50938,4056,0.21875,0
189,51147,209,0.03125,0
190,51185,38,0.03125,0
191,51225,40,0.03125,0
192,51254,29,0.015625,0
193,51423,169,0.0625,0
194,51473,50,0.03125,0
195,51513,40,0.03125,0
196,51553,40,0.03125,0
197,51697,144,0.03125,0
198,51828,131,0.03125,0
199,51959,131,0.03125,0
200,52090,131,0.03125,0
201,52222,132,0.0546875,0
202,52325,103,0.0546875,0
203,52372,47,0.03125,0
204,52410,38,0.03125,0
205,52449,39,0.03125,0
206,52593,144,0.03125,0
207,52724,131,0.03125,0
208,52855,131,0.03125,0
209,52986,131,0.03125,0
210,53138,152,0.0625,0
211,53223,85,0.0390625,0
212,53268,45,0.03125,0
213,53307,39,0.03125,0
214,53345,38,0.03125,0
215,53489,144,0.03125,0
216,53620,131,0.03125,0
217,53751,131,0.03125,0
218,53882,131,0.03125,0
219,54028,146,0.0625,0
220,54120,92,0.046875,0
221,54167,47,0.03125,0
222,54206,39,0.03125,0
223,54244,38,0.03125,0
224,54388,144,0.03125,0
225,54519,131,0.03125,0
226,54650,131,0.03125,0
227,54781,131,0.03125,0
228,54927,146,0.0625,0
229,54984,57,0.0390625,0
230,55035,51,0.0078125,0
231,55048,13,0.0078125,0
232,55069,21,0.015625,0
233,55083,14,0.0078125,0
234,55096,13,0.0078125,0
235,55117,21,0.015625,0
236,55131,14,0.0078125,0
237,55144,13,0.0078125,0
238,55165,21,0.015625,0
239,55179,14,0.0078125,0
240,55192,13,0.0078125,0
241,55325,133,0.0234375,0
242,55455,130,0.03125,0
243,55586,131,0.03125,0
244,55717,131,0.03125,0
245,55836,119,0.0546875,0
246,55950,114,0.0703125,0
247,56001,51,0.03125,0
248,56041,40,0.03125,0
249,56081,40,0.03125,0
250,56225,144,0.03125,0
251,56356,131,0.03125,0
252,56487,131,0.03125,0
253,56618,131,0.03125,0
254,56741,123,0.0546875,0
255,56850,109,0.0625,0
256,56900,50,0.03125,0
257,56940,40,0.03125,0
258,56978,38,0.03125,0
259,57122,144,0.03125,0
260,57253,131,0.03125,0
261,57384,131,0.03125,0
262,57515,131,0.03125,0
263,57659,144,0.0625,0
264,57752,93,0.046875,0
265,57800,48,0.03125,0
266,57840,40,0.03125,0
267,57880,40,0.03125,0
268,58024,144,0.03125,0
269,58155,131,0.03125,0
270,58286,131,0.03125,0
271,58417,131,0.03125,0
272,58563,146,0.0625,0
273,58655,92,0.046875,0
274,58703,48,0.03125,0
275,58743,40,0.03125,0
276,58783,40,0.03125,0
277,58927,144,0.03125,0
278,59058,131,0.03125,0
279,59189,131,0.03125,0
280,59320,131,0.03125,0
281,59464,144,0.0625,0
282,59556,92,0.046875,0
283,59604,48,0.03125,0
284,59644,40,0.03125,0
285,59684,40,0.03125,0
286,59828,144,0.03125,0
287,59959,131,0.03125,0
288,60090,131,0.03125,0
289,60221,131,0.03125,0
290,60366,145,0.0625,0
291,60457,91,0.046875,0
292,60505,48,0.03125,0
293,60545,40,0.03125,0
294,60585,40,0.03125,0
295,60729,144,0.03125,0
296,60860,131,0.03125,0
297,60991,131,0.03125,0
298,61122,131,0.03125,0
299,61263,141,0.0625,0
300,61357,94,0.046875,0
301,61405,48,0.03125,0
302,61445,40,0.03125,0
303,61485,40,0.03125,0
304,61636,151,0.03125,0
305,61767,131,0.03125,0
306,61898,131,0.03125,0
307,62029,131,0.03125,0
308,62172,143,0.0625,0
309,62266,94,0.046875,0
310,62314,48,0.03125,0
311,62354,40,0.03125,0
312,62394,40,0.03125,0
313,62538,144,0.03125,0
314,62669,131,0.03125,0
315,62800,131,0.03125,0
316,62931,131,0.03125,0
317,63073,142,0.0625,0
318,63163,90,0.046875,0
319,63211,48,0.03125,0
320,63251,40,0.03125,0
321,63290,39,0.03125,0
322,63412,122,0.03125,0
323,63452,40,0.03125,0
324,63492,40,0.03125,0
325,63532,40,0.03125,0
326,63748,216,0.15625,0
327,63903,155,0.03125,0
328,63943,40,0.03125,0
329,63983,40,0.03125,0
330,64012,29,0.015625,0
331,64176,164,0.0625,0
332,64226,50,0.03125,0
333,64266,40,0.03125,0
334,64306,40,0.03125,0
335,64450,144,0.03125,0
336,64581,131,0.03125,0
337,64712,131,0.03125,0
338,64843,131,0.03125,0
339,64988,145,0.0625,0
340,65079,91,0.046875,0
341,65127,48,0.03125,0
342,65167,40,0.03125,0
343,65207,40,0.03125,0
344,65351,144,0.03125,0
345,65482,131,0.03125,0
346,65613,131,0.03125,0
347,65744,131,0.03125,0
348,65884,140,0.0625,0
349,65977,93,0.046875,0
350,66025,48,0.03125,0
351,66065,40,0.03125,0
352,66105,40,0.03125,0
353,66249,144,0.03125,0
354,66380,131,0.03125,0
355,66511,131,0.03125,0
356,66642,131,0.03125,0
357,66787,145,0.0625,0
358,66843,56,0.0390625,0
359,66894,51,0.0078125,0
360,66907,13,0.0078125,0
361,66928,21,0.015625,0
362,66942,14,0.0078125,0
363,66955,13,0.0078125,0
364,66976,21,0.015625,0
365,66990,14,0.0078125,0
366,67003,13,0.0078125,0
367,67024,21,0.015625,0
368,67038,14,0.0078125,0
369,67051,13,0.0078125,0
370,67184,133,0.0234375,0
371,67314,130,0.03125,0
372,67445,131,0.03125,0
373,67576,131,0.03125,0
374,67717,141,0.0625,0
375,67809,92,0.046875,0
376,67857,48,0.03125,0
377,67897,40,0.03125,0
378,67937,40,0.03125,0
379,68081,144,0.03125,0
380,68212,131,0.03125,0
381,68343,131,0.03125,0
382,68474,131,0.03125,0
383,68619,145,0.0625,0
384,68710,91,0.046875,0
385,68758,48,0.03125,0
386,68798,40,0.03125,0
387,68838,40,0.03125,0
388,68982,144,0.03125,0
389,69113,131,0.03125,0
390,69244,131,0.03125,0
391,69375,131,0.03125,0
392,69517,142,0.0625,0
393,69609,92,0.046875,0
394,69657,48,0.03125,0
395,69697,40,0.03125,0
396,69737,40,0.03125,0
397,69881,144,0.03125,0
398,70012,131,0.03125,0
399,70143,131,0.03125,0
400,70274,131,0.03125,0
401,70417,143,0.0625,0
402,70509,92,0.046875,0
403,70557,48,0.03125,0
404,70597,40,0.03125,0
405,70637,40,0.03125,0
406,70781,144,0.03125,0
407,70912,131,0.03125,0
408,71043,131,0.03125,0
409,71174,131,0.03125,0
410,71318,144,0.0625,0
411,71412,94,0.046875,0
412,71460,48,0.03125,0
413,71500,40,0.03125,0
414,71540,40,0.03125,0
415,71684,144,0.03125,0
416,71815,131,0.03125,0
417,71946,131,0.03125,0
418,72077,131,0.03125,0
419,72220,143,0.0625,0
420,72313,93,0.046875,0
421,72361,48,0.03125,0
422,72401,40,0.03125,0
423,72441,40,0.03125,0
424,72585,144,0.03125,0
425,72716,131,0.03125,0
426,72847,131,0.03125,0
427,72978,131,0.03125,0
428,73120,142,0.0625,0
429,73212,92,0.046875,0
430,73260,48,0.03125,0
431,73300,40,0.03125,0
432,73340,40,0.03125,0
433,73484,144,0.03125,0
434,73615,131,0.03125,0
435,73746,131,0.03125,0
436,73877,131,0.03125,0
437,74017,140,0.0546875,0
438,74114,97,0.046875,0
439,74162,48,0.03125,0
440,74202,40,0.03125,0
441,74242,40,0.03125,0
442,74393,151,0.03125,0
443,74524,131,0.03125,0
444,74655,131,0.03125,0
445,74786,131,0.03125,0
446,74930,144,0.0625,0
447,75022,92,0.046875,0
448,75070,48,0.03125,0
449,75110,40,0.03125,0
450,75150,40,0.03125,0
451,75294,144,0.03125,0
452,75425,131,0.03125,0
453,75556,131,0.03125,0
454,75687,131,0.03125,0
455,75806,119,0.046875,0
456,75921,115,0.0625,0
457,75971,50,0.03125,0
458,76011,40,0.03125,0
459,76051,40,0.03125,0
460,76173,122,0.03125,0
461,76213,40,0.03125,0
462,76252,39,0.03125,0
463,76292,40,0.03125,0
464,76508,216,0.15625,0
465,76663,155,0.03125,0
466,76703,40,0.03125,0
467,76743,40,0.03125,0
468,76772,29,0.015625,0
469,76935,163,0.0703125,0
470,76986,51,0.03125,0
471,77026,40,0.03125,0
472,77066,40,0.03125,0
473,77210,144,0.03125,0
474,77341,131,0.03125,0
475,77472,131,0.03125,0
476,77603,131,0.03125,0
477,77736,133,0.0546875,0
478,77839,103,0.0546875,0
479,77888,49,0.03125,0
480,77928,40,0.03125,0
481,77968,40,0.03125,0
482,78112,144,0.03125,0
483,78243,131,0.03125,0
484,78374,131,0.03125,0
485,78505,131,0.03125,0
486,78632,127,0.0546875,0
487,78707,75,0.046875,0
488,78759,52,0.0078125,0
489,78772,13,0.0078125,0
490,78793,21,0.015625,0
491,78807,14,0.0078125,0
492,78820,13,0.0078125,0
493,78841,21,0.015625,0
494,78855,14,0.0078125,0
495,78868,13,0.0078125,0
496,78889,21,0.015625,0
497,78903,14,0.0078125,0
498,78916,13,0.0078125,0
499,79049,133,0.0234375,0
500,79179,130,0.03125,0
501,79310,131,0.03125,0
502,79441,131,0.03125,0
503,79583,142,0.0625,0
504,79675,92,0.046875,0
505,79723,48,0.03125,0
506,79763,40,0.03125,0
507,79803,40,0.03125,0
508,79947,144,0.03125,0
509,80078,131,0.03125,0
510,80209,131,0.03125,0
511,80340,131,0.03125,0
512,80471,131,0.0546875,0
513,80578,107,0.0546875,0
514,80627,49,0.03125,0
515,80667,40,0.03125,0
516,80707,40,0.03125,0
517,80851,144,0.03125,0
518,80982,131,0.03125,0
519,81113,131,0.03125,0
520,81244,131,0.03125,0
521,81390,146,0.0625,0
522,81481,91,0.046875,0
523,81529,48,0.03125,0
524,81569,40,0.03125,0
525,81609,40,0.03125,0
526,81753,144,0.03125,0
527,81884,131,0.03125,0
528,82015,131,0.03125,0
529,82146,131,0.03125,0
530,82283,137,0.0546875,0
531,82381,98,0.046875,0
532,82429,48,0.03125,0
533,82469,40,0.03125,0
534,82509,40,0.03125,0
535,82653,144,0.03125,0
536,82784,131,0.03125,0
537,82915,131,0.03125,0
538,83046,131,0.03125,0
539,83189,143,0.0625,0
540,83282,93,0.046875,0
541,83330,48,0.03125,0
542,83370,40,0.03125,0
543,83410,40,0.03125,0
544,83554,144,0.03125,0
545,83685,131,0.03125,0
546,83816,131,0.03125,0
547,83947,131,0.03125,0
548,84092,145,0.0625,0
549,84185,93,0.046875,0
550,84233,48,0.03125,0
551,84273,40,0.03125,0
552,84313,40,0.03125,0
553,84457,144,0.03125,0
554,84588,131,0.03125,0
555,84719,131,0.03125,0
556,84850,131,0.03125,0
557,85002,152,0.0625,0
558,85088,86,0.0390625,0
559,85135,47,0.03125,0
560,85175,40,0.03125,0
561,85215,40,0.03125,0
562,85359,144,0.03125,0
563,85490,131,0.03125,0
564,85621,131,0.03125,0
565,85752,131,0.03125,0
566,85896,144,0.0625,0
567,85989,93,0.046875,0
568,86037,48,0.03125,0
569,86077,40,0.03125,0
570,86117,40,0.03125,0
571,86261,144,0.03125,0
572,86392,131,0.03125,0
573,86523,131,0.03125,0
574,86654,131,0.03125,0
575,86806,152,0.0625,0
576,86892,86,0.0390625,0
577,86939,47,0.03125,0
578,86979,40,0.03125,0
579,87019,40,0.03125,0
580,87170,151,0.03125,0
581,87301,131,0.03125,0
582,87432,131,0.03125,0
583,87563,131,0.03125,0
584,87703,140,0.0625,0
585,87796,93,0.046875,0
586,87844,48,0.03125,0
587,87884,40,0.03125,0
588,87924,40,0.03125,0
589,88068,144,0.03125,0
590,88199,131,0.03125,0
591,88330,131,0.03125,0
592,88461,131,0.03125,0
593,88580,119,0.046875,0
594,88695,115,0.0703125,0
595,88746,51,0.03125,0
596,88786,40,0.03125,0
597,88826,40,0.03125,0
598,88948,122,0.03125,0
599,88988,40,0.03125,0
600,89027,39,0.03125,0
601,89066,39,0.03125,0
602,89282,216,0.15625,0
603,89437,155,0.03125,0
604,89477,40,0.03125,0
605,89517,40,0.03125,0
606,89546,29,0.015625,0
607,89712,166,0.0546875,0
608,89761,49,0.03125,0
609,89801,40,0.03125,0
610,89841,40,0.03125,0
611,89985,144,0.03125,0
612,90116,131,0.03125,0
613,90247,131,0.03125,0
614,90378,131,0.03125,0
615,90522,144,0.0625,0
616,90579,57,0.0390625,0
617,90630,51,0.0078125,0
618,90643,13,0.0078125,0
619,90664,21,0.015625,0
620,90678,14,0.0078125,0
621,90691,13,0.0078125,0
622,90712,21,0.015625,0
623,90726,14,0.0078125,0
624,90739,13,0.0078125,0
625,90760,21,0.015625,0
626,90774,14,0.0078125,0
627,90787,13,0.0078125,0
628,90920,133,0.0234375,0
629,91050,130,0.03125,0
630,91181,131,0.03125,0
631,91312,131,0.03125,0
632,91455,143,0.0625,0
633,91547,92,0.046875,0
634,91595,48,0.03125,0
635,91635,40,0.03125,0
636,91675,40,0.03125,0
637,91819,144,0.03125,0
638,91950,131,0.03125,0
639,92081,131,0.03125,0
640,92212,131,0.03125,0
641,92352,140,0.0625,0
642,92444,92,0.046875,0
643,92492,48,0.03125,0
644,92532,40,0.03125,0
645,92572,40,0.03125,0
646,92716,144,0.03125,0
647,92847,131,0.03125,0
648,92978,131,0.03125,0
649,93109,131,0.03125,0
650,93239,130,0.0625,0
651,93348,109,0.046875,0
652,93396,48,0.03125,0
653,93436,40,0.03125,0
654,93476,40,0.03125,0
655,93620,144,0.03125,0
656,93751,131,0.03125,0
657,93882,131,0.03125,0
658,94013,131,0.03125,0
659,94157,144,0.0625,0
660,94249,92,0.046875,0
661,94297,48,0.03125,0
662,94337,40,0.03125,0
663,94377,40,0.03125,0
664,94521,144,0.03125,0
665,94652,131,0.03125,0
666,94783,131,0.03125,0
667,94914,131,0.03125,0
668,95059,145,0.0625,0
669,95151,92,0.046875,0
670,95199,48,0.03125,0
671,95239,40,0.03125,0
672,95279,40,0.03125,0
673,95423,144,0.03125,0
674,95554,131,0.03125,0
675,95685,131,0.03125,0
676,95816,131,0.03125,0
677,95935,119,0.046875,0
678,96050,115,0.0703125,0
679,96101,51,0.03125,0
680,96141,40,0.03125,0
681,96181,40,0.03125,0
682,96325,144,0.03125,0
683,96456,131,0.03125,0
684,96587,131,0.03125,0
685,96718,131,0.03125,0
686,96860,142,0.0625,0
687,96952,92,0.046875,0
688,97000,48,0.03125,0
689,97040,40,0.03125,0
690,97080,40,0.03125,0
691,97224,144,0.03125,0
692,97355,131,0.03125,0
693,97486,131,0.03125,0
694,97617,131,0.03125,0
695,97767,150,0.0625,0
696,97854,87,0.0390625,0
697,97901,47,0.03125,0
698,97941,40,0.03125,0
699,97981,40,0.03125,0
700,98125,144,0.03125,0
701,98256,131,0.03125,0
702,98387,131,0.03125,0
703,98518,131,0.03125,0
704,98661,143,0.0625,0
705,98753,92,0.046875,0
706,98801,48,0.03125,0
707,98841,40,0.03125,0
708,98881,40,0.03125,0
709,99025,144,0.03125,0
710,99156,131,0.03125,0
711,99287,131,0.03125,0
712,99418,131,0.03125,0
713,99562,144,0.0625,0
714,99653,91,0.046875,0
715,99701,48,0.03125,0
716,99741,40,0.03125,0
717,99781,40,0.03125,0
718,99932,151,0.03125,0
719,100063,131,0.03125,0
720,100194,131,0.03125,0
721,100325,131,0.03125,0
722,100465,140,0.0625,0
723,100557,92,0.046875,0
724,100605,48,0.03125,0
725,100645,40,0.03125,0
726,100685,40,0.03125,0
727,100829,144,0.03125,0
728,100960,131,0.03125,0
729,101091,131,0.03125,0
730,101222,131,0.03125,0
731,101368,146,0.0625,0
732,101459,91,0.046875,0
733,101507,48,0.03125,0
734,101547,40,0.03125,0
735,101587,40,0.03125,0
736,101709,122,0.03125,0
737,101749,40,0.03125,0
738,101789,40,0.03125,0
739,101829,40,0.03125,0
740,102144,315,0.28125,0
741,103231,1087,0.0859375,0
742,105892,2661,0.453125,0
743,109131,3239,0.210938,0
744,109434,303,0.140625,0
745,109578,144,0.0234375,0
746,109615,37,0.03125,0
747,109654,39,0.03125,0
748,109756,102,0.0234375,0
749,110207,451,0.15625,0
750,110415,208,0.0625,0
751,110844,429,0.15625,0
752,111052,208,0.0625,0
753,111511,459,0.132812,0
754,111698,187,0.0625,0
755,112151,453,0.132812,0
756,112338,187,0.0625,0
757,112784,446,0.140625,0
758,112979,195,0.0625,0
759,113404,425,0.164062,0
760,113619,215,0.0625,0
761,114043,424,0.164062,0
762,114258,215,0.0625,0
763,114683,425,0.164062,0
764,114895,212,0.0625,0
765,115318,423,0.164062,0
766,115528,210,0.0625,0
767,115952,424,0.164062,0
768,116166,214,0.0625,0
769,116536,370,0.164062,0
770,116656,120,0.015625,0
771,116700,44,0.015625,0
772,116815,115,0.0625,0
773,117144,329,0.148438,0
774,117277,133,0.03125,0
775,117317,40,0.03125,0
776,117361,44,0.015625,0
777,117478,117,0.0625,0
778,117902,424,0.164062,0
779,118115,213,0.0625,0
780,118414,299,0.078125,0
781,118492,78,0.03125,0
782,118564,72,0.03125,0
783,118636,72,0.03125,0
784,118793,157,0.15625,0
785,118939,146,0.0234375,0
786,118977,38,0.03125,0
787,119016,39,0.03125,0
788,119115,99,0.0234375,0
789,119571,456,0.15625,0
790,119777,206,0.0625,0
791,120209,432,0.15625,0
792,120419,210,0.0625,0
793,120879,460,0.132812,0
794,121064,185,0.0625,0
795,121517,453,0.132812,0
796,121703,186,0.0625,0
797,122149,446,0.140625,0
798,122341,192,0.0625,0
799,122766,425,0.164062,0
800,122981,215,0.0625,0
801,123406,425,0.164062,0
802,123619,213,0.0625,0
803,124044,425,0.164062,0
804,124260,216,0.0625,0
805,124685,425,0.164062,0
806,124898,213,0.0625,0
807,125323,425,0.164062,0
808,125536,213,0.0625,0
809,125906,370,0.164062,0
810,126026,120,0.015625,0
811,126070,44,0.015625,0
812,126187,117,0.0625,0
813,126516,329,0.148438,0
814,126649,133,0.03125,0
815,126689,40,0.03125,0
816,126733,44,0.015625,0
817,126846,113,0.0625,0
818,127271,425,0.164062,0
819,127485,214,0.0625,0
820,127777,292,0.0703125,0
821,127854,77,0.03125,0
822,127926,72,0.03125,0
823,127998,72,0.03125,0
824,128155,157,0.15625,0
825,128301,146,0.0234375,0
826,128339,38,0.03125,0
827,128378,39,0.03125,0
828,128479,101,0.0234375,0
829,128935,456,0.15625,0
830,129142,207,0.0625,0
831,129574,432,0.15625,0
832,129780,206,0.0625,0
833,130240,460,0.132812,0
834,130426,186,0.0625,0
835,130879,453,0.132812,0
836,131066,187,0.0625,0
837,131512,446,0.140625,0
838,131707,195,0.0625,0
839,132132,425,0.164062,0
840,132344,212,0.0625,0
841,132769,425,0.164062,0
842,132985,216,0.0625,0
843,133410,425,0.164062,0
844,133626,216,0.0625,0
845,134051,425,0.164062,0
846,134264,213,0.0625,0
847,134689,425,0.164062,0
848,134902,213,0.0625,0
849,135272,370,0.164062,0
850,135392,120,0.015625,0
851,135436,44,0.015625,0
852,135552,116,0.0625,0
853,135881,329,0.148438,0
854,136014,133,0.03125,0
855,136054,40,0.03125,0
856,136098,44,0.015625,0
857,136216,118,0.0625,0
858,136641,425,0.164062,0
859,136857,216,0.0625,0
860,137149,292,0.0703125,0
861,137226,77,0.03125,0
862,137298,72,0.03125,0
863,137370,72,0.03125,0
864,137527,157,0.15625,0
865,137673,146,0.0234375,0
866,137711,38,0.03125,0
867,137750,39,0.03125,0
868,137851,101,0.0234375,0
869,138307,456,0.15625,0
870,138514,207,0.0625,0
871,138946,432,0.15625,0
872,139153,207,0.0625,0
873,139613,460,0.132812,0
874,139796,183,0.0625,0
875,140249,453,0.132812,0
876,140437,188,0.0625,0
877,140883,446,0.140625,0
878,141075,192,0.0625,0
879,141500,425,0.164062,0
880,141714,214,0.0625,0
881,142138,424,0.164062,0
882,142352,214,0.0625,0
883,142777,425,0.164062,0
884,142989,212,0.0625,0
885,143414,425,0.164062,0
886,143628,214,0.0625,0
887,144053,425,0.164062,0
888,144268,215,0.0625,0
889,144638,370,0.164062,0
890,144758,120,0.015625,0
891,144802,44,0.015625,0
892,144916,114,0.0625,0
893,145245,329,0.148438,0
894,145378,133,0.03125,0
895,145418,40,0.03125,0
896,145462,44,0.015625,0
897,145576,114,0.0625,0
898,146001,425,0.164062,0
899,146213,212,0.0625,0
900,146505,292,0.0703125,0
901,146582,77,0.03125,0
902,146654,72,0.03125,0
903,146726,72,0.03125,0
904,146959,233,0.210938,0
905,148145,1186,0.101562,0
906,150965,2820,0.476562,0
907,154231,3266,0.210938,0
908,154534,303,0.140625,0
909,154678,144,0.0234375,0
910,154715,37,0.03125,0
911,154754,39,0.03125,0
912,154856,102,0.0234375,0
913,155307,451,0.15625,0
914,155515,208,0.0625,0
915,155944,429,0.15625,0
916,156152,208,0.0625,0
917,156611,459,0.132812,0
918,156798,187,0.0625,0
919,157251,453,0.132812,0
920,157438,187,0.0625,0
921,157884,446,0.140625,0
922,158079,195,0.0625,0
923,158504,425,0.164062,0
924,158719,215,0.0625,0
925,159143,424,0.164062,0
926,159358,215,0.0625,0
927,159783,425,0.164062,0
928,159995,212,0.0625,0
929,160418,423,0.164062,0
930,160628,210,0.0625,0
931,161052,424,0.164062,0
932,161266,214,0.0625,0
933,161636,370,0.164062,0
934,161756,120,0.015625,0
935,161800,44,0.015625,0
936,161915,115,0.0625,0
937,162244,329,0.148438,0
938,162377,133,0.03125,0
939,162417,40,0.03125,0
940,162461,44,0.015625,0
941,162578,117,0.0625,0
942,163002,424,0.164062,0
943,163215,213,0.0625,0
944,163514,299,0.078125,0
945,163592,78,0.03125,0
946,163664,72,0.03125,0
947,163736,72,0.03125,0
948,163893,157,0.15625,0
949,164039,146,0.0234375,0
950,164077,38,0.03125,0
951,164116,39,0.03125,0
952,164215,99,0.0234375,0
953,164671,456,0.15625,0
954,164877,206,0.0625,0
955,165309,432,0.15625,0
956,165519,210,0.0625,0
957,165979,460,0.132812,0
958,166164,185,0.0625,0
959,166617,453,0.132812,0
960,166803,186,0.0625,0
961,167249,446,0.140625,0
962,167441,192,0.0625,0
963,167866,425,0.164062,0
964,168081,215,0.0625,0
965,168506,425,0.164062,0
966,168719,213,0.0625,0
967,169144,425,0.164062,0
968,169360,216,0.0625,0
969,169785,425,0.164062,0
970,169998,213,0.0625,0
971,170423,425,0.164062,0
972,170636,213,0.0625,0
973,171006,370,0.164062,0
974,171126,120,0.015625,0
975,171170,44,0.015625,0
976,171287,117,0.0625,0
977,171616,329,0.148438,0
978,171749,133,0.03125,0
979,171789,40,0.03125,0
980,171833,44,0.015625,0
981,171946,113,0.0625,0
982,172371,425,0.164062,0
983,172585,214,0.0625,0
984,172877,292,0.0703125,0
985,172954,77,0.03125,0
986,173026,72,0.03125,0
987,173098,72,0.03125,0
988,173255,157,0.15625,0
989,173401,146,0.0234375,0
990,173439,38,0.03125,0
991,173478,39,0.03125,0
992,173579,101,0.0234375,0
993,174035,456,0.15625,0
994,174242,207,0.0625,0
995,174674,432,0.15625,0
996,174880,206,0.0625,0
997,175340,460,0.132812,0
998,175526,186,0.0625,0
999,175979,453,0.132812,0
1000,176166,187,0.0625,0
1001,176612,446,0.140625,0
1002,176807,195,0.0625,0
1003,177232,425,0.164062,0
1004,177444,212,0.0625,0
1005,177869,425,0.164062,0
1006,178085,216,0.0625,0
1007,178510,425,0.164062,0
1008,178726,216,0.0625,0
1009,179151,425,0.164062,0
1010,179364,213,0.0625,0
1011,179789,425,0.164062,0
1012,180002,213,0.0625,0
1013,180372,370,0.164062,0
1014,180492,120,0.015625,0
1015,180536,44,0.015625,0
1016,180652,116,0.0625,0
1017,180981,329,0.148438,0
1018,181114,133,0.03125,0
1019,181154,40,0.03125,0
1020,181198,44,0.015625,0
1021,181316,118,0.0625,0
1022,181741,425,0.164062,0
1023,181957,216,0.0625,0
1024,182249,292,0.0703125,0
1025,182326,77,0.03125,0
1026,182398,72,0.03125,0
1027,182470,72,0.03125,0
1028,182627,157,0.15625,0
1029,182773,146,0.0234375,0
1030,182811,38,0.03125,0
1031,182850,39,0.03125,0
1032,182951,101,0.0234375,0
1033,183407,456,0.15625,0
1034,183614,207,0.0625,0
1035,184046,432,0.15625,0
1036,184253,207,0.0625,0
1037,184713,460,0.132812,0
1038,184896,183,0.0625,0
1039,185349,453,0.132812,0
1040,185537,188,0.0625,0
1041,185983,446,0.140625,0
1042,186175,192,0.0625,0
1043,186600,425,0.164062,0
1044,186814,214,0.0625,0
1045,187238,424,0.164062,0
1046,187452,214,0.0625,0
1047,187877,425,0.164062,0
1048,188089,212,0.0625,0
1049,188514,425,0.164062,0
1050,188728,214,0.0625,0
1051,189153,425,0.164062,0
1052,189368,215,0.0625,0
1053,189738,370,0.164062,0
1054,189858,120,0.015625,0
1055,189902,44,0.015625,0
1056,190016,114,0.0625,0
1057,190345,329,0.148438,0
1058,190478,133,0.03125,0
1059,190518,40,0.03125,0
1060,190562,44,0.015625,0
1061,190676,114,0.0625,0
1062,191101,425,0.164062,0
1063,191313,212,0.0625,0
1064,191605,292,0.0703125,0
1065,191682,77,0.03125,0
1066,191754,72,0.03125,0
1067,191826,72,0.03125,0
1068,192059,233,0.210938,0
1069,192596,537,0.0546875,0
1070,193293,697,0.0859375,0
1071,195549,2256,0.242188,0
1072,198482,2933,0.09375,0
1073,198579,97,0.03125,0
1074,198617,38,0.03125,0
1075,198657,40,0.03125,0
1076,198686,29,0.015625,0
1077,198818,132,0.0625,0
1078,198872,54,0.0078125,0
1079,198885,13,0.0078125,0
1080,198906,21,0.015625,0
1081,198920,14,0.0078125,0
1082,198933,13,0.0078125,0
1083,198954,21,0.015625,0
1084,198968,14,0.0078125,0
1085,198981,13,0.0078125,0
1086,199002,21,0.015625,0
1087,199016,14,0.0078125,0
1088,199029,13,0.0078125,0
1089,199162,133,0.0234375,0
1090,199292,130,0.03125,0
1091,199423,131,0.03125,0
1092,199554,131,0.03125,0
1093,199695,141,0.0546875,0
1094,199793,98,0.046875,0
1095,199839,46,0.03125,0
1096,199877,38,0.03125,0
1097,199916,39,0.03125,0
1098,200060,144,0.03125,0
1099,200191,131,0.03125,0
1100,200322,131,0.03125,0
1101,200453,131,0.03125,0
1102,200600,147,0.0625,0
1103,200692,92,0.046875,0
1104,200739,47,0.03125,0
1105,200777,38,0.03125,0
1106,200815,38,0.03125,0
1107,200959,144,0.03125,0
1108,201090,131,0.03125,0
1109,201221,131,0.03125,0
1110,201352,131,0.03125,0
1111,201499,147,0.0625,0
1112,201583,84,0.0390625,0
1113,201628,45,0.03125,0
1114,201668,40,0.03125,0
1115,201707,39,0.03125,0
1116,201851,144,0.03125,0
1117,201982,131,0.03125,0
1118,202113,131,0.03125,0
1119,202244,131,0.03125,0
1120,202391,147,0.0625,0
1121,202482,91,0.046875,0
1122,202528,46,0.03125,0
1123,202568,40,0.03125,0
1124,202607,39,0.03125,0
1125,202751,144,0.03125,0
1126,202882,131,0.03125,0
1127,203013,131,0.03125,0
1128,203144,131,0.03125,0
1129,203286,142,0.0625,0
1130,203378,92,0.046875,0
1131,203426,48,0.03125,0
1132,203466,40,0.03125,0
1133,203505,39,0.03125,0
1134,203649,144,0.03125,0
1135,203780,131,0.03125,0
1136,203911,131,0.03125,0
1137,204042,131,0.03125,0
1138,204182,140,0.0546875,0
1139,204279,97,0.046875,0
1140,204327,48,0.03125,0
1141,204367,40,0.03125,0
1142,204405,38,0.03125,0
1143,204549,144,0.03125,0
1144,204680,131,0.03125,0
1145,204811,131,0.03125,0
1146,204942,131,0.03125,0
1147,205086,144,0.0625,0
1148,205177,91,0.046875,0
1149,205225,48,0.03125,0
1150,205265,40,0.03125,0
1151,205305,40,0.03125,0
1152,205449,144,0.03125,0
1153,205580,131,0.03125,0
1154,205711,131,0.03125,0
1155,205842,131,0.03125,0
1156,205984,142,0.0625,0
1157,206076,92,0.046875,0
1158,206124,48,0.03125,0
1159,206164,40,0.03125,0
1160,206204,40,0.03125,0
1161,206355,151,0.03125,0
1162,206486,131,0.03125,0
1163,206617,131,0.03125,0
1164,206748,131,0.03125,0
1165,206889,141,0.0625,0
1166,206981,92,0.046875,0
1167,207029,48,0.03125,0
1168,207068,39,0.03125,0
1169,207107,39,0.03125,0
1170,207251,144,0.03125,0
1171,207382,131,0.03125,0
1172,207513,131,0.03125,0
1173,207644,131,0.03125,0
1174,207787,143,0.0625,0
1175,207879,92,0.046875,0
1176,207927,48,0.03125,0
1177,207967,40,0.03125,0
1178,208007,40,0.03125,0
1179,208151,144,0.03125,0
1180,208282,131,0.03125,0
1181,208413,131,0.03125,0
1182,208544,131,0.03125,0
1183,208678,134,0.0546875,0
1184,208782,104,0.0546875,0
1185,208831,49,0.03125,0
1186,208871,40,0.03125,0
1187,208911,40,0.03125,0
1188,209055,144,0.03125,0
1189,209186,131,0.03125,0
1190,209317,131,0.03125,0
1191,209448,131,0.03125,0
1192,209597,149,0.0625,0
1193,209682,85,0.0390625,0
1194,209729,47,0.03125,0
1195,209768,39,0.03125,0
1196,209808,40,0.03125,0
1197,209952,144,0.03125,0
1198,210083,131,0.03125,0
1199,210214,131,0.03125,0
1200,210345,131,0.03125,0
1201,210488,143,0.0625,0
1202,210581,93,0.046875,0
1203,210629,48,0.03125,0
1204,210669,40,0.03125,0
1205,210709,40,0.03125,0
1206,212010,1301,0.234375,0
1207,213335,1325,0.265625,0
1208,216288,2953,0.132812,0
1209,216421,133,0.03125,0
1210,216459,38,0.03125,0
1211,216497,38,0.03125,0
1212,216600,103,0.0234375,0
1213,217063,463,0.140625,0
1214,217257,194,0.0625,0
1215,217715,458,0.132812,0
1216,217901,186,0.0625,0
1217,218354,453,0.132812,0
1218,218540,186,0.0625,0
1219,218970,430,0.15625,0
1220,219178,208,0.0625,0
1221,219603,425,0.164062,0
1222,219819,216,0.0625,0
1223,220244,425,0.164062,0
1224,220455,211,0.0625,0
1225,220879,424,0.164062,0
1226,221092,213,0.0625,0
1227,221523,431,0.164062,0
1228,221737,214,0.0625,0
1229,222161,424,0.164062,0
1230,222373,212,0.0625,0
1231,222795,422,0.164062,0
1232,223010,215,0.0625,0
1233,223435,425,0.164062,0
1234,223648,213,0.0625,0
1235,224070,422,0.164062,0
1236,224285,215,0.0625,0
1237,224579,294,0.15625,0
1238,224689,110,0.0078125,0
1239,224709,20,0.015625,0
1240,224723,14,0.0078125,0
1241,224736,13,0.0078125,0
1242,224756,20,0.015625,0
1243,224770,14,0.0078125,0
1244,224783,13,0.0078125,0
1245,224803,20,0.015625,0
1246,224817,14,0.0078125,0
1247,224830,13,0.0078125,0
1248,224867,37,0.0078125,0
1249,224980,113,0.0625,0
1250,225421,441,0.304688,0
