checkpoints,cycle count,last checkpoint,dirty ratio,cause
1,589,589,0.375,0
2,3022,2433,0.125,0
3,3111,89,0.375,0
4,7138,4027,0.6875,0
5,7224,86,0.0625,0
6,7245,21,0.125,0
7,7268,23,0.0625,0
8,7288,20,0.125,0
9,7311,23,0.0625,0
10,7332,21,0.125,0
11,7355,23,0.0625,0
12,7423,68,0.8125,0
13,7535,112,0.25,0
14,7575,40,0.25,0
15,7615,40,0.25,0
16,7693,78,0.1875,0
17,8066,373,0.75,0
18,8154,88,0.0625,0
19,8167,13,0.0625,0
20,8187,20,0.125,0
21,8201,14,0.0625,0
22,8214,13,0.0625,0
23,8234,20,0.125,0
24,8248,14,0.0625,0
25,8261,13,0.0625,0
26,8282,21,0.125,0
27,8296,14,0.0625,0
28,8309,13,0.0625,0
29,8346,37,0.0625,0
30,8471,125,0.5,0
31,8852,381,0.6875,0
32,8913,61,0.1875,0
33,8950,37,0.25,0
34,8989,39,0.25,0
35,9040,51,0.125,0
36,9164,124,0.5,0
37,9490,326,0.75,0
38,9578,88,0.0625,0
39,9591,13,0.0625,0
40,9611,20,0.125,0
41,9625,14,0.0625,0
42,9638,13,0.0625,0
43,9658,20,0.125,0
44,9672,14,0.0625,0
45,9685,13,0.0625,0
46,9706,21,0.125,0
47,9720,14,0.0625,0
48,9733,13,0.0625,0
49,9770,37,0.0625,0
50,9891,121,0.5,0
51,10276,385,0.6875,0
52,10337,61,0.1875,0
53,10374,37,0.25,0
54,10413,39,0.25,0
55,10464,51,0.125,0
56,10586,122,0.5,0
57,10914,328,0.75,0
58,11002,88,0.0625,0
59,11015,13,0.0625,0
60,11035,20,0.125,0
61,11049,14,0.0625,0
62,11062,13,0.0625,0
63,11082,20,0.125,0
64,11096,14,0.0625,0
65,11109,13,0.0625,0
66,11130,21,0.125,0
67,11144,14,0.0625,0
68,11157,13,0.0625,0
69,11194,37,0.0625,0
70,11316,122,0.5,0
71,11699,383,0.6875,0
72,11760,61,0.1875,0
73,11797,37,0.25,0
74,11836,39,0.25,0
75,11887,51,0.125,0
76,12013,126,0.5,0
77,12337,324,0.75,0
78,12425,88,0.0625,0
79,12438,13,0.0625,0
80,12458,20,0.125,0
81,12472,14,0.0625,0
82,12485,13,0.0625,0
83,12505,20,0.125,0
84,12519,14,0.0625,0
85,12532,13,0.0625,0
86,12553,21,0.125,0
87,12567,14,0.0625,0
88,12580,13,0.0625,0
89,12617,37,0.0625,0
90,13118,501,0.6875,0
91,13179,61,0.1875,0
92,13216,37,0.25,0
93,13255,39,0.25,0
94,13306,51,0.125,0
95,13428,122,0.5,0
96,13756,328,0.75,0
97,13844,88,0.0625,0
98,13857,13,0.0625,0
99,13877,20,0.125,0
100,13891,14,0.0625,0
101,13904,13,0.0625,0
102,13924,20,0.125,0
103,13938,14,0.0625,0
104,13951,13,0.0625,0
105,13972,21,0.125,0
106,13986,14,0.0625,0
107,13999,13,0.0625,0
108,14036,37,0.0625,0
109,14159,123,0.5,0
110,14542,383,0.6875,0
111,14603,61,0.1875,0
112,14640,37,0.25,0
113,14679,39,0.25,0
114,14730,51,0.125,0
115,14851,121,0.5,0
116,15179,328,0.75,0
117,15267,88,0.0625,0
118,15280,13,0.0625,0
119,15300,20,0.125,0
120,15314,14,0.0625,0
121,15327,13,0.0625,0
122,15347,20,0.125,0
123,15361,14,0.0625,0
124,15374,13,0.0625,0
125,15395,21,0.125,0
126,15409,14,0.0625,0
127,15422,13,0.0625,0
128,15459,37,0.0625,0
129,15959,500,0.6875,0
130,16020,61,0.1875,0
131,16057,37,0.25,0
132,16096,39,0.25,0
133,16147,51,0.125,0
134,16593,446,0.75,0
135,16681,88,0.0625,0
136,16694,13,0.0625,0
137,16714,20,0.125,0
138,16728,14,0.0625,0
139,16741,13,0.0625,0
140,16761,20,0.125,0
141,16775,14,0.0625,0
142,16788,13,0.0625,0
143,16809,21,0.125,0
144,16823,14,0.0625,0
145,16836,13,0.0625,0
146,16873,37,0.0625,0
147,16996,123,0.5,0
148,17272,276,0.25,0
149,17312,40,0.25,0
150,17352,40,0.25,0
151,17392,40,0.25,0
152,17423,31,0.25,0
153,17475,52,0.6875,0
154,17567,92,0.0625,0
155,17588,21,0.125,0
156,17602,14,0.0625,0
157,17615,13,0.0625,0
158,17636,21,0.125,0
159,17650,14,0.0625,0
160,17663,13,0.0625,0
161,17684,21,0.125,0
162,17698,14,0.0625,0
163,17712,14,0.125,0
164,17802,90,0.0625,0
165,18228,426,0.75,0
166,18290,62,0.1875,0
167,18327,37,0.25,0
168,18379,52,0.125,0
169,18505,126,0.5,0
170,18841,336,0.875,0
171,18915,74,0.0625,0
172,18936,21,0.125,0
173,18950,14,0.0625,0
174,18963,13,0.0625,0
175,18983,20,0.125,0
176,18997,14,0.0625,0
177,19010,13,0.0625,0
178,19030,20,0.125,0
179,19044,14,0.0625,0
180,19057,13,0.0625,0
181,19101,44,0.0625,0
182,19224,123,0.5,0
183,19629,405,0.75,0
184,19691,62,0.1875,0
185,19728,37,0.25,0
186,19780,52,0.125,0
187,19903,123,0.5,0
188,20241,338,0.875,0
189,20315,74,0.0625,0
190,20336,21,0.125,0
191,20350,14,0.0625,0
192,20363,13,0.0625,0
193,20383,20,0.125,0
194,20397,14,0.0625,0
195,20410,13,0.0625,0
196,20430,20,0.125,0
197,20444,14,0.0625,0
198,20457,13,0.0625,0
199,20501,44,0.0625,0
200,20619,118,0.5,0
201,21028,409,0.75,0
202,21090,62,0.1875,0
203,21127,37,0.25,0
204,21179,52,0.125,0
205,21299,120,0.5,0
206,21641,342,0.875,0
207,21715,74,0.0625,0
208,21736,21,0.125,0
209,21750,14,0.0625,0
210,21763,13,0.0625,0
211,21783,20,0.125,0
212,21797,14,0.0625,0
213,21810,13,0.0625,0
214,21830,20,0.125,0
215,21844,14,0.0625,0
216,21857,13,0.0625,0
217,21901,44,0.0625,0
218,22424,523,0.75,0
219,22486,62,0.1875,0
220,22523,37,0.25,0
221,22575,52,0.125,0
222,22696,121,0.5,0
223,23036,340,0.875,0
224,23110,74,0.0625,0
225,23131,21,0.125,0
226,23145,14,0.0625,0
227,23158,13,0.0625,0
228,23178,20,0.125,0
229,23192,14,0.0625,0
230,23205,13,0.0625,0
231,23225,20,0.125,0
232,23239,14,0.0625,0
233,23252,13,0.0625,0
234,23296,44,0.0625,0
235,23416,120,0.5,0
236,23823,407,0.75,0
237,23885,62,0.1875,0
238,23922,37,0.25,0
239,23974,52,0.125,0
240,24094,120,0.5,0
241,24436,342,0.875,0
242,24510,74,0.0625,0
243,24531,21,0.125,0
244,24545,14,0.0625,0
245,24558,13,0.0625,0
246,24578,20,0.125,0
247,24592,14,0.0625,0
248,24605,13,0.0625,0
249,24625,20,0.125,0
250,24639,14,0.0625,0
251,24652,13,0.0625,0
252,24696,44,0.0625,0
253,24815,119,0.5,0
254,25224,409,0.75,0
255,25286,62,0.1875,0
256,25323,37,0.25,0
257,25375,52,0.125,0
258,25500,125,0.5,0
259,25836,336,0.875,0
260,25910,74,0.0625,0
261,25931,21,0.125,0
262,25945,14,0.0625,0
263,25958,13,0.0625,0
264,25978,20,0.125,0
265,25992,14,0.0625,0
266,26005,13,0.0625,0
267,26025,20,0.125,0
268,26039,14,0.0625,0
269,26052,13,0.0625,0
270,26096,44,0.0625,0
271,26215,119,0.5,0
272,26617,402,0.75,0
273,26679,62,0.1875,0
274,26716,37,0.25,0
275,26768,52,0.125,0
276,26891,123,0.5,0
277,27169,278,0.125,0
278,27207,38,0.25,0
279,27247,40,0.25,0
280,27287,40,0.25,0
281,27322,35,0.5,0
282,27403,81,0.5,0
283,27486,83,0.25,0
284,27526,40,0.25,0
285,27566,40,0.25,0
286,27651,85,0.125,0
287,28017,366,0.75,0
288,28105,88,0.0625,0
289,28118,13,0.0625,0
290,28138,20,0.125,0
291,28152,14,0.0625,0
292,28165,13,0.0625,0
293,28185,20,0.125,0
294,28199,14,0.0625,0
295,28212,13,0.0625,0
296,28233,21,0.125,0
297,28247,14,0.0625,0
298,28260,13,0.0625,0
299,28297,37,0.0625,0
300,28418,121,0.5,0
301,28803,385,0.6875,0
302,28864,61,0.1875,0
303,28901,37,0.25,0
304,28940,39,0.25,0
305,28991,51,0.125,0
306,29111,120,0.5,0
307,29441,330,0.75,0
308,29529,88,0.0625,0
309,29542,13,0.0625,0
310,29562,20,0.125,0
311,29576,14,0.0625,0
312,29589,13,0.0625,0
313,29609,20,0.125,0
314,29623,14,0.0625,0
315,29636,13,0.0625,0
316,29657,21,0.125,0
317,29671,14,0.0625,0
318,29684,13,0.0625,0
319,29721,37,0.0625,0
320,29841,120,0.5,0
321,30226,385,0.6875,0
322,30287,61,0.1875,0
323,30324,37,0.25,0
324,30363,39,0.25,0
325,30414,51,0.125,0
326,30534,120,0.5,0
327,30864,330,0.75,0
328,30952,88,0.0625,0
329,30965,13,0.0625,0
330,30985,20,0.125,0
331,30999,14,0.0625,0
332,31012,13,0.0625,0
333,31032,20,0.125,0
334,31046,14,0.0625,0
335,31059,13,0.0625,0
336,31080,21,0.125,0
337,31094,14,0.0625,0
338,31107,13,0.0625,0
339,31144,37,0.0625,0
340,31263,119,0.5,0
341,31650,387,0.6875,0
342,31711,61,0.1875,0
343,31748,37,0.25,0
344,31787,39,0.25,0
345,31838,51,0.125,0
346,31960,122,0.5,0
347,32288,328,0.75,0
348,32376,88,0.0625,0
349,32389,13,0.0625,0
350,32409,20,0.125,0
351,32423,14,0.0625,0
352,32436,13,0.0625,0
353,32456,20,0.125,0
354,32470,14,0.0625,0
355,32483,13,0.0625,0
356,32504,21,0.125,0
357,32518,14,0.0625,0
358,32531,13,0.0625,0
359,32568,37,0.0625,0
360,32693,125,0.5,0
361,33074,381,0.6875,0
362,33135,61,0.1875,0
363,33172,37,0.25,0
364,33211,39,0.25,0
365,33262,51,0.125,0
366,33384,122,0.5,0
367,33712,328,0.75,0
368,33800,88,0.0625,0
369,33813,13,0.0625,0
370,33833,20,0.125,0
371,33847,14,0.0625,0
372,33860,13,0.0625,0
373,33880,20,0.125,0
374,33894,14,0.0625,0
375,33907,13,0.0625,0
376,33928,21,0.125,0
377,33942,14,0.0625,0
378,33955,13,0.0625,0
379,33992,37,0.0625,0
380,34110,118,0.5,0
381,34497,387,0.6875,0
382,34558,61,0.1875,0
383,34595,37,0.25,0
384,34634,39,0.25,0
385,34685,51,0.125,0
386,34808,123,0.5,0
387,35134,326,0.75,0
388,35222,88,0.0625,0
389,35235,13,0.0625,0
390,35255,20,0.125,0
391,35269,14,0.0625,0
392,35282,13,0.0625,0
393,35302,20,0.125,0
394,35316,14,0.0625,0
395,35329,13,0.0625,0
396,35350,21,0.125,0
397,35364,14,0.0625,0
398,35377,13,0.0625,0
399,35414,37,0.0625,0
400,35533,119,0.5,0
401,35920,387,0.6875,0
402,35981,61,0.1875,0
403,36018,37,0.25,0
404,36057,39,0.25,0
405,36108,51,0.125,0
406,36233,125,0.5,0
407,36557,324,0.75,0
408,36645,88,0.0625,0
409,36658,13,0.0625,0
410,36678,20,0.125,0
411,36692,14,0.0625,0
412,36705,13,0.0625,0
413,36725,20,0.125,0
414,36739,14,0.0625,0
415,36752,13,0.0625,0
416,36773,21,0.125,0
417,36787,14,0.0625,0
418,36800,13,0.0625,0
419,36837,37,0.0625,0
420,36955,118,0.5,0
421,37235,280,0.25,0
422,37275,40,0.25,0
423,37315,40,0.25,0
424,37355,40,0.25,0
425,37386,31,0.25,0
426,37438,52,0.6875,0
427,37530,92,0.0625,0
428,37551,21,0.125,0
429,37565,14,0.0625,0
430,37578,13,0.0625,0
431,37599,21,0.125,0
432,37613,14,0.0625,0
433,37626,13,0.0625,0
434,37647,21,0.125,0
435,37661,14,0.0625,0
436,37675,14,0.125,0
437,37757,82,0.0625,0
438,38191,434,0.75,0
439,38253,62,0.1875,0
440,38290,37,0.25,0
441,38342,52,0.125,0
442,38463,121,0.5,0
443,38803,340,0.875,0
444,38877,74,0.0625,0
445,38898,21,0.125,0
446,38912,14,0.0625,0
447,38925,13,0.0625,0
448,38945,20,0.125,0
449,38959,14,0.0625,0
450,38972,13,0.0625,0
451,38992,20,0.125,0
452,39006,14,0.0625,0
453,39019,13,0.0625,0
454,39063,44,0.0625,0
455,39183,120,0.5,0
456,39590,407,0.75,0
457,39652,62,0.1875,0
458,39689,37,0.25,0
459,39741,52,0.125,0
460,39862,121,0.5,0
461,40202,340,0.875,0
462,40276,74,0.0625,0
463,40297,21,0.125,0
464,40311,14,0.0625,0
465,40324,13,0.0625,0
466,40344,20,0.125,0
467,40358,14,0.0625,0
468,40371,13,0.0625,0
469,40391,20,0.125,0
470,40405,14,0.0625,0
471,40418,13,0.0625,0
472,40462,44,0.0625,0
473,40583,121,0.5,0
474,40990,407,0.75,0
475,41052,62,0.1875,0
476,41089,37,0.25,0
477,41141,52,0.125,0
478,41598,457,0.875,0
479,41672,74,0.0625,0
480,41693,21,0.125,0
481,41707,14,0.0625,0
482,41720,13,0.0625,0
483,41740,20,0.125,0
484,41754,14,0.0625,0
485,41767,13,0.0625,0
486,41787,20,0.125,0
487,41801,14,0.0625,0
488,41814,13,0.0625,0
489,41858,44,0.0625,0
490,41980,122,0.5,0
491,42385,405,0.75,0
492,42447,62,0.1875,0
493,42484,37,0.25,0
494,42536,52,0.125,0
495,42656,120,0.5,0
496,42998,342,0.875,0
497,43072,74,0.0625,0
498,43093,21,0.125,0
499,43107,14,0.0625,0
500,43120,13,0.0625,0
501,43140,20,0.125,0
502,43154,14,0.0625,0
503,43167,13,0.0625,0
504,43187,20,0.125,0
505,43201,14,0.0625,0
506,43214,13,0.0625,0
507,43258,44,0.0625,0
508,43379,121,0.5,0
509,43786,407,0.75,0
510,43848,62,0.1875,0
511,43885,37,0.25,0
512,43937,52,0.125,0
513,44061,124,0.5,0
514,44399,338,0.875,0
515,44473,74,0.0625,0
516,44494,21,0.125,0
517,44508,14,0.0625,0
518,44521,13,0.0625,0
519,44541,20,0.125,0
520,44555,14,0.0625,0
521,44568,13,0.0625,0
522,44588,20,0.125,0
523,44602,14,0.0625,0
524,44615,13,0.0625,0
525,44659,44,0.0625,0
526,44778,119,0.5,0
527,45185,407,0.75,0
528,45247,62,0.1875,0
529,45284,37,0.25,0
530,45336,52,0.125,0
531,45460,124,0.5,0
532,45798,338,0.875,0
533,45872,74,0.0625,0
534,45893,21,0.125,0
535,45907,14,0.0625,0
536,45920,13,0.0625,0
537,45940,20,0.125,0
538,45954,14,0.0625,0
539,45967,13,0.0625,0
540,45987,20,0.125,0
541,46001,14,0.0625,0
542,46014,13,0.0625,0
543,46058,44,0.0625,0
544,46177,119,0.5,0
545,46586,409,0.75,0
546,46648,62,0.1875,0
547,46685,37,0.25,0
548,46737,52,0.125,0
549,46861,124,0.5,0
550,47323,462,0.875,0
551,48448,1125,0.5,0
552,49718,1270,0.25,0
553,49839,121,0.125,0
554,49947,108,0.125,0
555,50055,108,0.125,0
556,50164,109,0.125,0
557,50272,108,0.125,0
558,50380,108,0.125,0
559,50489,109,0.0625,0
560,50625,136,0.4375,0
561,54769,4144,0.8125,0
562,54885,116,0.25,0
563,54940,55,0.25,0
564,54980,40,0.25,0
565,55020,40,0.25,0
566,55047,27,0.125,0
567,55182,135,0.4375,0
568,55235,53,0.0625,0
569,55248,13,0.0625,0
570,55269,21,0.125,0
571,55283,14,0.0625,0
572,55296,13,0.0625,0
573,55317,21,0.125,0
574,55331,14,0.0625,0
575,55344,13,0.0625,0
576,55365,21,0.125,0
577,55379,14,0.0625,0
578,55392,13,0.0625,0
579,55525,133,0.1875,0
580,55655,130,0.25,0
581,55786,131,0.25,0
582,55917,131,0.25,0
583,56050,133,0.375,0
584,56153,103,0.4375,0
585,56202,49,0.25,0
586,56242,40,0.25,0
587,56282,40,0.25,0
588,56433,151,0.25,0
589,56564,131,0.25,0
590,56695,131,0.25,0
591,56826,131,0.25,0
592,56953,127,0.4375,0
593,57028,75,0.375,0
594,57080,52,0.0625,0
595,57093,13,0.0625,0
596,57114,21,0.125,0
597,57128,14,0.0625,0
598,57141,13,0.0625,0
599,57162,21,0.125,0
600,57176,14,0.0625,0
601,57189,13,0.0625,0
602,57210,21,0.125,0
603,57224,14,0.0625,0
604,57237,13,0.0625,0
605,57370,133,0.1875,0
606,57500,130,0.25,0
607,57631,131,0.25,0
608,57762,131,0.25,0
609,57897,135,0.3125,0
610,58000,103,0.4375,0
611,58049,49,0.25,0
612,58089,40,0.25,0
613,58129,40,0.25,0
614,58280,151,0.25,0
615,58411,131,0.25,0
616,58542,131,0.25,0
617,58673,131,0.25,0
618,58796,123,0.25,0
619,58877,81,0.3125,0
620,58928,51,0.0625,0
621,58941,13,0.0625,0
622,58962,21,0.125,0
623,58976,14,0.0625,0
624,58989,13,0.0625,0
625,59010,21,0.125,0
626,59024,14,0.0625,0
627,59037,13,0.0625,0
628,59058,21,0.125,0
629,59072,14,0.0625,0
630,59085,13,0.0625,0
631,59218,133,0.1875,0
632,59348,130,0.25,0
633,59479,131,0.25,0
634,59610,131,0.25,0
635,59730,120,0.4375,0
636,59849,119,0.4375,0
637,59898,49,0.25,0
638,59938,40,0.25,0
639,59978,40,0.25,0
640,60129,151,0.25,0
641,60260,131,0.25,0
642,60391,131,0.25,0
643,60522,131,0.25,0
644,60653,131,0.4375,0
645,60724,71,0.375,0
646,60776,52,0.0625,0
647,60789,13,0.0625,0
648,60810,21,0.125,0
649,60824,14,0.0625,0
650,60837,13,0.0625,0
651,60858,21,0.125,0
652,60872,14,0.0625,0
653,60885,13,0.0625,0
654,60906,21,0.125,0
655,60920,14,0.0625,0
656,60933,13,0.0625,0
657,61066,133,0.1875,0
658,61196,130,0.25,0
659,61327,131,0.25,0
660,61458,131,0.25,0
661,61594,136,0.3125,0
662,61698,104,0.375,0
663,61746,48,0.25,0
664,61786,40,0.25,0
665,61826,40,0.25,0
666,61977,151,0.25,0
667,62108,131,0.25,0
668,62239,131,0.25,0
669,62370,131,0.25,0
670,62517,147,0.4375,0
671,62573,56,0.3125,0
672,62624,51,0.0625,0
673,62637,13,0.0625,0
674,62658,21,0.125,0
675,62672,14,0.0625,0
676,62685,13,0.0625,0
677,62706,21,0.125,0
678,62720,14,0.0625,0
679,62733,13,0.0625,0
680,62754,21,0.125,0
681,62768,14,0.0625,0
682,62781,13,0.0625,0
683,62914,133,0.1875,0
684,63044,130,0.25,0
685,63175,131,0.25,0
686,63306,131,0.25,0
687,63444,138,0.4375,0
688,63545,101,0.375,0
689,63593,48,0.25,0
690,63633,40,0.25,0
691,63673,40,0.25,0
692,63824,151,0.25,0
693,63955,131,0.25,0
694,64086,131,0.25,0
695,64217,131,0.25,0
696,64379,162,0.3125,0
697,64423,44,0.1875,0
698,64472,49,0.0625,0
699,64485,13,0.0625,0
700,64506,21,0.125,0
701,64520,14,0.0625,0
702,64533,13,0.0625,0
703,64554,21,0.125,0
704,64568,14,0.0625,0
705,64581,13,0.0625,0
706,64602,21,0.125,0
707,64616,14,0.0625,0
708,64629,13,0.0625,0
709,64762,133,0.1875,0
710,64892,130,0.25,0
711,65023,131,0.25,0
712,65154,131,0.25,0
713,65275,121,0.375,0
714,65392,117,0.5,0
715,65442,50,0.25,0
716,65482,40,0.25,0
717,65522,40,0.25,0
718,65673,151,0.25,0
719,65804,131,0.25,0
720,65935,131,0.25,0
721,66066,131,0.25,0
722,66208,142,0.375,0
723,66270,62,0.3125,0
724,66321,51,0.0625,0
725,66334,13,0.0625,0
726,66355,21,0.125,0
727,66369,14,0.0625,0
728,66382,13,0.0625,0
729,66403,21,0.125,0
730,66417,14,0.0625,0
731,66430,13,0.0625,0
732,66451,21,0.125,0
733,66465,14,0.0625,0
734,66478,13,0.0625,0
735,66611,133,0.1875,0
736,66741,130,0.25,0
737,66872,131,0.25,0
738,67003,131,0.25,0
739,67156,153,0.4375,0
740,67244,88,0.3125,0
741,67291,47,0.25,0
742,67331,40,0.25,0
743,67371,40,0.25,0
744,67453,82,0.125,0
745,67501,48,0.0625,0
746,67523,22,0.0625,0
747,67544,21,0.125,0
748,67567,23,0.0625,0
749,67588,21,0.125,0
750,67611,23,0.0625,0
751,67632,21,0.125,0
752,67655,23,0.0625,0
753,67832,177,0.6875,0
754,67927,95,0.4375,0
755,67991,64,0.0625,0
756,68012,21,0.125,0
757,68026,14,0.0625,0
758,68039,13,0.0625,0
759,68060,21,0.125,0
760,68074,14,0.0625,0
761,68087,13,0.0625,0
762,68108,21,0.125,0
763,68122,14,0.0625,0
764,68135,13,0.0625,0
765,68177,42,0.3125,0
766,68322,145,0.4375,0
767,68371,49,0.25,0
768,68411,40,0.25,0
769,68451,40,0.25,0
770,68602,151,0.25,0
771,68733,131,0.25,0
772,68864,131,0.25,0
773,68995,131,0.25,0
774,69114,119,0.375,0
775,69198,84,0.375,0
776,69250,52,0.0625,0
777,69263,13,0.0625,0
778,69284,21,0.125,0
779,69298,14,0.0625,0
780,69311,13,0.0625,0
781,69332,21,0.125,0
782,69346,14,0.0625,0
783,69359,13,0.0625,0
784,69380,21,0.125,0
785,69394,14,0.0625,0
786,69407,13,0.0625,0
787,69547,140,0.1875,0
788,69677,130,0.25,0
789,69808,131,0.25,0
790,69939,131,0.25,0
791,70080,141,0.375,0
792,70178,98,0.375,0
793,70226,48,0.25,0
794,70266,40,0.25,0
795,70306,40,0.25,0
796,70457,151,0.25,0
797,70588,131,0.25,0
798,70719,131,0.25,0
799,70850,131,0.25,0
800,71005,155,0.4375,0
801,71055,50,0.25,0
802,71105,50,0.0625,0
803,71118,13,0.0625,0
804,71139,21,0.125,0
805,71153,14,0.0625,0
806,71166,13,0.0625,0
807,71187,21,0.125,0
808,71201,14,0.0625,0
809,71214,13,0.0625,0
810,71235,21,0.125,0
811,71249,14,0.0625,0
812,71262,13,0.0625,0
813,71402,140,0.1875,0
814,71532,130,0.25,0
815,71663,131,0.25,0
816,71794,131,0.25,0
817,71950,156,0.375,0
818,72035,85,0.3125,0
819,72082,47,0.25,0
820,72122,40,0.25,0
821,72162,40,0.25,0
822,72313,151,0.25,0
823,72444,131,0.25,0
824,72575,131,0.25,0
825,72706,131,0.25,0
826,72904,198,0.375,0
827,72956,52,0.0625,0
828,72969,13,0.0625,0
829,72990,21,0.125,0
830,73004,14,0.0625,0
831,73017,13,0.0625,0
832,73038,21,0.125,0
833,73052,14,0.0625,0
834,73065,13,0.0625,0
835,73086,21,0.125,0
836,73100,14,0.0625,0
837,73113,13,0.0625,0
838,73253,140,0.1875,0
839,73383,130,0.25,0
840,73514,131,0.25,0
841,73645,131,0.25,0
842,73879,234,0.4375,0
843,73928,49,0.25,0
844,73968,40,0.25,0
845,74008,40,0.25,0
846,74159,151,0.25,0
847,74290,131,0.25,0
848,74421,131,0.25,0
849,74552,131,0.25,0
850,74674,122,0.3125,0
851,74755,81,0.375,0
852,74807,52,0.0625,0
853,74820,13,0.0625,0
854,74841,21,0.125,0
855,74855,14,0.0625,0
856,74868,13,0.0625,0
857,74889,21,0.125,0
858,74903,14,0.0625,0
859,74916,13,0.0625,0
860,74937,21,0.125,0
861,74951,14,0.0625,0
862,74964,13,0.0625,0
863,75104,140,0.1875,0
864,75234,130,0.25,0
865,75365,131,0.25,0
866,75496,131,0.25,0
867,75642,146,0.4375,0
868,75736,94,0.375,0
869,75784,48,0.25,0
870,75824,40,0.25,0
871,75864,40,0.25,0
872,76015,151,0.25,0
873,76146,131,0.25,0
874,76277,131,0.25,0
875,76408,131,0.25,0
876,76539,131,0.4375,0
877,76611,72,0.3125,0
878,76662,51,0.0625,0
879,76675,13,0.0625,0
880,76696,21,0.125,0
881,76710,14,0.0625,0
882,76723,13,0.0625,0
883,76744,21,0.125,0
884,76758,14,0.0625,0
885,76771,13,0.0625,0
886,76792,21,0.125,0
887,76806,14,0.0625,0
888,76819,13,0.0625,0
889,76959,140,0.1875,0
890,77089,130,0.25,0
891,77220,131,0.25,0
892,77351,131,0.25,0
893,77472,121,0.375,0
894,77590,118,0.4375,0
895,77639,49,0.25,0
896,77679,40,0.25,0
897,77719,40,0.25,0
898,77870,151,0.25,0
899,78001,131,0.25,0
900,78132,131,0.25,0
901,78263,131,0.25,0
902,78399,136,0.3125,0
903,78468,69,0.25,0
904,78518,50,0.0625,0
905,78531,13,0.0625,0
906,78552,21,0.125,0
907,78566,14,0.0625,0
908,78579,13,0.0625,0
909,78600,21,0.125,0
910,78614,14,0.0625,0
911,78627,13,0.0625,0
912,78648,21,0.125,0
913,78662,14,0.0625,0
914,78675,13,0.0625,0
915,78815,140,0.1875,0
916,78945,130,0.25,0
917,79076,131,0.25,0
918,79207,131,0.25,0
919,79356,149,0.375,0
920,79447,91,0.375,0
921,79495,48,0.25,0
922,79535,40,0.25,0
923,79575,40,0.25,0
924,79726,151,0.25,0
925,79857,131,0.25,0
926,79988,131,0.25,0
927,80119,131,0.25,0
928,80232,113,0.3125,0
929,80321,89,0.375,0
930,80373,52,0.0625,0
931,80386,13,0.0625,0
932,80407,21,0.125,0
933,80421,14,0.0625,0
934,80434,13,0.0625,0
935,80455,21,0.125,0
936,80469,14,0.0625,0
937,80482,13,0.0625,0
938,80503,21,0.125,0
939,80517,14,0.0625,0
940,80530,13,0.0625,0
941,80648,118,0.1875,0
942,80687,39,0.25,0
943,80727,40,0.25,0
944,80767,40,0.25,0
945,80822,55,0.1875,0
946,80969,147,0.1875,0
947,81056,87,0.5625,0
948,81146,90,0.25,0
949,81186,40,0.25,0
950,81226,40,0.25,0
951,81255,29,0.125,0
952,81387,132,0.4375,0
953,81440,53,0.0625,0
954,81453,13,0.0625,0
955,81474,21,0.125,0
956,81488,14,0.0625,0
957,81501,13,0.0625,0
958,81522,21,0.125,0
959,81536,14,0.0625,0
960,81549,13,0.0625,0
961,81570,21,0.125,0
962,81584,14,0.0625,0
963,81597,13,0.0625,0
964,81730,133,0.1875,0
965,81860,130,0.25,0
966,81991,131,0.25,0
967,82122,131,0.25,0
968,82290,168,0.4375,0
969,82364,74,0.1875,0
970,82409,45,0.25,0
971,82449,40,0.25,0
972,82489,40,0.25,0
973,82640,151,0.25,0
974,82771,131,0.25,0
975,82902,131,0.25,0
976,83033,131,0.25,0
977,83160,127,0.4375,0
978,83237,77,0.3125,0
979,83288,51,0.0625,0
980,83301,13,0.0625,0
981,83322,21,0.125,0
982,83336,14,0.0625,0
983,83349,13,0.0625,0
984,83370,21,0.125,0
985,83384,14,0.0625,0
986,83397,13,0.0625,0
987,83418,21,0.125,0
988,83432,14,0.0625,0
989,83445,13,0.0625,0
990,83578,133,0.1875,0
991,83708,130,0.25,0
992,83839,131,0.25,0
993,83970,131,0.25,0
994,84116,146,0.5,0
995,84209,93,0.375,0
996,84257,48,0.25,0
997,84297,40,0.25,0
998,84337,40,0.25,0
999,84488,151,0.25,0
1000,84619,131,0.25,0
1001,84750,131,0.25,0
1002,84881,131,0.25,0
1003,85010,129,0.3125,0
1004,85084,74,0.375,0
1005,85136,52,0.0625,0
1006,85149,13,0.0625,0
1007,85170,21,0.125,0
1008,85184,14,0.0625,0
1009,85197,13,0.0625,0
1010,85218,21,0.125,0
1011,85232,14,0.0625,0
1012,85245,13,0.0625,0
1013,85266,21,0.125,0
1014,85280,14,0.0625,0
1015,85293,13,0.0625,0
1016,85426,133,0.1875,0
1017,85556,130,0.25,0
1018,85687,131,0.25,0
1019,85818,131,0.25,0
1020,85956,138,0.4375,0
1021,86057,101,0.375,0
1022,86105,48,0.25,0
1023,86145,40,0.25,0
1024,86185,40,0.25,0
1025,86336,151,0.25,0
1026,86467,131,0.25,0
1027,86598,131,0.25,0
1028,86729,131,0.25,0
1029,86877,148,0.4375,0
1030,86933,56,0.3125,0
1031,86984,51,0.0625,0
1032,86997,13,0.0625,0
1033,87018,21,0.125,0
1034,87032,14,0.0625,0
1035,87045,13,0.0625,0
1036,87066,21,0.125,0
1037,87080,14,0.0625,0
1038,87093,13,0.0625,0
1039,87114,21,0.125,0
1040,87128,14,0.0625,0
1041,87141,13,0.0625,0
1042,87274,133,0.1875,0
1043,87404,130,0.25,0
1044,87535,131,0.25,0
1045,87666,131,0.25,0
1046,87793,127,0.3125,0
1047,87906,113,0.375,0
1048,87954,48,0.25,0
1049,87994,40,0.25,0
1050,88034,40,0.25,0
1051,88185,151,0.25,0
1052,88316,131,0.25,0
1053,88447,131,0.25,0
1054,88578,131,0.25,0
1055,88713,135,0.375,0
1056,88781,68,0.375,0
1057,88833,52,0.0625,0
1058,88846,13,0.0625,0
1059,88867,21,0.125,0
1060,88881,14,0.0625,0
1061,88894,13,0.0625,0
1062,88915,21,0.125,0
1063,88929,14,0.0625,0
1064,88942,13,0.0625,0
1065,88963,21,0.125,0
1066,88977,14,0.0625,0
1067,88990,13,0.0625,0
1068,89123,133,0.1875,0
1069,89253,130,0.25,0
1070,89384,131,0.25,0
1071,89515,131,0.25,0
1072,89661,146,0.4375,0
1073,89755,94,0.375,0
1074,89803,48,0.25,0
1075,89843,40,0.25,0
1076,89883,40,0.25,0
1077,90034,151,0.25,0
1078,90165,131,0.25,0
1079,90296,131,0.25,0
1080,90427,131,0.25,0
1081,90627,200,0.3125,0
1082,90678,51,0.0625,0
1083,90691,13,0.0625,0
1084,90712,21,0.125,0
1085,90726,14,0.0625,0
1086,90739,13,0.0625,0
1087,90760,21,0.125,0
1088,90774,14,0.0625,0
1089,90787,13,0.0625,0
1090,90808,21,0.125,0
1091,90822,14,0.0625,0
1092,90835,13,0.0625,0
1093,90968,133,0.1875,0
1094,91098,130,0.25,0
1095,91229,131,0.25,0
1096,91360,131,0.25,0
1097,91515,155,0.4375,0
1098,91601,86,0.3125,0
1099,91648,47,0.25,0
1100,91688,40,0.25,0
1101,91728,40,0.25,0
1102,91879,151,0.25,0
1103,92010,131,0.25,0
1104,92141,131,0.25,0
1105,92272,131,0.25,0
1106,92395,123,0.25,0
1107,92474,79,0.4375,0
1108,92527,53,0.0625,0
1109,92540,13,0.0625,0
1110,92561,21,0.125,0
1111,92575,14,0.0625,0
1112,92588,13,0.0625,0
1113,92609,21,0.125,0
1114,92623,14,0.0625,0
1115,92636,13,0.0625,0
1116,92657,21,0.125,0
1117,92671,14,0.0625,0
1118,92684,13,0.0625,0
1119,92817,133,0.1875,0
1120,92947,130,0.25,0
1121,93078,131,0.25,0
1122,93209,131,0.25,0
1123,93331,122,0.25,0
1124,93446,115,0.5,0
1125,93496,50,0.25,0
1126,93536,40,0.25,0
1127,93576,40,0.25,0
1128,93658,82,0.125,0
1129,93706,48,0.0625,0
1130,93728,22,0.0625,0
1131,93749,21,0.125,0
1132,93772,23,0.0625,0
1133,93793,21,0.125,0
1134,93816,23,0.0625,0
1135,93837,21,0.125,0
1136,93860,23,0.0625,0
1137,94037,177,0.6875,0
1138,94132,95,0.4375,0
1139,94196,64,0.0625,0
1140,94217,21,0.125,0
1141,94231,14,0.0625,0
1142,94244,13,0.0625,0
1143,94265,21,0.125,0
1144,94279,14,0.0625,0
1145,94292,13,0.0625,0
1146,94313,21,0.125,0
1147,94327,14,0.0625,0
1148,94340,13,0.0625,0
1149,94362,22,0.125,0
1150,94528,166,0.375,0
1151,94576,48,0.25,0
1152,94616,40,0.25,0
1153,94656,40,0.25,0
1154,94807,151,0.25,0
1155,94938,131,0.25,0
1156,95069,131,0.25,0
1157,95200,131,0.25,0
1158,95320,120,0.4375,0
1159,95403,83,0.375,0
1160,95455,52,0.0625,0
1161,95468,13,0.0625,0
1162,95489,21,0.125,0
1163,95503,14,0.0625,0
1164,95516,13,0.0625,0
1165,95537,21,0.125,0
1166,95551,14,0.0625,0
1167,95564,13,0.0625,0
1168,95585,21,0.125,0
1169,95599,14,0.0625,0
1170,95612,13,0.0625,0
1171,95752,140,0.1875,0
1172,95882,130,0.25,0
1173,96013,131,0.25,0
1174,96144,131,0.25,0
1175,96289,145,0.4375,0
1176,96383,94,0.375,0
1177,96431,48,0.25,0
1178,96471,40,0.25,0
1179,96511,40,0.25,0
1180,96662,151,0.25,0
1181,96793,131,0.25,0
1182,96924,131,0.25,0
1183,97055,131,0.25,0
1184,97195,140,0.375,0
1185,97259,64,0.3125,0
1186,97310,51,0.0625,0
1187,97323,13,0.0625,0
1188,97344,21,0.125,0
1189,97358,14,0.0625,0
1190,97371,13,0.0625,0
1191,97392,21,0.125,0
1192,97406,14,0.0625,0
1193,97419,13,0.0625,0
1194,97440,21,0.125,0
1195,97454,14,0.0625,0
1196,97467,13,0.0625,0
1197,97607,140,0.1875,0
1198,97737,130,0.25,0
1199,97868,131,0.25,0
1200,97999,131,0.25,0
1201,98125,126,0.375,0
1202,98239,114,0.375,0
1203,98287,48,0.25,0
1204,98327,40,0.25,0
1205,98367,40,0.25,0
1206,98518,151,0.25,0
1207,98649,131,0.25,0
1208,98780,131,0.25,0
1209,98911,131,0.25,0
1210,99082,171,0.3125,0
1211,99118,36,0.125,0
1212,99166,48,0.0625,0
1213,99179,13,0.0625,0
1214,99200,21,0.125,0
1215,99214,14,0.0625,0
1216,99227,13,0.0625,0
1217,99248,21,0.125,0
1218,99262,14,0.0625,0
1219,99275,13,0.0625,0
1220,99296,21,0.125,0
1221,99310,14,0.0625,0
1222,99323,13,0.0625,0
1223,99463,140,0.1875,0
1224,99593,130,0.25,0
1225,99724,131,0.25,0
1226,99855,131,0.25,0
1227,99994,139,0.375,0
1228,100094,100,0.375,0
1229,100142,48,0.25,0
1230,100182,40,0.25,0
1231,100222,40,0.25,0
1232,100373,151,0.25,0
1233,100504,131,0.25,0
1234,100635,131,0.25,0
1235,100766,131,0.25,0
1236,100886,120,0.3125,0
1237,100967,81,0.4375,0
1238,101020,53,0.0625,0
1239,101033,13,0.0625,0
1240,101054,21,0.125,0
1241,101068,14,0.0625,0
1242,101081,13,0.0625,0
1243,101102,21,0.125,0
1244,101116,14,0.0625,0
1245,101129,13,0.0625,0
1246,101150,21,0.125,0
1247,101164,14,0.0625,0
1248,101177,13,0.0625,0
1249,101317,140,0.1875,0
1250,101447,130,0.25,0
1251,101578,131,0.25,0
1252,101709,131,0.25,0
1253,101871,162,0.375,0
1254,101950,79,0.25,0
1255,101996,46,0.25,0
1256,102036,40,0.25,0
1257,102076,40,0.25,0
1258,102227,151,0.25,0
1259,102358,131,0.25,0
1260,102489,131,0.25,0
1261,102620,131,0.25,0
1262,102749,129,0.3125,0
1263,102824,75,0.3125,0
1264,102875,51,0.0625,0
1265,102888,13,0.0625,0
1266,102909,21,0.125,0
1267,102923,14,0.0625,0
1268,102936,13,0.0625,0
1269,102957,21,0.125,0
1270,102971,14,0.0625,0
1271,102984,13,0.0625,0
1272,103005,21,0.125,0
1273,103019,14,0.0625,0
1274,103032,13,0.0625,0
1275,103172,140,0.1875,0
1276,103302,130,0.25,0
1277,103433,131,0.25,0
1278,103564,131,0.25,0
1279,103686,122,0.3125,0
1280,103803,117,0.4375,0
1281,103852,49,0.25,0
1282,103892,40,0.25,0
1283,103932,40,0.25,0
1284,104083,151,0.25,0
1285,104214,131,0.25,0
1286,104345,131,0.25,0
1287,104476,131,0.25,0
1288,104630,154,0.4375,0
1289,104680,50,0.25,0
1290,104730,50,0.0625,0
1291,104743,13,0.0625,0
1292,104764,21,0.125,0
1293,104778,14,0.0625,0
1294,104791,13,0.0625,0
1295,104812,21,0.125,0
1296,104826,14,0.0625,0
1297,104839,13,0.0625,0
1298,104860,21,0.125,0
1299,104874,14,0.0625,0
1300,104887,13,0.0625,0
1301,105027,140,0.1875,0
1302,105157,130,0.25,0
1303,105288,131,0.25,0
1304,105419,131,0.25,0
1305,105574,155,0.375,0
1306,105659,85,0.3125,0
1307,105706,47,0.25,0
1308,105746,40,0.25,0
1309,105786,40,0.25,0
1310,105937,151,0.25,0
1311,106068,131,0.25,0
1312,106199,131,0.25,0
1313,106330,131,0.25,0
1314,106452,122,0.3125,0
1315,106532,80,0.375,0
1316,106584,52,0.0625,0
1317,106597,13,0.0625,0
1318,106618,21,0.125,0
1319,106632,14,0.0625,0
1320,106645,13,0.0625,0
1321,106666,21,0.125,0
1322,106680,14,0.0625,0
1323,106693,13,0.0625,0
1324,106714,21,0.125,0
1325,106728,14,0.0625,0
1326,106741,13,0.0625,0
1327,106859,118,0.1875,0
1328,106898,39,0.25,0
1329,106938,40,0.25,0
1330,106978,40,0.25,0
1331,107033,55,0.1875,0
1332,107223,190,0.8125,0
1333,107450,227,0.8125,0
1334,108390,940,0.3125,0
1335,109642,1252,0.125,0
1336,109749,107,0.125,0
1337,109857,108,0.125,0
1338,109965,108,0.125,0
1339,110074,109,0.125,0
1340,110182,108,0.125,0
1341,110290,108,0.125,0
1342,110399,109,0.0625,0
1343,110557,158,0.8125,0
1344,114585,4028,0.8125,0
1345,114953,368,0.6875,0
1346,115057,104,0.25,0
1347,115097,40,0.25,0
1348,115137,40,0.25,0
1349,115154,17,0.125,0
1350,115233,79,0.0625,0
1351,115632,399,0.8125,0
1352,115707,75,0.1875,0
1353,115744,37,0.25,0
1354,115783,39,0.25,0
1355,115836,53,0.125,0
1356,115955,119,0.5,0
1357,116313,358,0.8125,0
1358,116402,89,0.1875,0
1359,116441,39,0.25,0
1360,116481,40,0.25,0
1361,116533,52,0.125,0
1362,116653,120,0.5,0
1363,117023,370,0.8125,0
1364,117098,75,0.1875,0
1365,117135,37,0.25,0
1366,117174,39,0.25,0
1367,117227,53,0.125,0
1368,117353,126,0.5,0
1369,117705,352,0.8125,0
1370,117794,89,0.1875,0
1371,117833,39,0.25,0
1372,117873,40,0.25,0
1373,117925,52,0.125,0
1374,118045,120,0.5,0
1375,118415,370,0.8125,0
1376,118490,75,0.1875,0
1377,118527,37,0.25,0
1378,118566,39,0.25,0
1379,118619,53,0.125,0
1380,118743,124,0.5,0
1381,119097,354,0.8125,0
1382,119186,89,0.1875,0
1383,119225,39,0.25,0
1384,119265,40,0.25,0
1385,119317,52,0.125,0
1386,119436,119,0.5,0
1387,119806,370,0.8125,0
1388,119881,75,0.1875,0
1389,119918,37,0.25,0
1390,119957,39,0.25,0
1391,120010,53,0.125,0
1392,120134,124,0.5,0
1393,120488,354,0.8125,0
1394,120577,89,0.1875,0
1395,120616,39,0.25,0
1396,120656,40,0.25,0
1397,120708,52,0.125,0
1398,120827,119,0.5,0
1399,121197,370,0.8125,0
1400,121272,75,0.1875,0
1401,121309,37,0.25,0
1402,121348,39,0.25,0
1403,121401,53,0.125,0
1404,121527,126,0.5,0
1405,121879,352,0.8125,0
1406,121968,89,0.1875,0
1407,122007,39,0.25,0
1408,122047,40,0.25,0
1409,122099,52,0.125,0
1410,122225,126,0.5,0
1411,122589,364,0.8125,0
1412,122664,75,0.1875,0
1413,122701,37,0.25,0
1414,122740,39,0.25,0
1415,122793,53,0.125,0
1416,122915,122,0.5,0
1417,123271,356,0.8125,0
1418,123360,89,0.1875,0
1419,123399,39,0.25,0
1420,123439,40,0.25,0
1421,123491,52,0.125,0
1422,123615,124,0.5,0
1423,123981,366,0.8125,0
1424,124056,75,0.1875,0
1425,124093,37,0.25,0
1426,124132,39,0.25,0
1427,124185,53,0.125,0
1428,124309,124,0.5,0
1429,124582,273,0.125,0
1430,124623,41,0.125,0
1431,124693,70,0.25,0
1432,124765,72,0.25,0
1433,124837,72,0.25,0
1434,124909,72,0.125,0
1435,125048,139,0.6875,0
1436,125152,104,0.25,0
1437,125192,40,0.25,0
1438,125232,40,0.25,0
1439,125249,17,0.125,0
1440,125348,99,0.0625,0
1441,125727,379,0.8125,0
1442,125802,75,0.1875,0
1443,125839,37,0.25,0
1444,125878,39,0.25,0
1445,125931,53,0.125,0
1446,126050,119,0.5,0
1447,126408,358,0.8125,0
1448,126497,89,0.1875,0
1449,126536,39,0.25,0
1450,126576,40,0.25,0
1451,126628,52,0.125,0
1452,126750,122,0.5,0
1453,127118,368,0.8125,0
1454,127193,75,0.1875,0
1455,127230,37,0.25,0
1456,127269,39,0.25,0
1457,127322,53,0.125,0
1458,127441,119,0.5,0
1459,127799,358,0.8125,0
1460,127888,89,0.1875,0
1461,127927,39,0.25,0
1462,127967,40,0.25,0
1463,128019,52,0.125,0
1464,128139,120,0.5,0
1465,128509,370,0.8125,0
1466,128584,75,0.1875,0
1467,128621,37,0.25,0
1468,128660,39,0.25,0
1469,128713,53,0.125,0
1470,128834,121,0.5,0
1471,129190,356,0.8125,0
1472,129279,89,0.1875,0
1473,129318,39,0.25,0
1474,129358,40,0.25,0
1475,129410,52,0.125,0
1476,129532,122,0.5,0
1477,129900,368,0.8125,0
1478,129975,75,0.1875,0
1479,130012,37,0.25,0
1480,130051,39,0.25,0
1481,130104,53,0.125,0
1482,130223,119,0.5,0
1483,130581,358,0.8125,0
1484,130670,89,0.1875,0
1485,130709,39,0.25,0
1486,130749,40,0.25,0
1487,130801,52,0.125,0
1488,130925,124,0.5,0
1489,131291,366,0.8125,0
1490,131366,75,0.1875,0
1491,131403,37,0.25,0
1492,131442,39,0.25,0
1493,131495,53,0.125,0
1494,131621,126,0.5,0
1495,131973,352,0.8125,0
1496,132062,89,0.1875,0
1497,132101,39,0.25,0
1498,132141,40,0.25,0
1499,132193,52,0.125,0
1500,132311,118,0.5,0
1501,132681,370,0.8125,0
1502,132756,75,0.1875,0
1503,132793,37,0.25,0
1504,132832,39,0.25,0
1505,132885,53,0.125,0
1506,133358,473,0.8125,0
1507,133447,89,0.1875,0
1508,133486,39,0.25,0
1509,133526,40,0.25,0
1510,133578,52,0.125,0
1511,133697,119,0.5,0
1512,134067,370,0.8125,0
1513,134142,75,0.1875,0
1514,134179,37,0.25,0
1515,134218,39,0.25,0
1516,134271,53,0.125,0
1517,134391,120,0.5,0
1518,134677,286,0.125,0
1519,134718,41,0.125,0
1520,134753,35,0.125,0
1521,134794,41,0.125,0
1522,134829,35,0.125,0
1523,134870,41,0.125,0
1524,134905,35,0.125,0
1525,134946,41,0.125,0
1526,135053,107,0.8125,0
1527,135180,127,0.3125,0
1528,135242,62,0.25,0
1529,135282,40,0.25,0
1530,135322,40,0.25,0
1531,135339,17,0.125,0
1532,135437,98,0.0625,0
1533,135816,379,0.8125,0
1534,135891,75,0.1875,0
1535,135928,37,0.25,0
1536,135967,39,0.25,0
1537,136020,53,0.125,0
1538,136139,119,0.5,0
1539,136497,358,0.8125,0
1540,136586,89,0.1875,0
1541,136625,39,0.25,0
1542,136665,40,0.25,0
1543,136717,52,0.125,0
1544,136839,122,0.5,0
1545,137207,368,0.8125,0
1546,137282,75,0.1875,0
1547,137319,37,0.25,0
1548,137358,39,0.25,0
1549,137411,53,0.125,0
1550,137530,119,0.5,0
1551,137888,358,0.8125,0
1552,137977,89,0.1875,0
1553,138016,39,0.25,0
1554,138056,40,0.25,0
1555,138108,52,0.125,0
1556,138228,120,0.5,0
1557,138598,370,0.8125,0
1558,138673,75,0.1875,0
1559,138710,37,0.25,0
1560,138749,39,0.25,0
1561,138802,53,0.125,0
1562,138928,126,0.5,0
1563,139280,352,0.8125,0
1564,139369,89,0.1875,0
1565,139408,39,0.25,0
1566,139448,40,0.25,0
1567,139500,52,0.125,0
1568,139620,120,0.5,0
1569,139990,370,0.8125,0
1570,140065,75,0.1875,0
1571,140102,37,0.25,0
1572,140141,39,0.25,0
1573,140194,53,0.125,0
1574,140314,120,0.5,0
1575,140672,358,0.8125,0
1576,140761,89,0.1875,0
1577,140800,39,0.25,0
1578,140840,40,0.25,0
1579,140892,52,0.125,0
1580,141012,120,0.5,0
1581,141382,370,0.8125,0
1582,141457,75,0.1875,0
1583,141494,37,0.25,0
1584,141533,39,0.25,0
1585,141586,53,0.125,0
1586,141709,123,0.5,0
1587,142063,354,0.8125,0
1588,142152,89,0.1875,0
1589,142191,39,0.25,0
1590,142231,40,0.25,0
1591,142283,52,0.125,0
1592,142408,125,0.5,0
1593,142772,364,0.8125,0
1594,142847,75,0.1875,0
1595,142884,37,0.25,0
1596,142923,39,0.25,0
1597,142976,53,0.125,0
1598,143450,474,0.8125,0
1599,143539,89,0.1875,0
1600,143578,39,0.25,0
1601,143618,40,0.25,0
1602,143670,52,0.125,0
1603,143790,120,0.5,0
1604,144160,370,0.8125,0
1605,144235,75,0.1875,0
1606,144272,37,0.25,0
1607,144311,39,0.25,0
1608,144364,53,0.125,0
1609,144487,123,0.5,0
1610,144769,282,0.125,0
1611,144810,41,0.125,0
1612,144864,54,0.1875,0
1613,144935,71,0.25,0
1614,145007,72,0.25,0
1615,145079,72,0.125,0
1616,145218,139,0.6875,0
1617,145322,104,0.25,0
1618,145362,40,0.25,0
1619,145402,40,0.25,0
1620,145419,17,0.125,0
1621,145518,99,0.0625,0
1622,145897,379,0.8125,0
1623,145972,75,0.1875,0
1624,146009,37,0.25,0
1625,146048,39,0.25,0
1626,146101,53,0.125,0
1627,146220,119,0.5,0
1628,146578,358,0.8125,0
1629,146667,89,0.1875,0
1630,146706,39,0.25,0
1631,146746,40,0.25,0
1632,146798,52,0.125,0
1633,147283,485,0.8125,0
1634,147358,75,0.1875,0
1635,147395,37,0.25,0
1636,147434,39,0.25,0
1637,147487,53,0.125,0
1638,147608,121,0.5,0
1639,147964,356,0.8125,0
1640,148053,89,0.1875,0
1641,148092,39,0.25,0
1642,148132,40,0.25,0
1643,148184,52,0.125,0
1644,148670,486,0.8125,0
1645,148745,75,0.1875,0
1646,148782,37,0.25,0
1647,148821,39,0.25,0
1648,148874,53,0.125,0
1649,148994,120,0.5,0
1650,149352,358,0.8125,0
1651,149441,89,0.1875,0
1652,149480,39,0.25,0
1653,149520,40,0.25,0
1654,149572,52,0.125,0
1655,150057,485,0.8125,0
1656,150132,75,0.1875,0
1657,150169,37,0.25,0
1658,150208,39,0.25,0
1659,150261,53,0.125,0
1660,150382,121,0.5,0
1661,150738,356,0.8125,0
1662,150827,89,0.1875,0
1663,150866,39,0.25,0
1664,150906,40,0.25,0
1665,150958,52,0.125,0
1666,151082,124,0.5,0
1667,151448,366,0.8125,0
1668,151523,75,0.1875,0
1669,151560,37,0.25,0
1670,151599,39,0.25,0
1671,151652,53,0.125,0
1672,151774,122,0.5,0
1673,152130,356,0.8125,0
1674,152219,89,0.1875,0
1675,152258,39,0.25,0
1676,152298,40,0.25,0
1677,152350,52,0.125,0
1678,152470,120,0.5,0
1679,152840,370,0.8125,0
1680,152915,75,0.1875,0
1681,152952,37,0.25,0
1682,152991,39,0.25,0
1683,153044,53,0.125,0
1684,153163,119,0.5,0
1685,153521,358,0.8125,0
1686,153610,89,0.1875,0
1687,153649,39,0.25,0
1688,153689,40,0.25,0
1689,153741,52,0.125,0
1690,153863,122,0.5,0
1691,154231,368,0.8125,0
1692,154306,75,0.1875,0
1693,154343,37,0.25,0
1694,154382,39,0.25,0
1695,154435,53,0.125,0
1696,154554,119,0.5,0
1697,154840,286,0.125,0
1698,154881,41,0.125,0
1699,154916,35,0.125,0
1700,154957,41,0.125,0
1701,154992,35,0.125,0
1702,155033,41,0.125,0
1703,155068,35,0.125,0
1704,155109,41,0.125,0
1705,155197,88,0.0625,0
1706,155290,93,0.8125,0
1707,155740,450,0.625,0
1708,156007,267,0.3125,0
1709,156471,464,0.375,0
1710,156554,83,0.25,0
1711,156627,73,0.125,0
1712,156709,82,0.3125,0
1713,158060,1351,0.125,0
1714,158167,107,0.125,0
1715,158275,108,0.125,0
1716,158383,108,0.125,0
1717,158492,109,0.125,0
1718,158600,108,0.125,0
1719,158708,108,0.125,0
1720,158817,109,0.0625,0
1721,158972,155,0.375,0
1722,159111,139,0.6875,0
1723,163048,3937,0.8125,0
1724,163416,368,0.6875,0
1725,163520,104,0.25,0
1726,163560,40,0.25,0
1727,163600,40,0.25,0
1728,163617,17,0.125,0
1729,163696,79,0.0625,0
1730,164095,399,0.8125,0
1731,164170,75,0.1875,0
1732,164207,37,0.25,0
1733,164246,39,0.25,0
1734,164299,53,0.125,0
1735,164418,119,0.5,0
1736,164776,358,0.8125,0
1737,164865,89,0.1875,0
1738,164904,39,0.25,0
1739,164944,40,0.25,0
1740,164996,52,0.125,0
1741,165116,120,0.5,0
1742,165486,370,0.8125,0
1743,165561,75,0.1875,0
1744,165598,37,0.25,0
1745,165637,39,0.25,0
1746,165690,53,0.125,0
1747,165816,126,0.5,0
1748,166168,352,0.8125,0
1749,166257,89,0.1875,0
1750,166296,39,0.25,0
1751,166336,40,0.25,0
1752,166388,52,0.125,0
1753,166508,120,0.5,0
1754,166878,370,0.8125,0
1755,166953,75,0.1875,0
1756,166990,37,0.25,0
1757,167029,39,0.25,0
1758,167082,53,0.125,0
1759,167206,124,0.5,0
1760,167560,354,0.8125,0
1761,167649,89,0.1875,0
1762,167688,39,0.25,0
1763,167728,40,0.25,0
1764,167780,52,0.125,0
1765,167899,119,0.5,0
1766,168269,370,0.8125,0
1767,168344,75,0.1875,0
1768,168381,37,0.25,0
1769,168420,39,0.25,0
1770,168473,53,0.125,0
1771,168597,124,0.5,0
1772,168951,354,0.8125,0
1773,169040,89,0.1875,0
1774,169079,39,0.25,0
1775,169119,40,0.25,0
1776,169171,52,0.125,0
1777,169290,119,0.5,0
1778,169660,370,0.8125,0
1779,169735,75,0.1875,0
1780,169772,37,0.25,0
1781,169811,39,0.25,0
1782,169864,53,0.125,0
1783,169990,126,0.5,0
1784,170342,352,0.8125,0
1785,170431,89,0.1875,0
1786,170470,39,0.25,0
1787,170510,40,0.25,0
1788,170562,52,0.125,0
1789,170688,126,0.5,0
1790,171052,364,0.8125,0
1791,171127,75,0.1875,0
1792,171164,37,0.25,0
1793,171203,39,0.25,0
1794,171256,53,0.125,0
1795,171378,122,0.5,0
1796,171734,356,0.8125,0
1797,171823,89,0.1875,0
1798,171862,39,0.25,0
1799,171902,40,0.25,0
1800,171954,52,0.125,0
1801,172078,124,0.5,0
1802,172444,366,0.8125,0
1803,172519,75,0.1875,0
1804,172556,37,0.25,0
1805,172595,39,0.25,0
1806,172648,53,0.125,0
1807,172772,124,0.5,0
1808,173045,273,0.125,0
1809,173086,41,0.125,0
1810,173156,70,0.25,0
1811,173228,72,0.25,0
1812,173300,72,0.25,0
1813,173372,72,0.125,0
1814,173511,139,0.6875,0
1815,173615,104,0.25,0
1816,173655,40,0.25,0
1817,173695,40,0.25,0
1818,173712,17,0.125,0
1819,173811,99,0.0625,0
1820,174190,379,0.8125,0
1821,174265,75,0.1875,0
1822,174302,37,0.25,0
1823,174341,39,0.25,0
1824,174394,53,0.125,0
1825,174513,119,0.5,0
1826,174871,358,0.8125,0
1827,174960,89,0.1875,0
1828,174999,39,0.25,0
1829,175039,40,0.25,0
1830,175091,52,0.125,0
1831,175213,122,0.5,0
1832,175581,368,0.8125,0
1833,175656,75,0.1875,0
1834,175693,37,0.25,0
1835,175732,39,0.25,0
1836,175785,53,0.125,0
1837,175904,119,0.5,0
1838,176262,358,0.8125,0
1839,176351,89,0.1875,0
1840,176390,39,0.25,0
1841,176430,40,0.25,0
1842,176482,52,0.125,0
1843,176602,120,0.5,0
1844,176972,370,0.8125,0
1845,177047,75,0.1875,0
1846,177084,37,0.25,0
1847,177123,39,0.25,0
1848,177176,53,0.125,0
1849,177297,121,0.5,0
1850,177653,356,0.8125,0
1851,177742,89,0.1875,0
1852,177781,39,0.25,0
1853,177821,40,0.25,0
1854,177873,52,0.125,0
1855,177995,122,0.5,0
1856,178363,368,0.8125,0
1857,178438,75,0.1875,0
1858,178475,37,0.25,0
1859,178514,39,0.25,0
1860,178567,53,0.125,0
1861,178686,119,0.5,0
1862,179044,358,0.8125,0
1863,179133,89,0.1875,0
1864,179172,39,0.25,0
1865,179212,40,0.25,0
1866,179264,52,0.125,0
1867,179388,124,0.5,0
1868,179754,366,0.8125,0
1869,179829,75,0.1875,0
1870,179866,37,0.25,0
1871,179905,39,0.25,0
1872,179958,53,0.125,0
1873,180084,126,0.5,0
1874,180436,352,0.8125,0
1875,180525,89,0.1875,0
1876,180564,39,0.25,0
1877,180604,40,0.25,0
1878,180656,52,0.125,0
1879,180774,118,0.5,0
1880,181144,370,0.8125,0
1881,181219,75,0.1875,0
1882,181256,37,0.25,0
1883,181295,39,0.25,0
1884,181348,53,0.125,0
1885,181821,473,0.8125,0
1886,181910,89,0.1875,0
1887,181949,39,0.25,0
1888,181989,40,0.25,0
1889,182041,52,0.125,0
1890,182160,119,0.5,0
1891,182530,370,0.8125,0
1892,182605,75,0.1875,0
1893,182642,37,0.25,0
1894,182681,39,0.25,0
1895,182734,53,0.125,0
1896,182854,120,0.5,0
1897,183140,286,0.125,0
1898,183181,41,0.125,0
1899,183216,35,0.125,0
1900,183257,41,0.125,0
1901,183292,35,0.125,0
1902,183333,41,0.125,0
1903,183368,35,0.125,0
1904,183409,41,0.125,0
1905,183516,107,0.8125,0
1906,183643,127,0.3125,0
1907,183705,62,0.25,0
1908,183745,40,0.25,0
1909,183785,40,0.25,0
1910,183802,17,0.125,0
1911,183900,98,0.0625,0
1912,184279,379,0.8125,0
1913,184354,75,0.1875,0
1914,184391,37,0.25,0
1915,184430,39,0.25,0
1916,184483,53,0.125,0
1917,184602,119,0.5,0
1918,184960,358,0.8125,0
1919,185049,89,0.1875,0
1920,185088,39,0.25,0
1921,185128,40,0.25,0
1922,185180,52,0.125,0
1923,185302,122,0.5,0
1924,185670,368,0.8125,0
1925,185745,75,0.1875,0
1926,185782,37,0.25,0
1927,185821,39,0.25,0
1928,185874,53,0.125,0
1929,185993,119,0.5,0
1930,186351,358,0.8125,0
1931,186440,89,0.1875,0
1932,186479,39,0.25,0
1933,186519,40,0.25,0
1934,186571,52,0.125,0
1935,186691,120,0.5,0
1936,187061,370,0.8125,0
1937,187136,75,0.1875,0
1938,187173,37,0.25,0
1939,187212,39,0.25,0
1940,187265,53,0.125,0
1941,187391,126,0.5,0
1942,187743,352,0.8125,0
1943,187832,89,0.1875,0
1944,187871,39,0.25,0
1945,187911,40,0.25,0
1946,187963,52,0.125,0
1947,188083,120,0.5,0
1948,188453,370,0.8125,0
1949,188528,75,0.1875,0
1950,188565,37,0.25,0
1951,188604,39,0.25,0
1952,188657,53,0.125,0
1953,188777,120,0.5,0
1954,189135,358,0.8125,0
1955,189224,89,0.1875,0
1956,189263,39,0.25,0
1957,189303,40,0.25,0
1958,189355,52,0.125,0
1959,189475,120,0.5,0
1960,189845,370,0.8125,0
1961,189920,75,0.1875,0
1962,189957,37,0.25,0
1963,189996,39,0.25,0
1964,190049,53,0.125,0
1965,190172,123,0.5,0
1966,190526,354,0.8125,0
1967,190615,89,0.1875,0
1968,190654,39,0.25,0
1969,190694,40,0.25,0
1970,190746,52,0.125,0
1971,190871,125,0.5,0
1972,191235,364,0.8125,0
1973,191310,75,0.1875,0
1974,191347,37,0.25,0
1975,191386,39,0.25,0
1976,191439,53,0.125,0
1977,191913,474,0.8125,0
1978,192002,89,0.1875,0
1979,192041,39,0.25,0
1980,192081,40,0.25,0
1981,192133,52,0.125,0
1982,192253,120,0.5,0
1983,192623,370,0.8125,0
1984,192698,75,0.1875,0
1985,192735,37,0.25,0
1986,192774,39,0.25,0
1987,192827,53,0.125,0
1988,192950,123,0.5,0
1989,193232,282,0.125,0
1990,193273,41,0.125,0
1991,193327,54,0.1875,0
1992,193398,71,0.25,0
1993,193470,72,0.25,0
1994,193542,72,0.125,0
1995,193681,139,0.6875,0
1996,193785,104,0.25,0
1997,193825,40,0.25,0
1998,193865,40,0.25,0
1999,193882,17,0.125,0
2000,193981,99,0.0625,0
2001,194360,379,0.8125,0
2002,194435,75,0.1875,0
2003,194472,37,0.25,0
2004,194511,39,0.25,0
2005,194564,53,0.125,0
2006,194683,119,0.5,0
2007,195041,358,0.8125,0
2008,195130,89,0.1875,0
2009,195169,39,0.25,0
2010,195209,40,0.25,0
2011,195261,52,0.125,0
2012,195746,485,0.8125,0
2013,195821,75,0.1875,0
2014,195858,37,0.25,0
2015,195897,39,0.25,0
2016,195950,53,0.125,0
2017,196071,121,0.5,0
2018,196427,356,0.8125,0
2019,196516,89,0.1875,0
2020,196555,39,0.25,0
2021,196595,40,0.25,0
2022,196647,52,0.125,0
2023,197133,486,0.8125,0
2024,197208,75,0.1875,0
2025,197245,37,0.25,0
2026,197284,39,0.25,0
2027,197337,53,0.125,0
2028,197457,120,0.5,0
2029,197815,358,0.8125,0
2030,197904,89,0.1875,0
2031,197943,39,0.25,0
2032,197983,40,0.25,0
2033,198035,52,0.125,0
2034,198520,485,0.8125,0
2035,198595,75,0.1875,0
2036,198632,37,0.25,0
2037,198671,39,0.25,0
2038,198724,53,0.125,0
2039,198845,121,0.5,0
2040,199201,356,0.8125,0
2041,199290,89,0.1875,0
2042,199329,39,0.25,0
2043,199369,40,0.25,0
2044,199421,52,0.125,0
2045,199545,124,0.5,0
2046,199911,366,0.8125,0
2047,199986,75,0.1875,0
2048,200023,37,0.25,0
2049,200062,39,0.25,0
2050,200115,53,0.125,0
2051,200237,122,0.5,0
2052,200593,356,0.8125,0
2053,200682,89,0.1875,0
2054,200721,39,0.25,0
2055,200761,40,0.25,0
2056,200813,52,0.125,0
2057,200933,120,0.5,0
2058,201303,370,0.8125,0
2059,201378,75,0.1875,0
2060,201415,37,0.25,0
2061,201454,39,0.25,0
2062,201507,53,0.125,0
2063,201626,119,0.5,0
2064,201984,358,0.8125,0
2065,202073,89,0.1875,0
2066,202112,39,0.25,0
2067,202152,40,0.25,0
2068,202204,52,0.125,0
2069,202326,122,0.5,0
2070,202694,368,0.8125,0
2071,202769,75,0.1875,0
2072,202806,37,0.25,0
2073,202845,39,0.25,0
2074,202898,53,0.125,0
2075,203017,119,0.5,0
2076,203303,286,0.125,0
2077,203344,41,0.125,0
2078,203379,35,0.125,0
2079,203420,41,0.125,0
2080,203455,35,0.125,0
2081,203496,41,0.125,0
2082,203531,35,0.125,0
2083,203572,41,0.125,0
2084,203660,88,0.0625,0
2085,203753,93,0.8125,0
2086,204203,450,0.625,0
2087,204375,172,0.0625,0
2088,204582,207,0.4375,0
2089,204692,110,0.3125,0
2090,204794,102,0.3125,0
2091,204896,102,0.3125,0
2092,205069,173,0.375,0
2093,205152,83,0.25,0
2094,205225,73,0.125,0
2095,205307,82,0.3125,0
2096,206658,1351,0.125,0
2097,206765,107,0.125,0
2098,206873,108,0.125,0
2099,206981,108,0.125,0
2100,207090,109,0.125,0
2101,207198,108,0.125,0
2102,207306,108,0.125,0
2103,207415,109,0.0625,0
2104,207570,155,0.375,0
2105,210751,3181,0.5625,0
2106,210834,83,0.25,0
2107,210873,39,0.25,0
2108,210913,40,0.25,0
2109,210940,27,0.125,0
2110,211076,136,0.375,0
2111,211128,52,0.0625,0
2112,211141,13,0.0625,0
2113,211162,21,0.125,0
2114,211176,14,0.0625,0
2115,211189,13,0.0625,0
2116,211210,21,0.125,0
2117,211224,14,0.0625,0
2118,211237,13,0.0625,0
2119,211258,21,0.125,0
2120,211272,14,0.0625,0
2121,211285,13,0.0625,0
2122,211425,140,0.1875,0
2123,211555,130,0.25,0
2124,211686,131,0.25,0
2125,211817,131,0.25,0
2126,211965,148,0.4375,0
2127,212057,92,0.375,0
2128,212105,48,0.25,0
2129,212145,40,0.25,0
2130,212185,40,0.25,0
2131,212336,151,0.25,0
2132,212467,131,0.25,0
2133,212598,131,0.25,0
2134,212729,131,0.25,0
2135,212854,125,0.4375,0
2136,212933,79,0.3125,0
2137,212984,51,0.0625,0
2138,212997,13,0.0625,0
2139,213018,21,0.125,0
2140,213032,14,0.0625,0
2141,213045,13,0.0625,0
2142,213066,21,0.125,0
2143,213080,14,0.0625,0
2144,213093,13,0.0625,0
2145,213114,21,0.125,0
2146,213128,14,0.0625,0
2147,213141,13,0.0625,0
2148,213281,140,0.1875,0
2149,213411,130,0.25,0
2150,213542,131,0.25,0
2151,213673,131,0.25,0
2152,213832,159,0.4375,0
2153,213913,81,0.1875,0
2154,213958,45,0.25,0
2155,213998,40,0.25,0
2156,214038,40,0.25,0
2157,214189,151,0.25,0
2158,214320,131,0.25,0
2159,214451,131,0.25,0
2160,214582,131,0.25,0
2161,214717,135,0.375,0
2162,214784,67,0.3125,0
2163,214835,51,0.0625,0
2164,214848,13,0.0625,0
2165,214869,21,0.125,0
2166,214883,14,0.0625,0
2167,214896,13,0.0625,0
2168,214917,21,0.125,0
2169,214931,14,0.0625,0
2170,214944,13,0.0625,0
2171,214965,21,0.125,0
2172,214979,14,0.0625,0
2173,214992,13,0.0625,0
2174,215132,140,0.1875,0
2175,215262,130,0.25,0
2176,215393,131,0.25,0
2177,215524,131,0.25,0
2178,215644,120,0.3125,0
2179,215762,118,0.4375,0
2180,215811,49,0.25,0
2181,215851,40,0.25,0
2182,215891,40,0.25,0
2183,216042,151,0.25,0
2184,216173,131,0.25,0
2185,216304,131,0.25,0
2186,216435,131,0.25,0
2187,216558,123,0.25,0
2188,216637,79,0.375,0
2189,216689,52,0.0625,0
2190,216702,13,0.0625,0
2191,216723,21,0.125,0
2192,216737,14,0.0625,0
2193,216750,13,0.0625,0
2194,216771,21,0.125,0
2195,216785,14,0.0625,0
2196,216798,13,0.0625,0
2197,216819,21,0.125,0
2198,216833,14,0.0625,0
2199,216846,13,0.0625,0
2200,216986,140,0.1875,0
2201,217116,130,0.25,0
2202,217247,131,0.25,0
2203,217378,131,0.25,0
2204,217505,127,0.3125,0
2205,217618,113,0.375,0
2206,217666,48,0.25,0
2207,217706,40,0.25,0
2208,217746,40,0.25,0
2209,217897,151,0.25,0
2210,218028,131,0.25,0
2211,218159,131,0.25,0
2212,218290,131,0.25,0
2213,218423,133,0.375,0
2214,218495,72,0.25,0
2215,218545,50,0.0625,0
2216,218558,13,0.0625,0
2217,218579,21,0.125,0
2218,218593,14,0.0625,0
2219,218606,13,0.0625,0
2220,218627,21,0.125,0
2221,218641,14,0.0625,0
2222,218654,13,0.0625,0
2223,218675,21,0.125,0
2224,218689,14,0.0625,0
2225,218702,13,0.0625,0
2226,218842,140,0.1875,0
2227,218972,130,0.25,0
2228,219103,131,0.25,0
2229,219234,131,0.25,0
2230,219469,235,0.4375,0
2231,219518,49,0.25,0
2232,219558,40,0.25,0
2233,219598,40,0.25,0
2234,219749,151,0.25,0
2235,219880,131,0.25,0
2236,220011,131,0.25,0
2237,220142,131,0.25,0
2238,220268,126,0.375,0
2239,220346,78,0.3125,0
2240,220397,51,0.0625,0
2241,220410,13,0.0625,0
2242,220431,21,0.125,0
2243,220445,14,0.0625,0
2244,220458,13,0.0625,0
2245,220479,21,0.125,0
2246,220493,14,0.0625,0
2247,220506,13,0.0625,0
2248,220527,21,0.125,0
2249,220541,14,0.0625,0
2250,220554,13,0.0625,0
2251,220694,140,0.1875,0
2252,220824,130,0.25,0
2253,220955,131,0.25,0
2254,221086,131,0.25,0
2255,221205,119,0.375,0
2256,221325,120,0.4375,0
2257,221374,49,0.25,0
2258,221414,40,0.25,0
2259,221454,40,0.25,0
2260,221605,151,0.25,0
2261,221736,131,0.25,0
2262,221867,131,0.25,0
2263,221998,131,0.25,0
2264,222143,145,0.4375,0
2265,222202,59,0.25,0
2266,222252,50,0.0625,0
2267,222265,13,0.0625,0
2268,222286,21,0.125,0
2269,222300,14,0.0625,0
2270,222313,13,0.0625,0
2271,222334,21,0.125,0
2272,222348,14,0.0625,0
2273,222361,13,0.0625,0
2274,222382,21,0.125,0
2275,222396,14,0.0625,0
2276,222409,13,0.0625,0
2277,222549,140,0.1875,0
2278,222679,130,0.25,0
2279,222810,131,0.25,0
2280,222941,131,0.25,0
2281,223055,114,0.25,0
2282,223180,125,0.375,0
2283,223228,48,0.25,0
2284,223268,40,0.25,0
2285,223308,40,0.25,0
2286,223354,46,0.125,0
2287,223464,110,0.8125,0
2288,224568,1104,0.5625,0
2289,225118,550,0.125,0
2290,225225,107,0.125,0
2291,225333,108,0.125,0
2292,225441,108,0.125,0
2293,225550,109,0.125,0
2294,225658,108,0.125,0
2295,225766,108,0.125,0
2296,225875,109,0.0625,0
2297,226011,136,0.4375,0
2298,229184,3173,0.75,0
2299,229295,111,0.25,0
2300,229335,40,0.25,0
2301,229375,40,0.25,0
2302,229454,79,0.125,0
2303,229825,371,0.75,0
2304,229913,88,0.0625,0
2305,229926,13,0.0625,0
2306,229946,20,0.125,0
2307,229960,14,0.0625,0
2308,229973,13,0.0625,0
2309,229993,20,0.125,0
2310,230007,14,0.0625,0
2311,230020,13,0.0625,0
2312,230041,21,0.125,0
2313,230055,14,0.0625,0
2314,230068,13,0.0625,0
2315,230105,37,0.0625,0
2316,230228,123,0.5,0
2317,230611,383,0.6875,0
2318,230672,61,0.1875,0
2319,230709,37,0.25,0
2320,230748,39,0.25,0
2321,230799,51,0.125,0
2322,230923,124,0.5,0
2323,231249,326,0.75,0
2324,231337,88,0.0625,0
2325,231350,13,0.0625,0
2326,231370,20,0.125,0
2327,231384,14,0.0625,0
2328,231397,13,0.0625,0
2329,231417,20,0.125,0
2330,231431,14,0.0625,0
2331,231444,13,0.0625,0
2332,231465,21,0.125,0
2333,231479,14,0.0625,0
2334,231492,13,0.0625,0
2335,231529,37,0.0625,0
2336,231647,118,0.5,0
2337,232034,387,0.6875,0
2338,232095,61,0.1875,0
2339,232132,37,0.25,0
2340,232171,39,0.25,0
2341,232222,51,0.125,0
2342,232344,122,0.5,0
2343,232672,328,0.75,0
2344,232760,88,0.0625,0
2345,232773,13,0.0625,0
2346,232793,20,0.125,0
2347,232807,14,0.0625,0
2348,232820,13,0.0625,0
2349,232840,20,0.125,0
2350,232854,14,0.0625,0
2351,232867,13,0.0625,0
2352,232888,21,0.125,0
2353,232902,14,0.0625,0
2354,232915,13,0.0625,0
2355,232952,37,0.0625,0
2356,233073,121,0.5,0
2357,233458,385,0.6875,0
2358,233519,61,0.1875,0
2359,233556,37,0.25,0
2360,233595,39,0.25,0
2361,233646,51,0.125,0
2362,233767,121,0.5,0
2363,234095,328,0.75,0
2364,234183,88,0.0625,0
2365,234196,13,0.0625,0
2366,234216,20,0.125,0
2367,234230,14,0.0625,0
2368,234243,13,0.0625,0
2369,234263,20,0.125,0
2370,234277,14,0.0625,0
2371,234290,13,0.0625,0
2372,234311,21,0.125,0
2373,234325,14,0.0625,0
2374,234338,13,0.0625,0
2375,234375,37,0.0625,0
2376,234497,122,0.5,0
2377,234880,383,0.6875,0
2378,234941,61,0.1875,0
2379,234978,37,0.25,0
2380,235017,39,0.25,0
2381,235068,51,0.125,0
2382,235194,126,0.5,0
2383,235518,324,0.75,0
2384,235606,88,0.0625,0
2385,235619,13,0.0625,0
2386,235639,20,0.125,0
2387,235653,14,0.0625,0
2388,235666,13,0.0625,0
2389,235686,20,0.125,0
2390,235700,14,0.0625,0
2391,235713,13,0.0625,0
2392,235734,21,0.125,0
2393,235748,14,0.0625,0
2394,235761,13,0.0625,0
2395,235798,37,0.0625,0
2396,235918,120,0.5,0
2397,236303,385,0.6875,0
2398,236364,61,0.1875,0
2399,236401,37,0.25,0
2400,236440,39,0.25,0
2401,236491,51,0.125,0
2402,236611,120,0.5,0
2403,236941,330,0.75,0
2404,237029,88,0.0625,0
2405,237042,13,0.0625,0
2406,237062,20,0.125,0
2407,237076,14,0.0625,0
2408,237089,13,0.0625,0
2409,237109,20,0.125,0
2410,237123,14,0.0625,0
2411,237136,13,0.0625,0
2412,237157,21,0.125,0
2413,237171,14,0.0625,0
2414,237184,13,0.0625,0
2415,237221,37,0.0625,0
2416,237340,119,0.5,0
2417,237727,387,0.6875,0
2418,237788,61,0.1875,0
2419,237825,37,0.25,0
2420,237864,39,0.25,0
2421,237915,51,0.125,0
2422,238035,120,0.5,0
2423,238365,330,0.75,0
2424,238453,88,0.0625,0
2425,238466,13,0.0625,0
2426,238486,20,0.125,0
2427,238500,14,0.0625,0
2428,238513,13,0.0625,0
2429,238533,20,0.125,0
2430,238547,14,0.0625,0
2431,238560,13,0.0625,0
2432,238581,21,0.125,0
2433,238595,14,0.0625,0
2434,238608,13,0.0625,0
2435,238645,37,0.0625,0
2436,238766,121,0.5,0
2437,239053,287,0.8125,0
2438,240165,1112,0.5625,0
2439,240715,550,0.125,0
2440,240822,107,0.125,0
2441,240930,108,0.125,0
2442,241038,108,0.125,0
2443,241147,109,0.125,0
2444,241255,108,0.125,0
2445,241363,108,0.125,0
2446,241472,109,0.0625,0
2447,241608,136,0.375,0
