checkpoints,cycle count,last checkpoint,dirty ratio,cause
1,589,589,0.375,0
2,3022,2433,0.125,0
3,3111,89,0.375,0
4,45854,42743,0.5,0
5,47124,1270,0.25,0
6,47245,121,0.125,0
7,47353,108,0.125,0
8,47461,108,0.125,0
9,47570,109,0.125,0
10,47678,108,0.125,0
11,47786,108,0.125,0
12,47895,109,0.0625,0
13,48031,136,0.4375,0
14,101712,53681,1,0
15,102673,961,0.3125,0
16,103925,1252,0.125,0
17,104032,107,0.125,0
18,104140,108,0.125,0
19,104248,108,0.125,0
20,104357,109,0.125,0
21,104465,108,0.125,0
22,104573,108,0.125,0
23,104682,109,0.0625,0
24,104840,158,0.8125,0
25,109241,4401,0.6875,0
26,109337,96,0.1875,0
27,109376,39,0.25,0
28,109416,40,0.25,0
29,109433,17,0.125,0
30,109512,79,0.0625,0
31,118472,8960,0.125,0
32,118513,41,0.125,0
33,118583,70,0.25,0
34,118655,72,0.25,0
35,118727,72,0.25,0
36,118799,72,0.125,0
37,118947,148,0.6875,0
38,119043,96,0.1875,0
39,119082,39,0.25,0
40,119122,40,0.25,0
41,119139,17,0.125,0
42,119238,99,0.0625,0
43,128154,8916,0.125,0
44,128195,41,0.125,0
45,128230,35,0.125,0
46,128271,41,0.125,0
47,128306,35,0.125,0
48,128347,41,0.125,0
49,128382,35,0.125,0
50,128423,41,0.125,0
51,128530,107,0.8125,0
52,128657,127,0.3125,0
53,128719,62,0.25,0
54,128759,40,0.25,0
55,128799,40,0.25,0
56,128816,17,0.125,0
57,128914,98,0.0625,0
58,137847,8933,0.125,0
59,137888,41,0.125,0
60,137942,54,0.1875,0
61,138013,71,0.25,0
62,138085,72,0.25,0
63,138157,72,0.125,0
64,138305,148,0.6875,0
65,138401,96,0.1875,0
66,138440,39,0.25,0
67,138480,40,0.25,0
68,138497,17,0.125,0
69,138596,99,0.0625,0
70,147527,8931,0.125,0
71,147568,41,0.125,0
72,147603,35,0.125,0
73,147644,41,0.125,0
74,147679,35,0.125,0
75,147720,41,0.125,0
76,147755,35,0.125,0
77,147796,41,0.125,0
78,147884,88,0.0625,0
79,147977,93,0.8125,0
80,148427,450,0.625,0
81,148694,267,0.3125,0
82,149158,464,0.375,0
83,149241,83,0.25,0
84,149314,73,0.125,0
85,149396,82,0.3125,0
86,150747,1351,0.125,0
87,150854,107,0.125,0
88,150962,108,0.125,0
89,151070,108,0.125,0
90,151179,109,0.125,0
91,151287,108,0.125,0
92,151395,108,0.125,0
93,151504,109,0.0625,0
94,151659,155,0.375,0
95,151798,139,0.6875,0
96,156108,4310,0.6875,0
97,156204,96,0.1875,0
98,156243,39,0.25,0
99,156283,40,0.25,0
100,156300,17,0.125,0
101,156379,79,0.0625,0
102,165339,8960,0.125,0
103,165380,41,0.125,0
104,165450,70,0.25,0
105,165522,72,0.25,0
106,165594,72,0.25,0
107,165666,72,0.125,0
108,165814,148,0.6875,0
109,165910,96,0.1875,0
110,165949,39,0.25,0
111,165989,40,0.25,0
112,166006,17,0.125,0
113,166105,99,0.0625,0
114,175021,8916,0.125,0
115,175062,41,0.125,0
116,175097,35,0.125,0
117,175138,41,0.125,0
118,175173,35,0.125,0
119,175214,41,0.125,0
120,175249,35,0.125,0
121,175290,41,0.125,0
122,175397,107,0.8125,0
123,175524,127,0.3125,0
124,175586,62,0.25,0
125,175626,40,0.25,0
126,175666,40,0.25,0
127,175683,17,0.125,0
128,175781,98,0.0625,0
129,184714,8933,0.125,0
130,184755,41,0.125,0
131,184809,54,0.1875,0
132,184880,71,0.25,0
133,184952,72,0.25,0
134,185024,72,0.125,0
135,185172,148,0.6875,0
136,185268,96,0.1875,0
137,185307,39,0.25,0
138,185347,40,0.25,0
139,185364,17,0.125,0
140,185463,99,0.0625,0
141,194394,8931,0.125,0
142,194435,41,0.125,0
143,194470,35,0.125,0
144,194511,41,0.125,0
145,194546,35,0.125,0
146,194587,41,0.125,0
147,194622,35,0.125,0
148,194663,41,0.125,0
149,194751,88,0.0625,0
150,194844,93,0.8125,0
151,195294,450,0.625,0
152,195466,172,0.0625,0
153,195673,207,0.4375,0
154,195783,110,0.3125,0
155,195885,102,0.3125,0
156,195987,102,0.3125,0
157,196160,173,0.375,0
158,196243,83,0.25,0
159,196316,73,0.125,0
160,196398,82,0.3125,0
161,197749,1351,0.125,0
162,197856,107,0.125,0
163,197964,108,0.125,0
164,198072,108,0.125,0
165,198181,109,0.125,0
166,198289,108,0.125,0
167,198397,108,0.125,0
168,198506,109,0.0625,0
169,198661,155,0.375,0
170,201851,3190,0.5625,0
171,201926,75,0.1875,0
172,201964,38,0.25,0
173,202004,40,0.25,0
174,202031,27,0.125,0
175,213847,11816,0.8125,0
176,214951,1104,0.5625,0
177,215501,550,0.125,0
178,215608,107,0.125,0
179,215716,108,0.125,0
180,215824,108,0.125,0
181,215933,109,0.125,0
182,216041,108,0.125,0
183,216149,108,0.125,0
184,216258,109,0.0625,0
185,216394,136,0.4375,0
186,219576,3182,0.75,0
187,219679,103,0.1875,0
188,219718,39,0.25,0
189,219758,40,0.25,0
190,219837,79,0.125,0
191,228772,8935,0.8125,0
192,229884,1112,0.5625,0
193,230434,550,0.125,0
194,230541,107,0.125,0
195,230649,108,0.125,0
196,230757,108,0.125,0
197,230866,109,0.125,0
198,230974,108,0.125,0
199,231082,108,0.125,0
200,231191,109,0.0625,0
201,231327,136,0.375,0
