checkpoints,cycle count,last checkpoint,dirty ratio,cause
1,2970,2970,0.609375,0
2,7014,4044,0.203125,0
3,7134,120,0.0625,0
4,7173,39,0.0625,0
5,7212,39,0.0625,0
6,7273,61,0.265625,0
7,7407,134,0.0625,0
8,7447,40,0.0625,0
9,7487,40,0.0625,0
10,7583,96,0.046875,0
11,7942,359,0.234375,0
12,8023,81,0.015625,0
13,8043,20,0.03125,0
14,8057,14,0.015625,0
15,8070,13,0.015625,0
16,8090,20,0.03125,0
17,8104,14,0.015625,0
18,8117,13,0.015625,0
19,8138,21,0.03125,0
20,8152,14,0.015625,0
21,8165,13,0.015625,0
22,8202,37,0.015625,0
23,8321,119,0.125,0
24,8765,444,0.25,0
25,8861,96,0.015625,0
26,8976,115,0.125,0
27,9413,437,0.265625,0
28,9516,103,0.015625,0
29,9635,119,0.125,0
30,10072,437,0.265625,0
31,10175,103,0.015625,0
32,10295,120,0.125,0
33,10730,435,0.265625,0
34,10833,103,0.015625,0
35,10949,116,0.125,0
36,11400,451,0.25,0
37,11503,103,0.015625,0
38,11620,117,0.125,0
39,12078,458,0.21875,0
40,12160,82,0.015625,0
41,12278,118,0.125,0
42,12750,472,0.203125,0
43,12825,75,0.015625,0
44,12945,120,0.125,0
45,13277,332,0.234375,0
46,13358,81,0.015625,0
47,13378,20,0.03125,0
48,13392,14,0.015625,0
49,13405,13,0.015625,0
50,13425,20,0.03125,0
51,13439,14,0.015625,0
52,13452,13,0.015625,0
53,13473,21,0.03125,0
54,13487,14,0.015625,0
55,13500,13,0.015625,0
56,13537,37,0.015625,0
57,13655,118,0.125,0
58,14099,444,0.25,0
59,14195,96,0.015625,0
60,14313,118,0.125,0
61,14750,437,0.265625,0
62,14853,103,0.015625,0
63,14970,117,0.125,0
64,15414,444,0.265625,0
65,15517,103,0.015625,0
66,15638,121,0.125,0
67,16073,435,0.265625,0
68,16176,103,0.015625,0
69,16293,117,0.125,0
70,16562,269,0.125,0
71,16606,44,0.0625,0
72,16646,40,0.0625,0
73,16686,40,0.0625,0
74,16725,39,0.1875,0
75,16823,98,0.078125,0
76,16885,62,0.0625,0
77,16925,40,0.0625,0
78,16965,40,0.0625,0
79,17060,95,0.046875,0
80,17553,493,0.25,0
81,17733,180,0.125,0
82,18035,302,0.296875,0
83,18138,103,0.015625,0
84,18158,20,0.03125,0
85,18172,14,0.015625,0
86,18185,13,0.015625,0
87,18205,20,0.03125,0
88,18219,14,0.015625,0
89,18232,13,0.015625,0
90,18252,20,0.03125,0
91,18266,14,0.015625,0
92,18279,13,0.015625,0
93,18316,37,0.015625,0
94,18436,120,0.125,0
95,18875,439,0.3125,0
96,19083,208,0.125,0
97,19516,433,0.3125,0
98,19723,207,0.125,0
99,20156,433,0.3125,0
100,20365,209,0.125,0
101,20812,447,0.296875,0
102,21014,202,0.125,0
103,21468,454,0.265625,0
104,21654,186,0.125,0
105,22122,468,0.25,0
106,22302,180,0.125,0
107,22763,461,0.25,0
108,22944,181,0.125,0
109,23246,302,0.296875,0
110,23349,103,0.015625,0
111,23369,20,0.03125,0
112,23383,14,0.015625,0
113,23396,13,0.015625,0
114,23416,20,0.03125,0
115,23430,14,0.015625,0
116,23443,13,0.015625,0
117,23463,20,0.03125,0
118,23477,14,0.015625,0
119,23490,13,0.015625,0
120,23527,37,0.015625,0
121,23645,118,0.125,0
122,24085,440,0.3125,0
123,24292,207,0.125,0
124,24725,433,0.3125,0
125,24933,208,0.125,0
126,25366,433,0.3125,0
127,25573,207,0.125,0
128,25845,272,0.078125,0
129,25886,41,0.0625,0
130,25926,40,0.0625,0
131,25966,40,0.0625,0
132,26001,35,0.125,0
133,26082,81,0.125,0
134,26165,83,0.0625,0
135,26205,40,0.0625,0
136,26245,40,0.0625,0
137,26347,102,0.046875,0
138,26817,470,0.265625,0
139,27008,191,0.125,0
140,27439,431,0.3125,0
141,27648,209,0.125,0
142,27942,294,0.3125,0
143,28052,110,0.015625,0
144,28072,20,0.03125,0
145,28086,14,0.015625,0
146,28099,13,0.015625,0
147,28119,20,0.03125,0
148,28133,14,0.015625,0
149,28146,13,0.015625,0
150,28166,20,0.03125,0
151,28180,14,0.015625,0
152,28193,13,0.015625,0
153,28230,37,0.015625,0
154,28345,115,0.125,0
155,28770,425,0.328125,0
156,28986,216,0.125,0
157,29411,425,0.328125,0
158,29626,215,0.125,0
159,30072,446,0.3125,0
160,30282,210,0.125,0
161,30728,446,0.28125,0
162,30923,195,0.125,0
163,31383,460,0.265625,0
164,31568,185,0.125,0
165,32021,453,0.265625,0
166,32209,188,0.125,0
167,32641,432,0.3125,0
168,32847,206,0.125,0
169,33141,294,0.3125,0
170,33251,110,0.015625,0
171,33271,20,0.03125,0
172,33285,14,0.015625,0
173,33298,13,0.015625,0
174,33318,20,0.03125,0
175,33332,14,0.015625,0
176,33345,13,0.015625,0
177,33365,20,0.03125,0
178,33379,14,0.015625,0
179,33392,13,0.015625,0
180,33429,37,0.015625,0
181,33546,117,0.125,0
182,33971,425,0.328125,0
183,34187,216,0.125,0
184,34611,424,0.328125,0
185,34826,215,0.125,0
186,35098,272,0.078125,0
187,35139,41,0.0625,0
188,35179,40,0.0625,0
189,35219,40,0.0625,0
190,35250,31,0.0625,0
191,35307,57,0.1875,0
192,35418,111,0.0625,0
193,35458,40,0.0625,0
194,35498,40,0.0625,0
195,35601,103,0.046875,0
196,36071,470,0.265625,0
197,36257,186,0.125,0
198,36689,432,0.3125,0
199,36898,209,0.125,0
200,37323,425,0.328125,0
201,37538,215,0.125,0
202,37832,294,0.3125,0
203,37942,110,0.015625,0
204,37962,20,0.03125,0
205,37976,14,0.015625,0
206,37989,13,0.015625,0
207,38009,20,0.03125,0
208,38023,14,0.015625,0
209,38036,13,0.015625,0
210,38056,20,0.03125,0
211,38070,14,0.015625,0
212,38083,13,0.015625,0
213,38120,37,0.015625,0
214,38238,118,0.125,0
215,38663,425,0.328125,0
216,38876,213,0.125,0
217,39315,439,0.3125,0
218,39523,208,0.125,0
219,39969,446,0.28125,0
220,40165,196,0.125,0
221,40625,460,0.265625,0
222,40813,188,0.125,0
223,41266,453,0.265625,0
224,41453,187,0.125,0
225,41885,432,0.3125,0
226,42091,206,0.125,0
227,42516,425,0.328125,0
228,42731,215,0.125,0
229,43025,294,0.3125,0
230,43135,110,0.015625,0
231,43155,20,0.03125,0
232,43169,14,0.015625,0
233,43182,13,0.015625,0
234,43202,20,0.03125,0
235,43216,14,0.015625,0
236,43229,13,0.015625,0
237,43249,20,0.03125,0
238,43263,14,0.015625,0
239,43276,13,0.015625,0
240,43313,37,0.015625,0
241,43429,116,0.125,0
242,43854,425,0.328125,0
243,44070,216,0.125,0
244,44646,576,0.515625,0
245,45723,1077,0.109375,0
246,47662,1939,0.359375,0
247,51725,4063,0.40625,0
248,51927,202,0.0625,0
249,51966,39,0.0625,0
250,52006,40,0.0625,0
251,52035,29,0.03125,0
252,52204,169,0.125,0
253,52254,50,0.0625,0
254,52294,40,0.0625,0
255,52334,40,0.0625,0
256,52478,144,0.0625,0
257,52609,131,0.0625,0
258,52740,131,0.0625,0
259,52871,131,0.0625,0
260,53003,132,0.109375,0
261,53107,104,0.109375,0
262,53155,48,0.0625,0
263,53195,40,0.0625,0
264,53235,40,0.0625,0
265,53379,144,0.0625,0
266,53510,131,0.0625,0
267,53641,131,0.0625,0
268,53772,131,0.0625,0
269,53924,152,0.125,0
270,54010,86,0.078125,0
271,54056,46,0.0625,0
272,54096,40,0.0625,0
273,54136,40,0.0625,0
274,54280,144,0.0625,0
275,54411,131,0.0625,0
276,54542,131,0.0625,0
277,54673,131,0.0625,0
278,54820,147,0.109375,0
279,54912,92,0.09375,0
280,54960,48,0.0625,0
281,55000,40,0.0625,0
282,55040,40,0.0625,0
283,55191,151,0.0625,0
284,55322,131,0.0625,0
285,55453,131,0.0625,0
286,55584,131,0.0625,0
287,55730,146,0.125,0
288,55787,57,0.078125,0
289,55838,51,0.015625,0
290,55851,13,0.015625,0
291,55872,21,0.03125,0
292,55886,14,0.015625,0
293,55899,13,0.015625,0
294,55920,21,0.03125,0
295,55934,14,0.015625,0
296,55947,13,0.015625,0
297,55968,21,0.03125,0
298,55982,14,0.015625,0
299,55995,13,0.015625,0
300,56128,133,0.046875,0
301,56258,130,0.0625,0
302,56389,131,0.0625,0
303,56520,131,0.0625,0
304,56639,119,0.109375,0
305,56757,118,0.125,0
306,56807,50,0.0625,0
307,56847,40,0.0625,0
308,56887,40,0.0625,0
309,57031,144,0.0625,0
310,57162,131,0.0625,0
311,57293,131,0.0625,0
312,57424,131,0.0625,0
313,57548,124,0.109375,0
314,57658,110,0.125,0
315,57708,50,0.0625,0
316,57748,40,0.0625,0
317,57788,40,0.0625,0
318,57932,144,0.0625,0
319,58063,131,0.0625,0
320,58194,131,0.0625,0
321,58325,131,0.0625,0
322,58471,146,0.125,0
323,58564,93,0.09375,0
324,58612,48,0.0625,0
325,58652,40,0.0625,0
326,58692,40,0.0625,0
327,58836,144,0.0625,0
328,58967,131,0.0625,0
329,59098,131,0.0625,0
330,59229,131,0.0625,0
331,59375,146,0.125,0
332,59468,93,0.09375,0
333,59516,48,0.0625,0
334,59556,40,0.0625,0
335,59596,40,0.0625,0
336,59740,144,0.0625,0
337,59871,131,0.0625,0
338,60002,131,0.0625,0
339,60133,131,0.0625,0
340,60278,145,0.125,0
341,60370,92,0.09375,0
342,60418,48,0.0625,0
343,60458,40,0.0625,0
344,60498,40,0.0625,0
345,60642,144,0.0625,0
346,60773,131,0.0625,0
347,60904,131,0.0625,0
348,61035,131,0.0625,0
349,61182,147,0.109375,0
350,61273,91,0.09375,0
351,61321,48,0.0625,0
352,61361,40,0.0625,0
353,61401,40,0.0625,0
354,61545,144,0.0625,0
355,61676,131,0.0625,0
356,61807,131,0.0625,0
357,61938,131,0.0625,0
358,62073,135,0.125,0
359,62175,102,0.09375,0
360,62223,48,0.0625,0
361,62263,40,0.0625,0
362,62303,40,0.0625,0
363,62454,151,0.0625,0
364,62585,131,0.0625,0
365,62716,131,0.0625,0
366,62847,131,0.0625,0
367,62992,145,0.125,0
368,63051,59,0.078125,0
369,63102,51,0.015625,0
370,63115,13,0.015625,0
371,63136,21,0.03125,0
372,63150,14,0.015625,0
373,63163,13,0.015625,0
374,63184,21,0.03125,0
375,63198,14,0.015625,0
376,63211,13,0.015625,0
377,63232,21,0.03125,0
378,63246,14,0.015625,0
379,63259,13,0.015625,0
380,63392,133,0.046875,0
381,63522,130,0.0625,0
382,63653,131,0.0625,0
383,63784,131,0.0625,0
384,63927,143,0.125,0
385,64021,94,0.09375,0
386,64069,48,0.0625,0
387,64109,40,0.0625,0
388,64149,40,0.0625,0
389,64271,122,0.0625,0
390,64311,40,0.0625,0
391,64351,40,0.0625,0
392,64391,40,0.0625,0
393,64607,216,0.3125,0
394,64762,155,0.0625,0
395,64802,40,0.0625,0
396,64842,40,0.0625,0
397,64871,29,0.03125,0
398,65038,167,0.109375,0
399,65087,49,0.0625,0
400,65127,40,0.0625,0
401,65167,40,0.0625,0
402,65318,151,0.0625,0
403,65449,131,0.0625,0
404,65580,131,0.0625,0
405,65711,131,0.0625,0
406,65832,121,0.09375,0
407,65949,117,0.125,0
408,65999,50,0.0625,0
409,66039,40,0.0625,0
410,66079,40,0.0625,0
411,66230,151,0.0625,0
412,66361,131,0.0625,0
413,66492,131,0.0625,0
414,66623,131,0.0625,0
415,66768,145,0.125,0
416,66861,93,0.09375,0
417,66909,48,0.0625,0
418,66949,40,0.0625,0
419,66989,40,0.0625,0
420,67140,151,0.0625,0
421,67271,131,0.0625,0
422,67402,131,0.0625,0
423,67533,131,0.0625,0
424,67678,145,0.125,0
425,67735,57,0.078125,0
426,67786,51,0.015625,0
427,67799,13,0.015625,0
428,67820,21,0.03125,0
429,67834,14,0.015625,0
430,67847,13,0.015625,0
431,67868,21,0.03125,0
432,67882,14,0.015625,0
433,67895,13,0.015625,0
434,67916,21,0.03125,0
435,67930,14,0.015625,0
436,67943,13,0.015625,0
437,68083,140,0.046875,0
438,68213,130,0.0625,0
439,68344,131,0.0625,0
440,68475,131,0.0625,0
441,68619,144,0.125,0
442,68711,92,0.09375,0
443,68759,48,0.0625,0
444,68799,40,0.0625,0
445,68839,40,0.0625,0
446,68990,151,0.0625,0
447,69121,131,0.0625,0
448,69252,131,0.0625,0
449,69383,131,0.0625,0
450,69531,148,0.109375,0
451,69622,91,0.09375,0
452,69670,48,0.0625,0
453,69710,40,0.0625,0
454,69750,40,0.0625,0
455,69901,151,0.0625,0
456,70032,131,0.0625,0
457,70163,131,0.0625,0
458,70294,131,0.0625,0
459,70447,153,0.109375,0
460,70532,85,0.078125,0
461,70579,47,0.0625,0
462,70619,40,0.0625,0
463,70659,40,0.0625,0
464,70810,151,0.0625,0
465,70941,131,0.0625,0
466,71072,131,0.0625,0
467,71203,131,0.0625,0
468,71348,145,0.125,0
469,71441,93,0.09375,0
470,71489,48,0.0625,0
471,71529,40,0.0625,0
472,71569,40,0.0625,0
473,71720,151,0.0625,0
474,71851,131,0.0625,0
475,71982,131,0.0625,0
476,72113,131,0.0625,0
477,72258,145,0.125,0
478,72353,95,0.09375,0
479,72401,48,0.0625,0
480,72441,40,0.0625,0
481,72481,40,0.0625,0
482,72632,151,0.0625,0
483,72763,131,0.0625,0
484,72894,131,0.0625,0
485,73025,131,0.0625,0
486,73170,145,0.125,0
487,73263,93,0.09375,0
488,73311,48,0.0625,0
489,73351,40,0.0625,0
490,73391,40,0.0625,0
491,73542,151,0.0625,0
492,73673,131,0.0625,0
493,73804,131,0.0625,0
494,73935,131,0.0625,0
495,74081,146,0.125,0
496,74173,92,0.09375,0
497,74221,48,0.0625,0
498,74261,40,0.0625,0
499,74301,40,0.0625,0
500,74452,151,0.0625,0
501,74583,131,0.0625,0
502,74714,131,0.0625,0
503,74845,131,0.0625,0
504,74986,141,0.109375,0
505,75048,62,0.078125,0
506,75099,51,0.015625,0
507,75112,13,0.015625,0
508,75133,21,0.03125,0
509,75147,14,0.015625,0
510,75160,13,0.015625,0
511,75181,21,0.03125,0
512,75195,14,0.015625,0
513,75208,13,0.015625,0
514,75229,21,0.03125,0
515,75243,14,0.015625,0
516,75256,13,0.015625,0
517,75396,140,0.046875,0
518,75526,130,0.0625,0
519,75657,131,0.0625,0
520,75788,131,0.0625,0
521,75934,146,0.125,0
522,76026,92,0.09375,0
523,76074,48,0.0625,0
524,76114,40,0.0625,0
525,76154,40,0.0625,0
526,76305,151,0.0625,0
527,76436,131,0.0625,0
528,76567,131,0.0625,0
529,76698,131,0.0625,0
530,76818,120,0.09375,0
531,76935,117,0.109375,0
532,76984,49,0.0625,0
533,77024,40,0.0625,0
534,77064,40,0.0625,0
535,77110,46,0.03125,0
536,77199,89,0.03125,0
537,77237,38,0.0625,0
538,77277,40,0.0625,0
539,77317,40,0.0625,0
540,77512,195,0.25,0
541,77637,125,0.0625,0
542,77692,55,0.0625,0
543,77732,40,0.0625,0
544,77772,40,0.0625,0
545,77801,29,0.03125,0
546,77966,165,0.140625,0
547,78017,51,0.0625,0
548,78057,40,0.0625,0
549,78097,40,0.0625,0
550,78241,144,0.0625,0
551,78372,131,0.0625,0
552,78503,131,0.0625,0
553,78634,131,0.0625,0
554,78782,148,0.109375,0
555,78873,91,0.09375,0
556,78921,48,0.0625,0
557,78961,40,0.0625,0
558,79001,40,0.0625,0
559,79145,144,0.0625,0
560,79276,131,0.0625,0
561,79407,131,0.0625,0
562,79538,131,0.0625,0
563,79665,127,0.109375,0
564,79741,76,0.078125,0
565,79792,51,0.015625,0
566,79805,13,0.015625,0
567,79826,21,0.03125,0
568,79840,14,0.015625,0
569,79853,13,0.015625,0
570,79874,21,0.03125,0
571,79888,14,0.015625,0
572,79901,13,0.015625,0
573,79922,21,0.03125,0
574,79936,14,0.015625,0
575,79949,13,0.015625,0
576,80082,133,0.046875,0
577,80212,130,0.0625,0
578,80343,131,0.0625,0
579,80474,131,0.0625,0
580,80618,144,0.125,0
581,80710,92,0.09375,0
582,80758,48,0.0625,0
583,80798,40,0.0625,0
584,80838,40,0.0625,0
585,80989,151,0.0625,0
586,81120,131,0.0625,0
587,81251,131,0.0625,0
588,81382,131,0.0625,0
589,81509,127,0.09375,0
590,81620,111,0.109375,0
591,81669,49,0.0625,0
592,81709,40,0.0625,0
593,81749,40,0.0625,0
594,81893,144,0.0625,0
595,82024,131,0.0625,0
596,82155,131,0.0625,0
597,82286,131,0.0625,0
598,82438,152,0.125,0
599,82524,86,0.078125,0
600,82571,47,0.0625,0
601,82611,40,0.0625,0
602,82651,40,0.0625,0
603,82795,144,0.0625,0
604,82926,131,0.0625,0
605,83057,131,0.0625,0
606,83188,131,0.0625,0
607,83327,139,0.109375,0
608,83425,98,0.09375,0
609,83473,48,0.0625,0
610,83513,40,0.0625,0
611,83553,40,0.0625,0
612,83697,144,0.0625,0
613,83828,131,0.0625,0
614,83959,131,0.0625,0
615,84090,131,0.0625,0
616,84216,126,0.09375,0
617,84329,113,0.109375,0
618,84378,49,0.0625,0
619,84418,40,0.0625,0
620,84458,40,0.0625,0
621,84602,144,0.0625,0
622,84733,131,0.0625,0
623,84864,131,0.0625,0
624,84995,131,0.0625,0
625,85140,145,0.125,0
626,85233,93,0.09375,0
627,85281,48,0.0625,0
628,85321,40,0.0625,0
629,85361,40,0.0625,0
630,85505,144,0.0625,0
631,85636,131,0.0625,0
632,85767,131,0.0625,0
633,85898,131,0.0625,0
634,86041,143,0.125,0
635,86136,95,0.09375,0
636,86184,48,0.0625,0
637,86224,40,0.0625,0
638,86264,40,0.0625,0
639,86408,144,0.0625,0
640,86539,131,0.0625,0
641,86670,131,0.0625,0
642,86801,131,0.0625,0
643,86947,146,0.125,0
644,87004,57,0.078125,0
645,87055,51,0.015625,0
646,87068,13,0.015625,0
647,87089,21,0.03125,0
648,87103,14,0.015625,0
649,87116,13,0.015625,0
650,87137,21,0.03125,0
651,87151,14,0.015625,0
652,87164,13,0.015625,0
653,87185,21,0.03125,0
654,87199,14,0.015625,0
655,87212,13,0.015625,0
656,87345,133,0.046875,0
657,87475,130,0.0625,0
658,87606,131,0.0625,0
659,87737,131,0.0625,0
660,87892,155,0.109375,0
661,87977,85,0.078125,0
662,88024,47,0.0625,0
663,88064,40,0.0625,0
664,88104,40,0.0625,0
665,88255,151,0.0625,0
666,88386,131,0.0625,0
667,88517,131,0.0625,0
668,88648,131,0.0625,0
669,88766,118,0.109375,0
670,88881,115,0.140625,0
671,88932,51,0.0625,0
672,88972,40,0.0625,0
673,89012,40,0.0625,0
674,89156,144,0.0625,0
675,89287,131,0.0625,0
676,89418,131,0.0625,0
677,89549,131,0.0625,0
678,89669,120,0.09375,0
679,89784,115,0.140625,0
680,89835,51,0.0625,0
681,89875,40,0.0625,0
682,89915,40,0.0625,0
683,89990,75,0.03125,0
684,90043,53,0.03125,0
685,90081,38,0.0625,0
686,90121,40,0.0625,0
687,90161,40,0.0625,0
688,90352,191,0.1875,0
689,90453,101,0.125,0
690,90536,83,0.0625,0
691,90576,40,0.0625,0
692,90616,40,0.0625,0
693,90645,29,0.03125,0
694,90814,169,0.109375,0
695,90863,49,0.0625,0
696,90903,40,0.0625,0
697,90943,40,0.0625,0
698,91087,144,0.0625,0
699,91218,131,0.0625,0
700,91349,131,0.0625,0
701,91480,131,0.0625,0
702,91616,136,0.125,0
703,91682,66,0.078125,0
704,91733,51,0.015625,0
705,91746,13,0.015625,0
706,91767,21,0.03125,0
707,91781,14,0.015625,0
708,91794,13,0.015625,0
709,91815,21,0.03125,0
710,91829,14,0.015625,0
711,91842,13,0.015625,0
712,91863,21,0.03125,0
713,91877,14,0.015625,0
714,91890,13,0.015625,0
715,92023,133,0.046875,0
716,92153,130,0.0625,0
717,92284,131,0.0625,0
718,92415,131,0.0625,0
719,92559,144,0.125,0
720,92652,93,0.09375,0
721,92700,48,0.0625,0
722,92740,40,0.0625,0
723,92780,40,0.0625,0
724,92924,144,0.0625,0
725,93055,131,0.0625,0
726,93186,131,0.0625,0
727,93317,131,0.0625,0
728,93458,141,0.125,0
729,93550,92,0.09375,0
730,93598,48,0.0625,0
731,93638,40,0.0625,0
732,93678,40,0.0625,0
733,93829,151,0.0625,0
734,93960,131,0.0625,0
735,94091,131,0.0625,0
736,94222,131,0.0625,0
737,94353,131,0.125,0
738,94462,109,0.09375,0
739,94510,48,0.0625,0
740,94550,40,0.0625,0
741,94590,40,0.0625,0
742,94734,144,0.0625,0
743,94865,131,0.0625,0
744,94996,131,0.0625,0
745,95127,131,0.0625,0
746,95273,146,0.125,0
747,95365,92,0.09375,0
748,95413,48,0.0625,0
749,95453,40,0.0625,0
750,95493,40,0.0625,0
751,95637,144,0.0625,0
752,95768,131,0.0625,0
753,95899,131,0.0625,0
754,96030,131,0.0625,0
755,96176,146,0.125,0
756,96269,93,0.09375,0
757,96317,48,0.0625,0
758,96357,40,0.0625,0
759,96397,40,0.0625,0
760,96541,144,0.0625,0
761,96672,131,0.0625,0
762,96803,131,0.0625,0
763,96934,131,0.0625,0
764,97054,120,0.09375,0
765,97169,115,0.140625,0
766,97220,51,0.0625,0
767,97260,40,0.0625,0
768,97300,40,0.0625,0
769,97444,144,0.0625,0
770,97575,131,0.0625,0
771,97706,131,0.0625,0
772,97837,131,0.0625,0
773,97981,144,0.125,0
774,98076,95,0.09375,0
775,98124,48,0.0625,0
776,98164,40,0.0625,0
777,98204,40,0.0625,0
778,98348,144,0.0625,0
779,98479,131,0.0625,0
780,98610,131,0.0625,0
781,98741,131,0.0625,0
782,98882,141,0.109375,0
783,98945,63,0.078125,0
784,98996,51,0.015625,0
785,99009,13,0.015625,0
786,99030,21,0.03125,0
787,99044,14,0.015625,0
788,99057,13,0.015625,0
789,99078,21,0.03125,0
790,99092,14,0.015625,0
791,99105,13,0.015625,0
792,99126,21,0.03125,0
793,99140,14,0.015625,0
794,99153,13,0.015625,0
795,99286,133,0.046875,0
796,99416,130,0.0625,0
797,99547,131,0.0625,0
798,99678,131,0.0625,0
799,99797,119,0.109375,0
800,99912,115,0.140625,0
801,99963,51,0.0625,0
802,100003,40,0.0625,0
803,100043,40,0.0625,0
804,100187,144,0.0625,0
805,100318,131,0.0625,0
806,100449,131,0.0625,0
807,100580,131,0.0625,0
808,100725,145,0.125,0
809,100818,93,0.09375,0
810,100866,48,0.0625,0
811,100906,40,0.0625,0
812,100946,40,0.0625,0
813,101097,151,0.0625,0
814,101228,131,0.0625,0
815,101359,131,0.0625,0
816,101490,131,0.0625,0
817,101632,142,0.125,0
818,101725,93,0.09375,0
819,101773,48,0.0625,0
820,101813,40,0.0625,0
821,101853,40,0.0625,0
822,101997,144,0.0625,0
823,102128,131,0.0625,0
824,102259,131,0.0625,0
825,102390,131,0.0625,0
826,102536,146,0.125,0
827,102627,91,0.09375,0
828,102675,48,0.0625,0
829,102715,40,0.0625,0
830,102755,40,0.0625,0
831,102877,122,0.0625,0
832,102917,40,0.0625,0
833,102957,40,0.0625,0
834,102997,40,0.0625,0
835,103052,55,0.046875,0
836,103255,203,0.4375,0
837,104407,1152,0.109375,0
838,106336,1929,0.375,0
839,110328,3992,0.421875,0
840,110639,311,0.265625,0
841,110776,137,0.046875,0
842,110814,38,0.0625,0
843,110853,39,0.0625,0
844,110937,84,0.046875,0
845,111452,515,0.25,0
846,111632,180,0.125,0
847,112103,471,0.25,0
848,112285,182,0.125,0
849,112722,437,0.21875,0
850,112793,71,0.03125,0
851,112837,44,0.03125,0
852,112956,119,0.125,0
853,113324,368,0.234375,0
854,113429,105,0.0625,0
855,113469,40,0.0625,0
856,113513,44,0.03125,0
857,113633,120,0.125,0
858,114118,485,0.21875,0
859,114285,167,0.125,0
860,114749,464,0.265625,0
861,114937,188,0.125,0
862,115401,464,0.265625,0
863,115589,188,0.125,0
864,116053,464,0.265625,0
865,116241,188,0.125,0
866,116719,478,0.25,0
867,116898,179,0.125,0
868,117369,471,0.25,0
869,117549,180,0.125,0
870,117986,437,0.21875,0
871,118057,71,0.03125,0
872,118101,44,0.03125,0
873,118218,117,0.125,0
874,118586,368,0.234375,0
875,118691,105,0.0625,0
876,118731,40,0.0625,0
877,118775,44,0.03125,0
878,118895,120,0.125,0
879,119378,483,0.21875,0
880,119545,167,0.125,0
881,119844,299,0.15625,0
882,119922,78,0.0625,0
883,119994,72,0.0625,0
884,120066,72,0.0625,0
885,120230,164,0.296875,0
886,120369,139,0.046875,0
887,120407,38,0.0625,0
888,120446,39,0.0625,0
889,120547,101,0.046875,0
890,121042,495,0.25,0
891,121221,179,0.125,0
892,121692,471,0.25,0
893,121874,182,0.125,0
894,122311,437,0.21875,0
895,122382,71,0.03125,0
896,122426,44,0.03125,0
897,122543,117,0.125,0
898,122911,368,0.234375,0
899,123016,105,0.0625,0
900,123056,40,0.0625,0
901,123100,44,0.03125,0
902,123219,119,0.125,0
903,123704,485,0.21875,0
904,123870,166,0.125,0
905,124341,471,0.265625,0
906,124530,189,0.125,0
907,124994,464,0.265625,0
908,125182,188,0.125,0
909,125646,464,0.265625,0
910,125834,188,0.125,0
911,126312,478,0.25,0
912,126494,182,0.125,0
913,126965,471,0.25,0
914,127143,178,0.125,0
915,127580,437,0.21875,0
916,127651,71,0.03125,0
917,127695,44,0.03125,0
918,127812,117,0.125,0
919,128180,368,0.234375,0
920,128285,105,0.0625,0
921,128325,40,0.0625,0
922,128369,44,0.03125,0
923,128486,117,0.125,0
924,128971,485,0.21875,0
925,129138,167,0.125,0
926,129430,292,0.140625,0
927,129507,77,0.0625,0
928,129579,72,0.0625,0
929,129651,72,0.0625,0
930,129815,164,0.296875,0
931,129954,139,0.046875,0
932,129992,38,0.0625,0
933,130031,39,0.0625,0
934,130133,102,0.046875,0
935,130628,495,0.25,0
936,130807,179,0.125,0
937,131278,471,0.25,0
938,131459,181,0.125,0
939,131896,437,0.21875,0
940,131967,71,0.03125,0
941,132011,44,0.03125,0
942,132130,119,0.125,0
943,132498,368,0.234375,0
944,132603,105,0.0625,0
945,132643,40,0.0625,0
946,132687,44,0.03125,0
947,132806,119,0.125,0
948,133291,485,0.21875,0
949,133458,167,0.125,0
950,133929,471,0.265625,0
951,134114,185,0.125,0
952,134578,464,0.265625,0
953,134767,189,0.125,0
954,135231,464,0.265625,0
955,135419,188,0.125,0
956,135904,485,0.25,0
957,136082,178,0.125,0
958,136553,471,0.25,0
959,136732,179,0.125,0
960,137169,437,0.21875,0
961,137240,71,0.03125,0
962,137284,44,0.03125,0
963,137402,118,0.125,0
964,137770,368,0.234375,0
965,137875,105,0.0625,0
966,137915,40,0.0625,0
967,137959,44,0.03125,0
968,138078,119,0.125,0
969,138563,485,0.21875,0
970,138730,167,0.125,0
971,139022,292,0.140625,0
972,139099,77,0.0625,0
973,139171,72,0.0625,0
974,139243,72,0.0625,0
975,139353,110,0.078125,0
976,139434,81,0.21875,0
977,139550,116,0.046875,0
978,139588,38,0.0625,0
979,139627,39,0.0625,0
980,139730,103,0.046875,0
981,140225,495,0.25,0
982,140404,179,0.125,0
983,140875,471,0.25,0
984,141056,181,0.125,0
985,141493,437,0.21875,0
986,141564,71,0.03125,0
987,141608,44,0.03125,0
988,141724,116,0.125,0
989,142092,368,0.234375,0
990,142197,105,0.0625,0
991,142237,40,0.0625,0
992,142281,44,0.03125,0
993,142403,122,0.125,0
994,142886,483,0.21875,0
995,143053,167,0.125,0
996,143517,464,0.265625,0
997,143708,191,0.125,0
998,144175,467,0.265625,0
999,144362,187,0.125,0
1000,144826,464,0.265625,0
1001,145013,187,0.125,0
1002,145491,478,0.25,0
1003,145673,182,0.125,0
1004,146151,478,0.25,0
1005,146332,181,0.125,0
1006,146769,437,0.21875,0
1007,146840,71,0.03125,0
1008,146884,44,0.03125,0
1009,147001,117,0.125,0
1010,147369,368,0.234375,0
1011,147474,105,0.0625,0
1012,147514,40,0.0625,0
1013,147558,44,0.03125,0
1014,147676,118,0.125,0
1015,148161,485,0.21875,0
1016,148327,166,0.125,0
1017,148621,294,0.109375,0
1018,148661,40,0.03125,0
1019,148702,41,0.03125,0
1020,148737,35,0.03125,0
1021,148778,41,0.03125,0
1022,148813,35,0.03125,0
1023,148854,41,0.03125,0
1024,148886,32,0.03125,0
1025,149078,192,0.390625,0
1026,150275,1197,0.203125,0
1027,152408,2133,0.40625,0
1028,156414,4006,0.421875,0
1029,156725,311,0.265625,0
1030,156862,137,0.046875,0
1031,156900,38,0.0625,0
1032,156939,39,0.0625,0
1033,157023,84,0.046875,0
1034,157538,515,0.25,0
1035,157718,180,0.125,0
1036,158189,471,0.25,0
1037,158371,182,0.125,0
1038,158808,437,0.21875,0
1039,158879,71,0.03125,0
1040,158923,44,0.03125,0
1041,159042,119,0.125,0
1042,159410,368,0.234375,0
1043,159515,105,0.0625,0
1044,159555,40,0.0625,0
1045,159599,44,0.03125,0
1046,159719,120,0.125,0
1047,160204,485,0.21875,0
1048,160371,167,0.125,0
1049,160835,464,0.265625,0
1050,161023,188,0.125,0
1051,161487,464,0.265625,0
1052,161675,188,0.125,0
1053,162139,464,0.265625,0
1054,162327,188,0.125,0
1055,162805,478,0.25,0
1056,162984,179,0.125,0
1057,163455,471,0.25,0
1058,163635,180,0.125,0
1059,164072,437,0.21875,0
1060,164143,71,0.03125,0
1061,164187,44,0.03125,0
1062,164304,117,0.125,0
1063,164672,368,0.234375,0
1064,164777,105,0.0625,0
1065,164817,40,0.0625,0
1066,164861,44,0.03125,0
1067,164981,120,0.125,0
1068,165464,483,0.21875,0
1069,165631,167,0.125,0
1070,165930,299,0.15625,0
1071,166008,78,0.0625,0
1072,166080,72,0.0625,0
1073,166152,72,0.0625,0
1074,166316,164,0.296875,0
1075,166455,139,0.046875,0
1076,166493,38,0.0625,0
1077,166532,39,0.0625,0
1078,166633,101,0.046875,0
1079,167128,495,0.25,0
1080,167307,179,0.125,0
1081,167778,471,0.25,0
1082,167960,182,0.125,0
1083,168397,437,0.21875,0
1084,168468,71,0.03125,0
1085,168512,44,0.03125,0
1086,168629,117,0.125,0
1087,168997,368,0.234375,0
1088,169102,105,0.0625,0
1089,169142,40,0.0625,0
1090,169186,44,0.03125,0
1091,169305,119,0.125,0
1092,169790,485,0.21875,0
1093,169956,166,0.125,0
1094,170427,471,0.265625,0
1095,170616,189,0.125,0
1096,171080,464,0.265625,0
1097,171268,188,0.125,0
1098,171732,464,0.265625,0
1099,171920,188,0.125,0
1100,172398,478,0.25,0
1101,172580,182,0.125,0
1102,173051,471,0.25,0
1103,173229,178,0.125,0
1104,173666,437,0.21875,0
1105,173737,71,0.03125,0
1106,173781,44,0.03125,0
1107,173898,117,0.125,0
1108,174266,368,0.234375,0
1109,174371,105,0.0625,0
1110,174411,40,0.0625,0
1111,174455,44,0.03125,0
1112,174572,117,0.125,0
1113,175057,485,0.21875,0
1114,175224,167,0.125,0
1115,175516,292,0.140625,0
1116,175593,77,0.0625,0
1117,175665,72,0.0625,0
1118,175737,72,0.0625,0
1119,175901,164,0.296875,0
1120,176040,139,0.046875,0
1121,176078,38,0.0625,0
1122,176117,39,0.0625,0
1123,176219,102,0.046875,0
1124,176714,495,0.25,0
1125,176893,179,0.125,0
1126,177364,471,0.25,0
1127,177545,181,0.125,0
1128,177982,437,0.21875,0
1129,178053,71,0.03125,0
1130,178097,44,0.03125,0
1131,178216,119,0.125,0
1132,178584,368,0.234375,0
1133,178689,105,0.0625,0
1134,178729,40,0.0625,0
1135,178773,44,0.03125,0
1136,178892,119,0.125,0
1137,179377,485,0.21875,0
1138,179544,167,0.125,0
1139,180015,471,0.265625,0
1140,180200,185,0.125,0
1141,180664,464,0.265625,0
1142,180853,189,0.125,0
1143,181317,464,0.265625,0
1144,181505,188,0.125,0
1145,181990,485,0.25,0
1146,182168,178,0.125,0
1147,182639,471,0.25,0
1148,182818,179,0.125,0
1149,183255,437,0.21875,0
1150,183326,71,0.03125,0
1151,183370,44,0.03125,0
1152,183488,118,0.125,0
1153,183856,368,0.234375,0
1154,183961,105,0.0625,0
1155,184001,40,0.0625,0
1156,184045,44,0.03125,0
1157,184164,119,0.125,0
1158,184649,485,0.21875,0
1159,184816,167,0.125,0
1160,185108,292,0.140625,0
1161,185185,77,0.0625,0
1162,185257,72,0.0625,0
1163,185329,72,0.0625,0
1164,185439,110,0.078125,0
1165,185520,81,0.21875,0
1166,185636,116,0.046875,0
1167,185674,38,0.0625,0
1168,185713,39,0.0625,0
1169,185816,103,0.046875,0
1170,186311,495,0.25,0
1171,186490,179,0.125,0
1172,186961,471,0.25,0
1173,187142,181,0.125,0
1174,187579,437,0.21875,0
1175,187650,71,0.03125,0
1176,187694,44,0.03125,0
1177,187810,116,0.125,0
1178,188178,368,0.234375,0
1179,188283,105,0.0625,0
1180,188323,40,0.0625,0
1181,188367,44,0.03125,0
1182,188489,122,0.125,0
1183,188972,483,0.21875,0
1184,189139,167,0.125,0
1185,189603,464,0.265625,0
1186,189794,191,0.125,0
1187,190261,467,0.265625,0
1188,190448,187,0.125,0
1189,190912,464,0.265625,0
1190,191099,187,0.125,0
1191,191577,478,0.25,0
1192,191759,182,0.125,0
1193,192237,478,0.25,0
1194,192418,181,0.125,0
1195,192855,437,0.21875,0
1196,192926,71,0.03125,0
1197,192970,44,0.03125,0
1198,193087,117,0.125,0
1199,193455,368,0.234375,0
1200,193560,105,0.0625,0
1201,193600,40,0.0625,0
1202,193644,44,0.03125,0
1203,193762,118,0.125,0
1204,194247,485,0.21875,0
1205,194413,166,0.125,0
1206,194707,294,0.109375,0
1207,194747,40,0.03125,0
1208,194788,41,0.03125,0
1209,194823,35,0.03125,0
1210,194864,41,0.03125,0
1211,194899,35,0.03125,0
1212,194940,41,0.03125,0
1213,194972,32,0.03125,0
1214,195164,192,0.390625,0
1215,195712,548,0.109375,0
1216,196409,697,0.171875,0
1217,198633,2224,0.453125,0
1218,201625,2992,0.15625,0
1219,201715,90,0.0625,0
1220,201754,39,0.0625,0
1221,201794,40,0.0625,0
1222,201823,29,0.03125,0
1223,201956,133,0.109375,0
1224,202009,53,0.015625,0
1225,202022,13,0.015625,0
1226,202043,21,0.03125,0
1227,202057,14,0.015625,0
1228,202070,13,0.015625,0
1229,202091,21,0.03125,0
1230,202105,14,0.015625,0
1231,202118,13,0.015625,0
1232,202139,21,0.03125,0
1233,202153,14,0.015625,0
1234,202166,13,0.015625,0
1235,202306,140,0.046875,0
1236,202436,130,0.0625,0
1237,202567,131,0.0625,0
1238,202698,131,0.0625,0
1239,202846,148,0.109375,0
1240,202937,91,0.09375,0
1241,202983,46,0.0625,0
1242,203021,38,0.0625,0
1243,203060,39,0.0625,0
1244,203211,151,0.0625,0
1245,203342,131,0.0625,0
1246,203473,131,0.0625,0
1247,203604,131,0.0625,0
1248,203752,148,0.109375,0
1249,203844,92,0.09375,0
1250,203891,47,0.0625,0
1251,203930,39,0.0625,0
1252,203968,38,0.0625,0
1253,204119,151,0.0625,0
1254,204250,131,0.0625,0
1255,204381,131,0.0625,0
1256,204512,131,0.0625,0
1257,204668,156,0.125,0
1258,204750,82,0.046875,0
1259,204795,45,0.0625,0
1260,204835,40,0.0625,0
1261,204875,40,0.0625,0
1262,205026,151,0.0625,0
1263,205157,131,0.0625,0
1264,205288,131,0.0625,0
1265,205419,131,0.0625,0
1266,205557,138,0.125,0
1267,205657,100,0.09375,0
1268,205703,46,0.0625,0
1269,205743,40,0.0625,0
1270,205783,40,0.0625,0
1271,205934,151,0.0625,0
1272,206065,131,0.0625,0
1273,206196,131,0.0625,0
1274,206327,131,0.0625,0
1275,206472,145,0.125,0
1276,206565,93,0.09375,0
1277,206613,48,0.0625,0
1278,206653,40,0.0625,0
1279,206693,40,0.0625,0
1280,206844,151,0.0625,0
1281,206975,131,0.0625,0
1282,207106,131,0.0625,0
1283,207237,131,0.0625,0
1284,207377,140,0.109375,0
1285,207475,98,0.09375,0
1286,207523,48,0.0625,0
1287,207563,40,0.0625,0
1288,207603,40,0.0625,0
1289,207754,151,0.0625,0
1290,207885,131,0.0625,0
1291,208016,131,0.0625,0
1292,208147,131,0.0625,0
1293,208292,145,0.125,0
1294,208383,91,0.09375,0
1295,208431,48,0.0625,0
1296,208471,40,0.0625,0
1297,208511,40,0.0625,0
1298,208662,151,0.0625,0
1299,208793,131,0.0625,0
1300,208924,131,0.0625,0
1301,209055,131,0.0625,0
1302,209183,128,0.125,0
1303,209256,73,0.078125,0
1304,209307,51,0.015625,0
1305,209320,13,0.015625,0
1306,209341,21,0.03125,0
1307,209355,14,0.015625,0
1308,209368,13,0.015625,0
1309,209389,21,0.03125,0
1310,209403,14,0.015625,0
1311,209416,13,0.015625,0
1312,209437,21,0.03125,0
1313,209451,14,0.015625,0
1314,209464,13,0.015625,0
1315,209604,140,0.046875,0
1316,209734,130,0.0625,0
1317,209865,131,0.0625,0
1318,209996,131,0.0625,0
1319,210137,141,0.125,0
1320,210232,95,0.09375,0
1321,210280,48,0.0625,0
1322,210320,40,0.0625,0
1323,210360,40,0.0625,0
1324,210511,151,0.0625,0
1325,210642,131,0.0625,0
1326,210773,131,0.0625,0
1327,210904,131,0.0625,0
1328,211042,138,0.109375,0
1329,211142,100,0.09375,0
1330,211190,48,0.0625,0
1331,211230,40,0.0625,0
1332,211270,40,0.0625,0
1333,211421,151,0.0625,0
1334,211552,131,0.0625,0
1335,211683,131,0.0625,0
1336,211814,131,0.0625,0
1337,211948,134,0.109375,0
1338,212053,105,0.09375,0
1339,212101,48,0.0625,0
1340,212141,40,0.0625,0
1341,212181,40,0.0625,0
1342,212332,151,0.0625,0
1343,212463,131,0.0625,0
1344,212594,131,0.0625,0
1345,212725,131,0.0625,0
1346,212866,141,0.125,0
1347,212960,94,0.09375,0
1348,213008,48,0.0625,0
1349,213048,40,0.0625,0
1350,213088,40,0.0625,0
1351,213239,151,0.0625,0
1352,213370,131,0.0625,0
1353,213501,131,0.0625,0
1354,213632,131,0.0625,0
1355,213777,145,0.125,0
1356,213870,93,0.09375,0
1357,213918,48,0.0625,0
1358,213958,40,0.0625,0
1359,213998,40,0.0625,0
1360,214044,46,0.03125,0
1361,215385,1341,0.3125,0
1362,216611,1226,0.46875,0
1363,219616,3005,0.234375,0
1364,219742,126,0.0625,0
1365,219782,40,0.0625,0
1366,219822,40,0.0625,0
1367,219925,103,0.046875,0
1368,220388,463,0.28125,0
1369,220583,195,0.125,0
1370,221043,460,0.265625,0
1371,221230,187,0.125,0
1372,221683,453,0.265625,0
1373,221871,188,0.125,0
1374,222303,432,0.3125,0
1375,222512,209,0.125,0
1376,222806,294,0.3125,0
1377,222916,110,0.015625,0
1378,222936,20,0.03125,0
1379,222950,14,0.015625,0
1380,222963,13,0.015625,0
1381,222983,20,0.03125,0
1382,222997,14,0.015625,0
1383,223010,13,0.015625,0
1384,223030,20,0.03125,0
1385,223044,14,0.015625,0
1386,223057,13,0.015625,0
1387,223094,37,0.015625,0
1388,223215,121,0.125,0
1389,223639,424,0.328125,0
1390,223851,212,0.125,0
1391,224276,425,0.328125,0
1392,224492,216,0.125,0
1393,224938,446,0.3125,0
1394,225147,209,0.125,0
1395,225593,446,0.28125,0
1396,225787,194,0.125,0
1397,226246,459,0.265625,0
1398,226434,188,0.125,0
1399,226887,453,0.265625,0
1400,227074,187,0.125,0
1401,227506,432,0.3125,0
1402,227714,208,0.125,0
1403,228008,294,0.3125,0
1404,228118,110,0.015625,0
1405,228138,20,0.03125,0
1406,228152,14,0.015625,0
1407,228165,13,0.015625,0
1408,228185,20,0.03125,0
1409,228199,14,0.015625,0
1410,228212,13,0.015625,0
1411,228232,20,0.03125,0
1412,228246,14,0.015625,0
1413,228259,13,0.015625,0
1414,228296,37,0.015625,0
1415,228410,114,0.125,0
1416,228864,454,0.5,0
