checkpoints,cycle count,last checkpoint,dirty ratio,cause
1,2697,2697,0.398438,0
2,6421,3724,0.710938,0
3,6888,467,0.234375,0
4,7447,559,0.132812,0
5,7636,189,0.0078125,0
6,8450,814,0.195312,0
7,8785,335,0.132812,0
8,9369,584,0.1875,0
9,10247,878,0.195312,0
10,10587,340,0.125,0
11,11161,574,0.164062,0
12,12083,922,0.195312,0
13,12233,150,0.0234375,0
14,12276,43,0.03125,0
15,12314,38,0.03125,0
16,12353,39,0.03125,0
17,12521,168,0.125,0
18,13309,788,0.195312,0
19,13635,326,0.132812,0
20,14199,564,0.195312,0
21,15227,1028,0.382812,0
22,15584,357,0.132812,0
23,16679,1095,0.15625,0
24,20918,4239,0.15625,0
25,22935,2017,0.289062,0
26,23805,870,0.226562,0
27,25439,1634,0.226562,0
28,29177,3738,0.164062,0
29,30661,1484,0.234375,0
30,31022,361,0.1875,0
31,33111,2089,0.164062,0
32,37307,4196,0.164062,0
33,38620,1313,0.390625,0
34,39652,1032,0.09375,0
35,41515,1863,0.242188,0
36,45329,3814,0.742188,0
37,46425,1096,0.125,0
38,47135,710,0.132812,0
39,48708,1573,0.125,0
40,48886,178,0.109375,0
41,48942,56,0.03125,0
42,48982,40,0.03125,0
43,49022,40,0.03125,0
44,49427,405,0.109375,0
45,49631,204,0.0625,0
46,50457,826,0.125,0
47,51254,797,0.125,0
48,51977,723,0.132812,0
49,53595,1618,0.117188,0
50,54408,813,0.117188,0
51,55228,820,0.117188,0
52,55324,96,0.0390625,0
53,55371,47,0.03125,0
54,55411,40,0.03125,0
55,55451,40,0.03125,0
56,55856,405,0.109375,0
57,56102,246,0.101562,0
58,56833,731,0.359375,0
59,57200,367,0.125,0
60,57758,558,0.125,0
61,58042,284,0.125,0
62,58693,651,0.125,0
63,58870,177,0.125,0
64,59445,575,0.125,0
65,59597,152,0.09375,0
66,59651,54,0.03125,0
67,59691,40,0.03125,0
68,59731,40,0.03125,0
69,60143,412,0.109375,0
70,60371,228,0.0859375,0
71,60583,212,0.125,0
72,61159,576,0.125,0
73,61419,260,0.125,0
74,61988,569,0.125,0
75,62253,265,0.125,0
76,62904,651,0.125,0
77,63081,177,0.125,0
78,63705,624,0.125,0
79,63920,215,0.125,0
80,64513,593,0.125,0
81,64757,244,0.125,0
82,65407,650,0.125,0
83,65584,177,0.125,0
84,66190,606,0.125,0
85,66311,121,0.0625,0
86,66361,50,0.03125,0
87,66401,40,0.03125,0
88,66441,40,0.03125,0
89,66853,412,0.109375,0
90,67100,247,0.101562,0
91,67296,196,0.125,0
92,67848,552,0.125,0
93,68140,292,0.125,0
94,68547,407,0.234375,0
95,69599,1052,0.148438,0
96,70436,837,0.125,0
97,70557,121,0.0546875,0
98,70606,49,0.03125,0
99,70646,40,0.03125,0
100,70686,40,0.03125,0
101,71091,405,0.109375,0
102,72046,955,0.125,0
103,72914,868,0.125,0
104,73723,809,0.125,0
105,74441,718,0.132812,0
106,75319,878,0.125,0
107,76064,745,0.132812,0
108,76849,785,0.132812,0
109,77027,178,0.109375,0
110,77083,56,0.03125,0
111,77123,40,0.03125,0
112,77163,40,0.03125,0
113,77568,405,0.109375,0
114,77737,169,0.03125,0
115,78567,830,0.125,0
116,79337,770,0.132812,0
117,79629,292,0.132812,0
118,80009,380,0.203125,0
119,80234,225,0.171875,0
120,81143,909,0.132812,0
121,81260,117,0.046875,0
122,81308,48,0.03125,0
123,81348,40,0.03125,0
124,81388,40,0.03125,0
125,81793,405,0.109375,0
126,82045,252,0.109375,0
127,83549,1504,0.125,0
128,85110,1561,0.132812,0
129,85967,857,0.117188,0
130,86770,803,0.125,0
131,87506,736,0.132812,0
132,87672,166,0.09375,0
133,87726,54,0.03125,0
134,87766,40,0.03125,0
135,87806,40,0.03125,0
136,88211,405,0.109375,0
137,88420,209,0.0703125,0
138,89161,741,0.132812,0
139,90056,895,0.125,0
140,90778,722,0.132812,0
141,91267,489,0.132812,0
142,91842,575,0.273438,0
143,92705,863,0.0859375,0
144,94568,1863,0.242188,0
145,98218,3650,0.75,0
146,98799,581,0.1875,0
147,99636,837,0.1875,0
148,100001,365,0.132812,0
149,100679,678,0.1875,0
150,101237,558,0.148438,0
151,102041,804,0.195312,0
152,102425,384,0.132812,0
153,103201,776,0.195312,0
154,103569,368,0.132812,0
155,104124,555,0.1875,0
156,104758,634,0.1875,0
157,105472,714,0.1875,0
158,105990,518,0.148438,0
159,107233,1243,0.40625,0
160,107560,327,0.109375,0
161,108355,795,0.1875,0
162,108711,356,0.132812,0
163,109305,594,0.140625,0
164,109910,605,0.1875,0
165,110781,871,0.195312,0
166,111135,354,0.132812,0
167,111943,808,0.195312,0
168,112333,390,0.132812,0
169,112890,557,0.1875,0
170,113501,611,0.1875,0
171,114145,644,0.140625,0
172,114766,621,0.1875,0
173,115367,601,0.171875,0
174,116047,680,0.359375,0
175,116339,292,0.109375,0
176,117135,796,0.1875,0
177,117734,599,0.195312,0
178,118008,274,0.101562,0
179,118204,196,0.15625,0
180,118727,523,0.15625,0
181,119575,848,0.195312,0
182,119953,378,0.132812,0
183,120490,537,0.195312,0
184,121104,614,0.195312,0
185,121967,863,0.1875,0
186,122563,596,0.195312,0
187,122837,274,0.101562,0
188,123032,195,0.15625,0
189,123554,522,0.15625,0
190,124766,1212,0.25,0
191,125059,293,0.203125,0
192,125922,863,0.1875,0
193,126297,375,0.132812,0
194,126861,564,0.140625,0
195,127483,622,0.1875,0
196,128350,867,0.195312,0
197,128728,378,0.132812,0
198,129508,780,0.195312,0
199,130111,603,0.195312,0
200,130509,398,0.125,0
201,131046,537,0.1875,0
202,131775,729,0.1875,0
203,132370,595,0.179688,0
204,132916,546,0.148438,0
205,133280,364,0.132812,0
206,133365,85,0.03125,0
207,133437,72,0.03125,0
208,133506,69,0.03125,0
209,133833,327,0.242188,0
210,135186,1353,0.117188,0
211,136986,1800,0.257812,0
212,140650,3664,0.75,0
213,141231,581,0.1875,0
214,142068,837,0.1875,0
215,142433,365,0.132812,0
216,143111,678,0.1875,0
217,143669,558,0.148438,0
218,144473,804,0.195312,0
219,144857,384,0.132812,0
220,145633,776,0.195312,0
221,146001,368,0.132812,0
222,146556,555,0.1875,0
223,147190,634,0.1875,0
224,147904,714,0.1875,0
225,148422,518,0.148438,0
226,149665,1243,0.40625,0
227,149992,327,0.109375,0
228,150787,795,0.1875,0
229,151143,356,0.132812,0
230,151737,594,0.140625,0
231,152342,605,0.1875,0
232,153213,871,0.195312,0
233,153567,354,0.132812,0
234,154375,808,0.195312,0
235,154765,390,0.132812,0
236,155322,557,0.1875,0
237,155933,611,0.1875,0
238,156577,644,0.140625,0
239,157198,621,0.1875,0
240,157799,601,0.171875,0
241,158479,680,0.359375,0
242,158771,292,0.109375,0
243,159567,796,0.1875,0
244,160166,599,0.195312,0
245,160440,274,0.101562,0
246,160636,196,0.15625,0
247,161159,523,0.15625,0
248,162007,848,0.195312,0
249,162385,378,0.132812,0
250,162922,537,0.195312,0
251,163536,614,0.195312,0
252,164399,863,0.1875,0
253,164995,596,0.195312,0
254,165269,274,0.101562,0
255,165464,195,0.15625,0
256,165986,522,0.15625,0
257,167198,1212,0.25,0
258,167491,293,0.203125,0
259,168354,863,0.1875,0
260,168729,375,0.132812,0
261,169293,564,0.140625,0
262,169915,622,0.1875,0
263,170782,867,0.195312,0
264,171160,378,0.132812,0
265,171940,780,0.195312,0
266,172543,603,0.195312,0
267,172941,398,0.125,0
268,173478,537,0.1875,0
269,174207,729,0.1875,0
270,174802,595,0.179688,0
271,175348,546,0.148438,0
272,175712,364,0.132812,0
273,175797,85,0.03125,0
274,175869,72,0.03125,0
275,175938,69,0.03125,0
276,176265,327,0.242188,0
277,176728,463,0.0546875,0
278,177663,935,0.101562,0
279,179514,1851,0.375,0
280,182360,2846,0.726562,0
281,182622,262,0.101562,0
282,182677,55,0.03125,0
283,182717,40,0.03125,0
284,182757,40,0.03125,0
285,183169,412,0.109375,0
286,183404,235,0.09375,0
287,183603,199,0.125,0
288,184161,558,0.125,0
289,184431,270,0.125,0
290,184989,558,0.125,0
291,185255,266,0.125,0
292,185825,570,0.125,0
293,186084,259,0.125,0
294,186734,650,0.125,0
295,186907,173,0.125,0
296,187512,605,0.125,0
297,187735,223,0.125,0
298,188304,569,0.125,0
299,188564,260,0.125,0
300,189172,608,0.125,0
301,189287,115,0.0546875,0
302,189336,49,0.03125,0
303,189376,40,0.03125,0
304,189416,40,0.03125,0
305,189828,412,0.109375,0
306,190084,256,0.117188,0
307,190272,188,0.125,0
308,190848,576,0.125,0
309,191106,258,0.125,0
310,191658,552,0.125,0
311,191941,283,0.125,0
312,192493,552,0.125,0
313,192778,285,0.125,0
314,193418,640,0.125,0
315,193610,192,0.125,0
316,194871,1261,0.242188,0
317,196129,1258,0.375,0
318,199566,3437,0.578125,0
319,201843,2277,0.164062,0
320,206017,4174,0.164062,0
321,206721,704,0.3125,0
