checkpoints,cycle count,last checkpoint,dirty ratio,cause
1,134,134,0.296875,0
2,699,565,0.125,0
3,2551,1852,0.25,0
4,2780,229,0.140625,0
5,2908,128,0.265625,0
6,3061,153,0.0625,0
7,3109,48,0.0625,0
8,3157,48,0.0625,0
9,3205,48,0.0625,0
10,3253,48,0.0625,0
11,3301,48,0.0625,0
12,3349,48,0.0625,0
13,3397,48,0.0625,0
14,3445,48,0.0625,0
15,3493,48,0.0625,0
16,3541,48,0.0625,0
17,3589,48,0.0625,0
18,3637,48,0.0625,0
19,3685,48,0.0625,0
20,3733,48,0.0625,0
21,3836,103,0.28125,0
22,3979,143,0.296875,0
23,4179,200,0.25,0
24,4378,199,0.25,0
25,4578,200,0.25,0
26,4950,372,0.5,0
27,5337,387,0.5,0
28,5555,218,0.25,0
29,5934,379,0.5,0
30,6145,211,0.25,0
31,6335,190,0.25,0
32,6532,197,0.25,0
33,6708,176,0.21875,0
34,6895,187,0.203125,0
35,6952,57,0.25,0
36,7221,269,0.21875,0
37,7273,52,0.25,0
38,7475,202,0.328125,0
39,7656,181,0.125,0
40,7704,48,0.0625,0
41,7742,38,0.0625,0
42,7781,39,0.0625,0
43,7911,130,0.03125,0
44,7957,46,0.25,0
45,8159,202,0.328125,0
46,8372,213,0.171875,0
47,8541,169,0.140625,0
48,8614,73,0.25,0
49,8816,202,0.328125,0
50,9173,357,0.265625,0
51,9261,88,0.25,0
52,9463,202,0.328125,0
53,9829,366,0.265625,0
54,9914,85,0.25,0
55,10116,202,0.328125,0
56,10297,181,0.125,0
57,10345,48,0.0625,0
58,10383,38,0.0625,0
59,10422,39,0.0625,0
60,10589,167,0.25,0
61,10791,202,0.328125,0
62,11004,213,0.171875,0
63,11182,178,0.140625,0
64,11250,68,0.25,0
65,11452,202,0.328125,0
66,11803,351,0.265625,0
67,11896,93,0.25,0
68,12098,202,0.328125,0
69,12462,364,0.265625,0
70,12550,88,0.25,0
71,12752,202,0.328125,0
72,12933,181,0.125,0
73,12981,48,0.0625,0
74,13019,38,0.0625,0
75,13058,39,0.0625,0
76,13227,169,0.25,0
77,13429,202,0.328125,0
78,13642,213,0.171875,0
79,13814,172,0.140625,0
80,13887,73,0.25,0
81,14089,202,0.328125,0
82,14446,357,0.265625,0
83,14532,86,0.25,0
84,14734,202,0.328125,0
85,15101,367,0.265625,0
86,15186,85,0.25,0
87,15388,202,0.328125,0
88,15569,181,0.125,0
89,15617,48,0.0625,0
90,15655,38,0.0625,0
91,15694,39,0.0625,0
92,16044,350,0.25,0
93,16228,184,0.40625,0
94,16379,151,0.15625,0
95,16522,143,0.15625,0
96,16608,86,0.265625,0
97,16826,218,0.40625,0
98,17019,193,0.125,0
99,17186,167,0.140625,0
100,17265,79,0.265625,0
101,17483,218,0.40625,0
102,17641,158,0.046875,0
103,17685,44,0.0625,0
104,17723,38,0.0625,0
105,17761,38,0.0625,0
106,17943,182,0.265625,0
107,18161,218,0.40625,0
108,18361,200,0.125,0
109,18522,161,0.140625,0
110,18607,85,0.265625,0
111,18825,218,0.40625,0
112,19025,200,0.125,0
113,19217,192,0.140625,0
114,19270,53,0.265625,0
115,19488,218,0.40625,0
116,19681,193,0.125,0
117,19869,188,0.140625,0
118,19928,59,0.265625,0
119,20146,218,0.40625,0
120,20304,158,0.046875,0
121,20348,44,0.0625,0
122,20386,38,0.0625,0
123,20424,38,0.0625,0
124,20534,110,0.03125,0
125,20611,77,0.265625,0
126,20829,218,0.40625,0
127,21022,193,0.125,0
128,21186,164,0.140625,0
129,21267,81,0.265625,0
130,21485,218,0.40625,0
131,21685,200,0.125,0
132,21846,161,0.140625,0
133,21930,84,0.265625,0
134,22148,218,0.40625,0
135,22341,193,0.125,0
136,22529,188,0.140625,0
137,22588,59,0.265625,0
138,22806,218,0.40625,0
139,22964,158,0.046875,0
140,23008,44,0.0625,0
141,23046,38,0.0625,0
142,23084,38,0.0625,0
143,23226,142,0.03125,0
144,23272,46,0.265625,0
145,23490,218,0.40625,0
146,23683,193,0.125,0
147,23844,161,0.140625,0
148,23928,84,0.265625,0
149,24146,218,0.40625,0
150,24346,200,0.125,0
151,24516,170,0.140625,0
152,24593,77,0.265625,0
153,24811,218,0.40625,0
154,25004,193,0.125,0
155,25177,173,0.140625,0
156,25247,70,0.25,0
157,25280,33,0.03125,0
158,25306,26,0.0625,0
159,25334,28,0.0625,0
160,25362,28,0.0625,0
161,25603,241,0.21875,0
162,25661,58,0.15625,0
163,25745,84,0.15625,0
164,25981,236,0.21875,0
165,26040,59,0.28125,0
166,26246,206,0.296875,0
167,26586,340,0.265625,0
168,26687,101,0.28125,0
169,26893,206,0.296875,0
170,27093,200,0.171875,0
171,27275,182,0.140625,0
172,27347,72,0.28125,0
173,27553,206,0.296875,0
174,27682,129,0.125,0
175,27747,65,0.03125,0
176,27775,28,0.046875,0
177,27812,37,0.0625,0
178,27850,38,0.0625,0
179,27970,120,0.03125,0
180,28033,63,0.28125,0
181,28239,206,0.296875,0
182,28587,348,0.265625,0
183,28679,92,0.28125,0
184,28885,206,0.296875,0
185,29225,340,0.265625,0
186,29324,99,0.28125,0
187,29530,206,0.296875,0
188,29730,200,0.171875,0
189,29910,180,0.140625,0
190,29985,75,0.28125,0
191,30191,206,0.296875,0
192,30320,129,0.125,0
193,30385,65,0.03125,0
194,30413,28,0.046875,0
195,30450,37,0.0625,0
196,30488,38,0.0625,0
197,30624,136,0.03125,0
198,30674,50,0.28125,0
199,30880,206,0.296875,0
200,31220,340,0.265625,0
201,31318,98,0.28125,0
202,31524,206,0.296875,0
203,31869,345,0.265625,0
204,31964,95,0.28125,0
205,32170,206,0.296875,0
206,32370,200,0.171875,0
207,32538,168,0.140625,0
208,32624,86,0.28125,0
209,32830,206,0.296875,0
210,32959,129,0.125,0
211,33024,65,0.03125,0
212,33052,28,0.046875,0
213,33089,37,0.0625,0
214,33127,38,0.0625,0
215,33239,112,0.03125,0
216,33311,72,0.28125,0
217,33517,206,0.296875,0
218,33854,337,0.265625,0
219,33955,101,0.28125,0
220,34161,206,0.296875,0
221,34510,349,0.265625,0
222,34592,82,0.25,0
223,34728,136,0.25,0
224,34984,256,0.28125,0
225,35043,59,0.1875,0
226,35141,98,0.03125,0
227,35171,30,0.046875,0
228,35210,39,0.0625,0
229,35250,40,0.0625,0
230,35357,107,0.109375,0
231,35572,215,0.375,0
232,35921,349,0.265625,0
233,36025,104,0.3125,0
234,36240,215,0.265625,0
235,36418,178,0.171875,0
236,36598,180,0.140625,0
237,36677,79,0.3125,0
238,36892,215,0.265625,0
239,37207,315,0.265625,0
240,37315,108,0.3125,0
241,37530,215,0.265625,0
242,37683,153,0.125,0
243,37731,48,0.0625,0
244,37769,38,0.0625,0
245,37807,38,0.0625,0
246,37943,136,0.03125,0
247,37998,55,0.3125,0
248,38213,215,0.265625,0
249,38550,337,0.265625,0
250,38634,84,0.3125,0
251,38849,215,0.265625,0
252,39027,178,0.171875,0
253,39195,168,0.140625,0
254,39286,91,0.3125,0
255,39501,215,0.265625,0
256,39822,321,0.265625,0
257,39925,103,0.3125,0
258,40140,215,0.265625,0
259,40293,153,0.125,0
260,40341,48,0.0625,0
261,40379,38,0.0625,0
262,40417,38,0.0625,0
263,40538,121,0.03125,0
264,40607,69,0.3125,0
265,40822,215,0.265625,0
266,41140,318,0.265625,0
267,41244,104,0.3125,0
268,41459,215,0.265625,0
269,41637,178,0.171875,0
270,41805,168,0.140625,0
271,41895,90,0.3125,0
272,42110,215,0.265625,0
273,42428,318,0.265625,0
274,42532,104,0.3125,0
275,42747,215,0.265625,0
276,42900,153,0.125,0
277,42948,48,0.0625,0
278,42986,38,0.0625,0
279,43024,38,0.0625,0
280,43150,126,0.03125,0
281,43212,62,0.3125,0
282,43427,215,0.265625,0
283,43745,318,0.265625,0
284,43981,236,0.25,0
285,44294,313,0.484375,0
286,45364,1070,0.265625,0
287,46515,1151,0.0625,0
288,47298,783,0.296875,0
289,47451,153,0.109375,0
290,47532,81,0.0625,0
291,47580,48,0.0625,0
292,47628,48,0.0625,0
293,47676,48,0.0625,0
294,47724,48,0.0625,0
295,47772,48,0.0625,0
296,47820,48,0.0625,0
297,47868,48,0.0625,0
298,47916,48,0.0625,0
299,47964,48,0.0625,0
300,48012,48,0.0625,0
301,48060,48,0.0625,0
302,48108,48,0.0625,0
303,48156,48,0.0625,0
304,48204,48,0.0625,0
305,48313,109,0.34375,0
306,48484,171,0.296875,0
307,48684,200,0.25,0
308,48883,199,0.25,0
309,49083,200,0.25,0
310,49455,372,0.5,0
311,49842,387,0.5,0
312,50060,218,0.25,0
313,50439,379,0.5,0
314,50650,211,0.25,0
315,50840,190,0.25,0
316,51037,197,0.25,0
317,51197,160,0.1875,0
318,51342,145,0.046875,0
319,51462,120,0.3125,0
320,51637,175,0.171875,0
321,51711,74,0.140625,0
322,51777,66,0.03125,0
323,51807,30,0.046875,0
324,51846,39,0.0625,0
325,51886,40,0.0625,0
326,52291,405,0.21875,0
327,52538,247,0.203125,0
328,53252,714,0.265625,0
329,53351,99,0.1875,0
330,54090,739,0.265625,0
331,54195,105,0.1875,0
332,54892,697,0.25,0
333,54968,76,0.140625,0
334,55040,72,0.140625,0
335,55106,66,0.03125,0
336,55136,30,0.046875,0
337,55175,39,0.0625,0
338,55215,40,0.0625,0
339,55620,405,0.21875,0
340,55825,205,0.125,0
341,55909,84,0.171875,0
342,56650,741,0.25,0
343,56739,89,0.15625,0
344,57437,698,0.25,0
345,57623,186,0.234375,0
346,58248,625,0.25,0
347,58328,80,0.15625,0
348,58390,62,0.109375,0
349,58454,64,0.03125,0
350,58484,30,0.046875,0
351,58523,39,0.0625,0
352,58563,40,0.0625,0
353,58968,405,0.21875,0
354,59213,245,0.203125,0
355,59944,731,0.265625,0
356,60038,94,0.171875,0
357,60794,756,0.265625,0
358,60891,97,0.15625,0
359,61606,715,0.25,0
360,61686,80,0.15625,0
361,61728,42,0.046875,0
362,61785,57,0.03125,0
363,61815,30,0.046875,0
364,61854,39,0.0625,0
365,61894,40,0.0625,0
366,62299,405,0.21875,0
367,62546,247,0.203125,0
368,62978,432,0.296875,0
369,63167,189,0.25,0
370,63302,135,0.0625,0
371,63342,40,0.0625,0
372,63382,40,0.0625,0
373,63435,53,0.09375,0
374,63584,149,0.21875,0
375,63698,114,0.1875,0
376,64252,554,0.25,0
377,64328,76,0.140625,0
378,64397,69,0.125,0
379,64556,159,0.234375,0
380,65166,610,0.25,0
381,65244,78,0.125,0
382,65401,157,0.234375,0
383,65976,575,0.25,0
384,66073,97,0.1875,0
385,66142,69,0.046875,0
386,66187,45,0.0625,0
387,66227,40,0.0625,0
388,66267,40,0.0625,0
389,66679,412,0.21875,0
390,66854,175,0.0625,0
391,66917,63,0.140625,0
392,67034,117,0.140625,0
393,67141,107,0.1875,0
394,67695,554,0.25,0
395,67781,86,0.171875,0
396,67905,124,0.15625,0
397,68141,236,0.21875,0
398,68560,419,0.1875,0
399,68637,77,0.15625,0
400,68759,122,0.15625,0
401,68995,236,0.21875,0
402,69432,437,0.203125,0
403,69525,93,0.1875,0
404,69593,68,0.03125,0
405,69631,38,0.0625,0
406,69671,40,0.0625,0
407,69711,40,0.0625,0
408,70123,412,0.21875,0
409,70304,181,0.078125,0
410,70393,89,0.203125,0
411,70511,118,0.125,0
412,71167,656,0.25,0
413,71319,152,0.1875,0
414,71565,246,0.234375,0
415,71973,408,0.1875,0
416,72073,100,0.21875,0
417,72190,117,0.125,0
418,72420,230,0.21875,0
419,72869,449,0.203125,0
420,72948,79,0.15625,0
421,73017,69,0.03125,0
422,73055,38,0.0625,0
423,73095,40,0.0625,0
424,73135,40,0.0625,0
425,73547,412,0.21875,0
426,73771,224,0.15625,0
427,73902,131,0.171875,0
428,74145,243,0.234375,0
429,74553,408,0.1875,0
430,74641,88,0.1875,0
431,74766,125,0.15625,0
432,74877,111,0.15625,0
433,75186,309,0.3125,0
434,75337,151,0.234375,0
435,75584,247,0.234375,0
436,75725,141,0.171875,0
437,76369,644,0.25,0
438,76530,161,0.21875,0
439,77205,675,0.25,0
440,77275,70,0.125,0
441,77313,38,0.046875,0
442,77370,57,0.03125,0
443,77400,30,0.046875,0
444,77439,39,0.0625,0
445,77479,40,0.0625,0
446,77884,405,0.21875,0
447,78234,350,0.265625,0
448,78860,626,0.25,0
449,78933,73,0.140625,0
450,79675,742,0.265625,0
451,80458,783,0.265625,0
452,80576,118,0.234375,0
453,80621,45,0.046875,0
454,80678,57,0.03125,0
455,80708,30,0.046875,0
456,80747,39,0.0625,0
457,80787,40,0.0625,0
458,81192,405,0.21875,0
459,81393,201,0.109375,0
460,81458,65,0.140625,0
461,81573,115,0.140625,0
462,82207,634,0.25,0
463,82300,93,0.1875,0
464,83024,724,0.265625,0
465,83110,86,0.15625,0
466,83816,706,0.265625,0
467,83928,112,0.21875,0
468,83978,50,0.0625,0
469,84036,58,0.03125,0
470,84066,30,0.046875,0
471,84105,39,0.0625,0
472,84145,40,0.0625,0
473,84550,405,0.21875,0
474,84719,169,0.0625,0
475,84801,82,0.1875,0
476,84927,126,0.171875,0
477,85574,647,0.25,0
478,85758,184,0.21875,0
479,86375,617,0.25,0
480,86456,81,0.15625,0
481,86674,218,0.265625,0
482,86778,104,0.03125,0
483,86816,38,0.0625,0
484,86856,40,0.0625,0
485,86896,40,0.0625,0
486,87084,188,0.1875,0
487,87251,167,0.265625,0
488,87407,156,0.171875,0
489,87484,77,0.140625,0
490,88206,722,0.25,0
491,88288,82,0.15625,0
492,88357,69,0.03125,0
493,88395,38,0.0625,0
494,88435,40,0.0625,0
495,88475,40,0.0625,0
496,88880,405,0.21875,0
497,89109,229,0.171875,0
498,89180,71,0.125,0
499,89896,716,0.25,0
500,89980,84,0.15625,0
501,90699,719,0.25,0
502,90861,162,0.21875,0
503,91504,643,0.25,0
504,91598,94,0.1875,0
505,91652,54,0.078125,0
506,91711,59,0.03125,0
507,91741,30,0.046875,0
508,91780,39,0.0625,0
509,91820,40,0.0625,0
510,92225,405,0.21875,0
511,92394,169,0.0625,0
512,92461,67,0.15625,0
513,93200,739,0.265625,0
514,93300,100,0.1875,0
515,93418,118,0.140625,0
516,94051,633,0.25,0
517,94245,194,0.234375,0
518,94853,608,0.25,0
519,94947,94,0.1875,0
520,95007,60,0.09375,0
521,95067,60,0.03125,0
522,95097,30,0.046875,0
523,95136,39,0.0625,0
524,95176,40,0.0625,0
525,95581,405,0.21875,0
526,95791,210,0.140625,0
527,96532,741,0.265625,0
528,96642,110,0.21875,0
529,96760,118,0.140625,0
530,97376,616,0.25,0
531,97468,92,0.1875,0
532,97620,152,0.203125,0
533,98222,602,0.25,0
534,98320,98,0.203125,0
535,98363,43,0.046875,0
536,98420,57,0.03125,0
537,98450,30,0.046875,0
538,98489,39,0.0625,0
539,98529,40,0.0625,0
540,98738,209,0.234375,0
541,99001,263,0.5,0
542,99596,595,0.15625,0
543,100012,416,0.15625,0
544,100251,239,0.078125,0
545,101297,1046,0.03125,0
546,102088,791,0.421875,0
547,102278,190,0.0625,0
548,102860,582,0.890625,0
549,102968,108,0.0625,0
550,103018,50,0.15625,0
551,103220,202,0.453125,0
552,103427,207,0.25,0
553,103806,379,0.5,0
554,104362,556,0.75,0
555,104597,235,0.25,0
556,104789,192,0.25,0
557,104992,203,0.25,0
558,105194,202,0.25,0
559,105389,195,0.25,0
560,105579,190,0.25,0
561,105889,310,0.375,0
562,106026,137,0.296875,0
563,106263,237,0.28125,0
564,106526,263,0.234375,0
565,106633,107,0.3125,0
566,106848,215,0.265625,0
567,107082,234,0.25,0
568,107221,139,0.015625,0
569,107283,62,0.3125,0
570,107498,215,0.265625,0
571,107817,319,0.265625,0
572,107923,106,0.3125,0
573,108138,215,0.265625,0
574,108358,220,0.21875,0
575,108504,146,0.0625,0
576,108579,75,0.3125,0
577,108794,215,0.265625,0
578,108937,143,0.125,0
579,109142,205,0.21875,0
580,109238,96,0.3125,0
581,109453,215,0.265625,0
582,109687,234,0.25,0
583,109814,127,0.015625,0
584,109888,74,0.3125,0
585,110103,215,0.265625,0
586,110428,325,0.265625,0
587,110527,99,0.3125,0
588,110742,215,0.265625,0
589,110962,220,0.21875,0
590,111174,212,0.3125,0
591,111389,215,0.265625,0
592,111532,143,0.125,0
593,111749,217,0.21875,0
594,111833,84,0.3125,0
595,112048,215,0.265625,0
596,112282,234,0.25,0
597,112400,118,0.015625,0
598,112482,82,0.3125,0
599,112697,215,0.265625,0
600,113025,328,0.265625,0
601,113122,97,0.3125,0
602,113337,215,0.265625,0
603,113557,220,0.21875,0
604,113688,131,0.0625,0
605,113777,89,0.3125,0
606,113992,215,0.265625,0
607,114135,143,0.125,0
608,114337,202,0.21875,0
609,114436,99,0.3125,0
610,114651,215,0.265625,0
611,114885,234,0.25,0
612,115222,337,0.25,0
613,115341,119,0.0625,0
614,115665,324,0.46875,0
615,115962,297,0.28125,0
616,116078,116,0.3125,0
617,116293,215,0.265625,0
618,116527,234,0.25,0
619,116668,141,0.015625,0
620,116728,60,0.3125,0
621,116943,215,0.265625,0
622,117268,325,0.265625,0
623,117368,100,0.3125,0
624,117583,215,0.265625,0
625,117803,220,0.21875,0
626,117945,142,0.0625,0
627,118022,77,0.3125,0
628,118237,215,0.265625,0
629,118380,143,0.125,0
630,118585,205,0.21875,0
631,118681,96,0.3125,0
632,118896,215,0.265625,0
633,119130,234,0.25,0
634,119324,194,0.3125,0
635,119539,215,0.265625,0
636,119855,316,0.265625,0
637,119964,109,0.3125,0
638,120179,215,0.265625,0
639,120399,220,0.21875,0
640,120611,212,0.3125,0
641,120826,215,0.265625,0
642,120969,143,0.125,0
643,121180,211,0.21875,0
644,121271,91,0.3125,0
645,121486,215,0.265625,0
646,121720,234,0.25,0
647,121856,136,0.015625,0
648,121922,66,0.3125,0
649,122137,215,0.265625,0
650,122479,342,0.265625,0
651,122558,79,0.3125,0
652,122773,215,0.265625,0
653,122993,220,0.21875,0
654,123158,165,0.0625,0
655,123212,54,0.3125,0
656,123427,215,0.265625,0
657,123570,143,0.125,0
658,123792,222,0.21875,0
659,123869,77,0.3125,0
660,124084,215,0.265625,0
661,124318,234,0.25,0
662,124454,136,0.015625,0
663,124660,206,0.25,0
664,124788,128,0.0625,0
665,125092,304,0.390625,0
666,125364,272,0.34375,0
667,125507,143,0.3125,0
668,125722,215,0.265625,0
669,125956,234,0.25,0
670,126097,141,0.015625,0
671,126157,60,0.3125,0
672,126372,215,0.265625,0
673,126697,325,0.265625,0
674,126797,100,0.3125,0
675,127012,215,0.265625,0
676,127232,220,0.21875,0
677,127375,143,0.0625,0
678,127452,77,0.3125,0
679,127667,215,0.265625,0
680,127810,143,0.125,0
681,128015,205,0.21875,0
682,128111,96,0.3125,0
683,128326,215,0.265625,0
684,128560,234,0.25,0
685,128757,197,0.3125,0
686,128972,215,0.265625,0
687,129315,343,0.265625,0
688,129397,82,0.3125,0
689,129612,215,0.265625,0
690,129832,220,0.21875,0
691,129972,140,0.0625,0
692,130052,80,0.3125,0
693,130267,215,0.265625,0
694,130410,143,0.125,0
695,130615,205,0.21875,0
696,130711,96,0.3125,0
697,130926,215,0.265625,0
698,131160,234,0.25,0
699,131278,118,0.015625,0
700,131361,83,0.3125,0
701,131576,215,0.265625,0
702,131906,330,0.265625,0
703,131998,92,0.3125,0
704,132213,215,0.265625,0
705,132433,220,0.21875,0
706,132567,134,0.0625,0
707,132653,86,0.3125,0
708,132868,215,0.265625,0
709,133011,143,0.125,0
710,133216,205,0.21875,0
711,133313,97,0.3125,0
712,133528,215,0.265625,0
713,133762,234,0.25,0
714,134098,336,0.25,0
715,134226,128,0.0625,0
716,134441,215,0.203125,0
717,134573,132,0.28125,0
718,134836,263,0.234375,0
719,134943,107,0.3125,0
720,135158,215,0.265625,0
721,135392,234,0.25,0
722,135533,141,0.015625,0
723,135593,60,0.3125,0
724,135808,215,0.265625,0
725,136150,342,0.265625,0
726,136232,82,0.3125,0
727,136447,215,0.265625,0
728,136667,220,0.21875,0
729,136800,133,0.0625,0
730,136885,85,0.3125,0
731,137100,215,0.265625,0
732,137243,143,0.125,0
733,137454,211,0.21875,0
734,137545,91,0.3125,0
735,137760,215,0.265625,0
736,137994,234,0.25,0
737,138191,197,0.3125,0
738,138406,215,0.265625,0
739,138731,325,0.265625,0
740,138830,99,0.3125,0
741,139045,215,0.265625,0
742,139265,220,0.21875,0
743,139477,212,0.3125,0
744,139692,215,0.265625,0
745,139835,143,0.125,0
746,140062,227,0.21875,0
747,140134,72,0.3125,0
748,140349,215,0.265625,0
749,140583,234,0.25,0
750,140780,197,0.3125,0
751,140995,215,0.265625,0
752,141323,328,0.265625,0
753,141420,97,0.3125,0
754,141635,215,0.265625,0
755,141855,220,0.21875,0
756,142029,174,0.0625,0
757,142074,45,0.3125,0
758,142289,215,0.265625,0
759,142432,143,0.125,0
760,142671,239,0.21875,0
761,142732,61,0.3125,0
762,142947,215,0.265625,0
763,143181,234,0.25,0
764,143328,147,0.015625,0
765,143521,193,0.25,0
766,143649,128,0.0625,0
767,143721,72,0.0625,0
768,143793,72,0.0625,0
769,143865,72,0.0625,0
770,144142,277,0.484375,0
771,145352,1210,0.28125,0
772,146513,1161,0.03125,0
773,147345,832,0.421875,0
774,147535,190,0.0625,0
775,148117,582,0.890625,0
776,148225,108,0.0625,0
777,148275,50,0.15625,0
778,148477,202,0.453125,0
779,148684,207,0.25,0
780,149063,379,0.5,0
781,149619,556,0.75,0
782,149854,235,0.25,0
783,150046,192,0.25,0
784,150249,203,0.25,0
785,150451,202,0.25,0
786,150646,195,0.25,0
787,150836,190,0.25,0
788,151146,310,0.375,0
789,151283,137,0.296875,0
790,151520,237,0.28125,0
791,151783,263,0.234375,0
792,151890,107,0.3125,0
793,152105,215,0.265625,0
794,152339,234,0.25,0
795,152478,139,0.015625,0
796,152540,62,0.3125,0
797,152755,215,0.265625,0
798,153074,319,0.265625,0
799,153180,106,0.3125,0
800,153395,215,0.265625,0
801,153615,220,0.21875,0
802,153761,146,0.0625,0
803,153836,75,0.3125,0
804,154051,215,0.265625,0
805,154194,143,0.125,0
806,154399,205,0.21875,0
807,154495,96,0.3125,0
808,154710,215,0.265625,0
809,154944,234,0.25,0
810,155071,127,0.015625,0
811,155145,74,0.3125,0
812,155360,215,0.265625,0
813,155685,325,0.265625,0
814,155784,99,0.3125,0
815,155999,215,0.265625,0
816,156219,220,0.21875,0
817,156431,212,0.3125,0
818,156646,215,0.265625,0
819,156789,143,0.125,0
820,157006,217,0.21875,0
821,157090,84,0.3125,0
822,157305,215,0.265625,0
823,157539,234,0.25,0
824,157657,118,0.015625,0
825,157739,82,0.3125,0
826,157954,215,0.265625,0
827,158282,328,0.265625,0
828,158379,97,0.3125,0
829,158594,215,0.265625,0
830,158814,220,0.21875,0
831,158945,131,0.0625,0
832,159034,89,0.3125,0
833,159249,215,0.265625,0
834,159392,143,0.125,0
835,159594,202,0.21875,0
836,159693,99,0.3125,0
837,159908,215,0.265625,0
838,160142,234,0.25,0
839,160479,337,0.25,0
840,160598,119,0.0625,0
841,160922,324,0.46875,0
842,161219,297,0.28125,0
843,161335,116,0.3125,0
844,161550,215,0.265625,0
845,161784,234,0.25,0
846,161925,141,0.015625,0
847,161985,60,0.3125,0
848,162200,215,0.265625,0
849,162525,325,0.265625,0
850,162625,100,0.3125,0
851,162840,215,0.265625,0
852,163060,220,0.21875,0
853,163202,142,0.0625,0
854,163279,77,0.3125,0
855,163494,215,0.265625,0
856,163637,143,0.125,0
857,163842,205,0.21875,0
858,163938,96,0.3125,0
859,164153,215,0.265625,0
860,164387,234,0.25,0
861,164581,194,0.3125,0
862,164796,215,0.265625,0
863,165112,316,0.265625,0
864,165221,109,0.3125,0
865,165436,215,0.265625,0
866,165656,220,0.21875,0
867,165868,212,0.3125,0
868,166083,215,0.265625,0
869,166226,143,0.125,0
870,166437,211,0.21875,0
871,166528,91,0.3125,0
872,166743,215,0.265625,0
873,166977,234,0.25,0
874,167113,136,0.015625,0
875,167179,66,0.3125,0
876,167394,215,0.265625,0
877,167736,342,0.265625,0
878,167815,79,0.3125,0
879,168030,215,0.265625,0
880,168250,220,0.21875,0
881,168415,165,0.0625,0
882,168469,54,0.3125,0
883,168684,215,0.265625,0
884,168827,143,0.125,0
885,169049,222,0.21875,0
886,169126,77,0.3125,0
887,169341,215,0.265625,0
888,169575,234,0.25,0
889,169711,136,0.015625,0
890,169917,206,0.25,0
891,170045,128,0.0625,0
892,170349,304,0.390625,0
893,170621,272,0.34375,0
894,170764,143,0.3125,0
895,170979,215,0.265625,0
896,171213,234,0.25,0
897,171354,141,0.015625,0
898,171414,60,0.3125,0
899,171629,215,0.265625,0
900,171954,325,0.265625,0
901,172054,100,0.3125,0
902,172269,215,0.265625,0
903,172489,220,0.21875,0
904,172632,143,0.0625,0
905,172709,77,0.3125,0
906,172924,215,0.265625,0
907,173067,143,0.125,0
908,173272,205,0.21875,0
909,173368,96,0.3125,0
910,173583,215,0.265625,0
911,173817,234,0.25,0
912,174014,197,0.3125,0
913,174229,215,0.265625,0
914,174572,343,0.265625,0
915,174654,82,0.3125,0
916,174869,215,0.265625,0
917,175089,220,0.21875,0
918,175229,140,0.0625,0
919,175309,80,0.3125,0
920,175524,215,0.265625,0
921,175667,143,0.125,0
922,175872,205,0.21875,0
923,175968,96,0.3125,0
924,176183,215,0.265625,0
925,176417,234,0.25,0
926,176535,118,0.015625,0
927,176618,83,0.3125,0
928,176833,215,0.265625,0
929,177163,330,0.265625,0
930,177255,92,0.3125,0
931,177470,215,0.265625,0
932,177690,220,0.21875,0
933,177824,134,0.0625,0
934,177910,86,0.3125,0
935,178125,215,0.265625,0
936,178268,143,0.125,0
937,178473,205,0.21875,0
938,178570,97,0.3125,0
939,178785,215,0.265625,0
940,179019,234,0.25,0
941,179355,336,0.25,0
942,179483,128,0.0625,0
943,179698,215,0.203125,0
944,179830,132,0.28125,0
945,180093,263,0.234375,0
946,180200,107,0.3125,0
947,180415,215,0.265625,0
948,180649,234,0.25,0
949,180790,141,0.015625,0
950,180850,60,0.3125,0
951,181065,215,0.265625,0
952,181407,342,0.265625,0
953,181489,82,0.3125,0
954,181704,215,0.265625,0
955,181924,220,0.21875,0
956,182057,133,0.0625,0
957,182142,85,0.3125,0
958,182357,215,0.265625,0
959,182500,143,0.125,0
960,182711,211,0.21875,0
961,182802,91,0.3125,0
962,183017,215,0.265625,0
963,183251,234,0.25,0
964,183448,197,0.3125,0
965,183663,215,0.265625,0
966,183988,325,0.265625,0
967,184087,99,0.3125,0
968,184302,215,0.265625,0
969,184522,220,0.21875,0
970,184734,212,0.3125,0
971,184949,215,0.265625,0
972,185092,143,0.125,0
973,185319,227,0.21875,0
974,185391,72,0.3125,0
975,185606,215,0.265625,0
976,185840,234,0.25,0
977,186037,197,0.3125,0
978,186252,215,0.265625,0
979,186580,328,0.265625,0
980,186677,97,0.3125,0
981,186892,215,0.265625,0
982,187112,220,0.21875,0
983,187286,174,0.0625,0
984,187331,45,0.3125,0
985,187546,215,0.265625,0
986,187689,143,0.125,0
987,187928,239,0.21875,0
988,187989,61,0.3125,0
989,188204,215,0.265625,0
990,188438,234,0.25,0
991,188585,147,0.015625,0
992,188778,193,0.25,0
993,188906,128,0.0625,0
994,188978,72,0.0625,0
995,189050,72,0.0625,0
996,189122,72,0.0625,0
997,189399,277,0.484375,0
998,189925,526,0.125,0
999,190655,730,0.234375,0
1000,191813,1158,0.03125,0
1001,192626,813,0.296875,0
1002,192834,208,0.4375,0
1003,192996,162,0.203125,0
1004,193190,194,0.25,0
1005,193389,199,0.25,0
1006,193589,200,0.25,0
1007,193961,372,0.5,0
1008,194348,387,0.5,0
1009,194566,218,0.25,0
1010,194945,379,0.5,0
1011,195156,211,0.25,0
1012,195346,190,0.25,0
1013,195555,209,0.28125,0
1014,195622,67,0.140625,0
1015,195772,150,0.203125,0
1016,195863,91,0.1875,0
1017,195923,60,0.09375,0
1018,195983,60,0.03125,0
1019,196013,30,0.046875,0
1020,196052,39,0.0625,0
1021,196092,40,0.0625,0
1022,196504,412,0.21875,0
1023,196733,229,0.171875,0
1024,196804,71,0.125,0
1025,196949,145,0.234375,0
1026,197506,557,0.25,0
1027,197586,80,0.15625,0
1028,197651,65,0.109375,0
1029,197806,155,0.234375,0
1030,198363,557,0.25,0
1031,198441,78,0.15625,0
1032,198505,64,0.109375,0
1033,198660,155,0.234375,0
1034,199229,569,0.25,0
1035,199334,105,0.21875,0
1036,199407,73,0.03125,0
1037,199445,38,0.0625,0
1038,199485,40,0.0625,0
1039,199525,40,0.0625,0
1040,199937,412,0.21875,0
1041,200171,234,0.1875,0
1042,200303,132,0.15625,0
1043,200538,235,0.21875,0
1044,200981,443,0.203125,0
1045,201046,65,0.125,0
1046,201156,110,0.125,0
1047,201390,234,0.21875,0
1048,201797,407,0.1875,0
1049,201887,90,0.1875,0
1050,202011,124,0.15625,0
1051,202247,236,0.21875,0
1052,202683,436,0.203125,0
1053,202770,87,0.171875,0
1054,202838,68,0.046875,0
1055,202883,45,0.0625,0
1056,202923,40,0.0625,0
1057,202963,40,0.0625,0
1058,203375,412,0.21875,0
1059,203633,258,0.234375,0
1060,203753,120,0.125,0
1061,204388,635,0.25,0
1062,204484,96,0.1875,0
1063,204589,105,0.125,0
1064,205205,616,0.25,0
1065,205287,82,0.15625,0
1066,205412,125,0.15625,0
1067,205653,241,0.234375,0
1068,206061,408,0.1875,0
1069,206133,72,0.140625,0
1070,206196,63,0.125,0
1071,206260,64,0.03125,0
1072,206298,38,0.0625,0
1073,206338,40,0.0625,0
1074,206378,40,0.0625,0
1075,206790,412,0.21875,0
1076,207007,217,0.15625,0
1077,207146,139,0.1875,0
1078,207267,121,0.171875,0
1079,207652,385,0.5,0
1080,208512,860,0.21875,0
1081,208925,413,0.03125,0
1082,209694,769,0.296875,0
1083,209905,211,0.4375,0
1084,210067,162,0.203125,0
1085,210261,194,0.25,0
1086,210460,199,0.25,0
1087,210660,200,0.25,0
1088,211032,372,0.5,0
1089,211419,387,0.5,0
1090,211637,218,0.25,0
1091,212016,379,0.5,0
1092,212227,211,0.25,0
1093,212417,190,0.25,0
1094,212626,209,0.28125,0
1095,212698,72,0.21875,0
1096,212960,262,0.21875,0
1097,213022,62,0.28125,0
1098,213228,206,0.296875,0
1099,213357,129,0.125,0
1100,213422,65,0.03125,0
1101,213450,28,0.046875,0
1102,213487,37,0.0625,0
1103,213525,38,0.0625,0
1104,213640,115,0.03125,0
1105,213710,70,0.28125,0
1106,213916,206,0.296875,0
1107,214253,337,0.265625,0
1108,214356,103,0.28125,0
1109,214562,206,0.296875,0
1110,214908,346,0.265625,0
1111,215002,94,0.28125,0
1112,215208,206,0.296875,0
1113,215408,200,0.171875,0
1114,215600,192,0.140625,0
1115,215663,63,0.28125,0
1116,215869,206,0.296875,0
1117,215998,129,0.125,0
1118,216063,65,0.03125,0
1119,216091,28,0.046875,0
1120,216128,37,0.0625,0
1121,216166,38,0.0625,0
1122,216346,180,0.28125,0
1123,216552,206,0.296875,0
1124,216906,354,0.265625,0
1125,216990,84,0.28125,0
1126,217196,206,0.296875,0
1127,217536,340,0.265625,0
1128,217636,100,0.28125,0
1129,217842,206,0.296875,0
1130,218042,200,0.171875,0
1131,218216,174,0.140625,0
1132,218296,80,0.28125,0
1133,218502,206,0.296875,0
1134,218631,129,0.125,0
1135,218696,65,0.03125,0
1136,218724,28,0.046875,0
1137,218761,37,0.0625,0
1138,218799,38,0.0625,0
1139,218923,124,0.03125,0
1140,218982,59,0.28125,0
1141,219188,206,0.296875,0
1142,219540,352,0.265625,0
1143,219628,88,0.28125,0
1144,219834,206,0.296875,0
1145,220177,343,0.265625,0
1146,220273,96,0.28125,0
1147,220479,206,0.296875,0
1148,220679,200,0.171875,0
1149,220861,182,0.140625,0
1150,220933,72,0.28125,0
1151,221139,206,0.296875,0
1152,221268,129,0.125,0
1153,221333,65,0.03125,0
1154,221361,28,0.046875,0
1155,221398,37,0.0625,0
1156,221436,38,0.0625,0
1157,221606,170,0.25,0
1158,221742,136,0.25,0
1159,222116,374,0.5,0
1160,223032,916,0.21875,0
1161,223438,406,0.03125,0
1162,224213,775,0.25,0
