checkpoints,cycle count,last checkpoint,dirty ratio,cause
1,393,393,0,0
2,461,55,0,0
3,3057,2582,0,0
4,3113,42,0,0
5,3312,185,0,0
6,3368,43,0,0
7,4294,911,0,0
8,7507,3181,0,0
9,7601,66,0,0
10,7614,6,0,0
11,7627,6,0,0
12,7640,6,0,0
13,7653,6,0,0
14,7666,6,0,0
15,7679,6,0,0
16,7692,6,0,0
17,7705,6,0,0
18,7718,6,0,0
19,7731,6,0,0
20,7744,6,0,0
21,7757,6,0,0
22,7770,6,0,0
23,7783,6,0,0
24,7796,6,0,0
25,7921,118,0,0
26,7934,6,0,0
27,7947,6,0,0
28,7960,6,0,0
29,7973,6,0,0
30,7986,6,0,0
31,7999,6,0,0
32,8012,6,0,0
33,8025,6,0,0
34,8038,6,0,0
35,8051,6,0,0
36,8064,6,0,0
37,8077,6,0,0
38,8090,6,0,0
39,8103,6,0,0
40,8124,14,0,0
41,18421,10290,0,0
42,18434,6,0,0
43,18447,6,0,0
44,18460,6,0,0
45,18473,6,0,0
46,18486,6,0,0
47,18499,6,0,0
48,18512,6,0,0
49,18525,6,0,0
50,18538,6,0,0
51,18551,6,0,0
52,18564,6,0,0
53,18577,6,0,0
54,18590,6,0,0
55,18603,6,0,0
56,18616,6,0,0
57,18741,118,0,0
58,18754,6,0,0
59,18767,6,0,0
60,18780,6,0,0
61,18793,6,0,0
62,18806,6,0,0
63,18819,6,0,0
64,18832,6,0,0
65,18845,6,0,0
66,18858,6,0,0
67,18871,6,0,0
68,18884,6,0,0
69,18897,6,0,0
70,18910,6,0,0
71,18923,6,0,0
72,18944,14,0,0
73,29241,10290,0,0
74,29254,6,0,0
75,29267,6,0,0
76,29280,6,0,0
77,29293,6,0,0
78,29306,6,0,0
79,29319,6,0,0
80,29332,6,0,0
81,29345,6,0,0
82,29358,6,0,0
83,29371,6,0,0
84,29384,6,0,0
85,29397,6,0,0
86,29410,6,0,0
87,29423,6,0,0
88,29436,6,0,0
89,29561,118,0,0
90,29574,6,0,0
91,29587,6,0,0
92,29600,6,0,0
93,29613,6,0,0
94,29626,6,0,0
95,29639,6,0,0
96,29652,6,0,0
97,29665,6,0,0
98,29678,6,0,0
99,29691,6,0,0
100,29704,6,0,0
101,29717,6,0,0
102,29730,6,0,0
103,29743,6,0,0
104,29764,14,0,0
105,40061,10290,0,0
106,40074,6,0,0
107,40087,6,0,0
108,40100,6,0,0
109,40113,6,0,0
110,40126,6,0,0
111,40139,6,0,0
112,40152,6,0,0
113,40165,6,0,0
114,40178,6,0,0
115,40191,6,0,0
116,40204,6,0,0
117,40217,6,0,0
118,40230,6,0,0
119,40243,6,0,0
120,40256,6,0,0
121,40381,118,0,0
122,40394,6,0,0
123,40407,6,0,0
124,40420,6,0,0
125,40433,6,0,0
126,40446,6,0,0
127,40459,6,0,0
128,40472,6,0,0
129,40485,6,0,0
130,40498,6,0,0
131,40511,6,0,0
132,40524,6,0,0
133,40537,6,0,0
134,40550,6,0,0
135,40563,6,0,0
136,40584,14,0,0
137,51037,10446,0,0
138,51346,283,0,0
139,51414,55,0,0
140,51474,37,0,0
141,51542,55,0,0
142,51602,37,0,0
143,51670,55,0,0
144,51730,37,0,0
145,51798,55,0,0
146,51858,37,0,0
147,51926,55,0,0
148,51986,37,0,0
149,52054,55,0,0
150,52114,37,0,0
151,52182,55,0,0
152,52242,37,0,0
153,52310,55,0,0
154,52370,37,0,0
155,52438,55,0,0
156,52498,37,0,0
157,52566,55,0,0
158,52626,37,0,0
159,52694,55,0,0
160,52754,37,0,0
161,52822,55,0,0
162,52882,37,0,0
163,52950,55,0,0
164,54256,1280,0,0
165,54367,98,0,0
166,54478,98,0,0
167,54589,98,0,0
168,54700,98,0,0
169,54811,98,0,0
170,54922,98,0,0
171,55033,98,0,0
172,55140,94,0,0
173,55209,56,0,0
174,56124,900,0,0
175,59327,3181,0,0
176,59603,249,0,0
177,59616,6,0,0
178,59629,6,0,0
179,59642,6,0,0
180,59655,6,0,0
181,59668,6,0,0
182,59681,6,0,0
183,59694,6,0,0
184,59707,6,0,0
185,59720,6,0,0
186,59733,6,0,0
187,59746,6,0,0
188,59759,6,0,0
189,59772,6,0,0
190,59785,6,0,0
191,59798,6,0,0
192,71814,12009,0,0
193,71955,129,0,0
194,72091,121,0,0
195,72104,6,0,0
196,72117,6,0,0
197,72130,6,0,0
198,72143,6,0,0
199,72156,6,0,0
200,72169,6,0,0
201,72182,6,0,0
202,72195,6,0,0
203,72208,6,0,0
204,72221,6,0,0
205,72234,6,0,0
206,72247,6,0,0
207,72260,6,0,0
208,72273,6,0,0
209,72286,6,0,0
210,84302,12009,0,0
211,84443,129,0,0
212,84579,121,0,0
213,84592,6,0,0
214,84605,6,0,0
215,84618,6,0,0
216,84631,6,0,0
217,84644,6,0,0
218,84657,6,0,0
219,84670,6,0,0
220,84683,6,0,0
221,84696,6,0,0
222,84709,6,0,0
223,84722,6,0,0
224,84735,6,0,0
225,84748,6,0,0
226,84761,6,0,0
227,84774,6,0,0
228,96790,12009,0,0
229,96931,129,0,0
230,97067,121,0,0
231,97080,6,0,0
232,97093,6,0,0
233,97106,6,0,0
234,97119,6,0,0
235,97132,6,0,0
236,97145,6,0,0
237,97158,6,0,0
238,97171,6,0,0
239,97184,6,0,0
240,97197,6,0,0
241,97210,6,0,0
242,97223,6,0,0
243,97236,6,0,0
244,97249,6,0,0
245,97262,6,0,0
246,109278,12009,0,0
247,109439,149,0,0
248,109744,283,0,0
249,109812,55,0,0
250,109872,37,0,0
251,109940,55,0,0
252,110000,37,0,0
253,110068,55,0,0
254,110128,37,0,0
255,110196,55,0,0
256,110256,37,0,0
257,110324,55,0,0
258,110384,37,0,0
259,110452,55,0,0
260,110512,37,0,0
261,110580,55,0,0
262,110640,37,0,0
263,110708,55,0,0
264,110768,37,0,0
265,110836,55,0,0
266,110896,37,0,0
267,110964,55,0,0
268,111024,37,0,0
269,111092,55,0,0
270,111152,37,0,0
271,111220,55,0,0
272,111280,37,0,0
273,111348,55,0,0
274,112631,1257,0,0
275,112742,98,0,0
276,112853,98,0,0
277,112964,98,0,0
278,113075,98,0,0
279,113186,98,0,0
280,113297,98,0,0
281,113408,98,0,0
282,113515,94,0,0
283,113584,56,0,0
284,113637,38,0,0
285,118189,4529,0,0
286,118202,6,0,0
287,118215,6,0,0
288,118228,6,0,0
289,118241,6,0,0
290,118254,6,0,0
291,118267,6,0,0
292,118280,6,0,0
293,118293,6,0,0
294,118306,6,0,0
295,118319,6,0,0
296,118332,6,0,0
297,118345,6,0,0
298,118358,6,0,0
299,118379,14,0,0
300,128666,10280,0,0
301,128679,3,0,0
302,128697,8,0,0
303,128718,14,0,0
304,128739,14,0,0
305,128760,14,0,0
306,128781,14,0,0
307,128802,14,0,0
308,128823,14,0,0
309,128844,14,0,0
310,128865,14,0,0
311,128886,14,0,0
312,128907,14,0,0
313,128928,14,0,0
314,128949,14,0,0
315,128970,14,0,0
316,128991,14,0,0
317,129012,14,0,0
318,129257,238,0,0
319,129270,6,0,0
320,129283,6,0,0
321,129296,6,0,0
322,129309,6,0,0
323,129322,6,0,0
324,129335,6,0,0
325,129348,6,0,0
326,129361,6,0,0
327,129374,6,0,0
328,129387,6,0,0
329,129400,6,0,0
330,129413,6,0,0
331,129426,6,0,0
332,129447,14,0,0
333,139734,10280,0,0
334,139753,8,0,0
335,139774,14,0,0
336,139795,14,0,0
337,139816,14,0,0
338,139837,14,0,0
339,139858,14,0,0
340,139879,14,0,0
341,139900,14,0,0
342,139921,14,0,0
343,139942,14,0,0
344,139963,14,0,0
345,139984,14,0,0
346,140005,14,0,0
347,140026,14,0,0
348,140047,14,0,0
349,140068,14,0,0
350,140313,238,0,0
351,140326,6,0,0
352,140339,6,0,0
353,140352,6,0,0
354,140365,6,0,0
355,140378,6,0,0
356,140391,6,0,0
357,140404,6,0,0
358,140417,6,0,0
359,140430,6,0,0
360,140443,6,0,0
361,140456,6,0,0
362,140469,6,0,0
363,140482,6,0,0
364,140503,14,0,0
365,150790,10280,0,0
366,150809,8,0,0
367,150830,14,0,0
368,150851,14,0,0
369,150872,14,0,0
370,150893,14,0,0
371,150914,14,0,0
372,150935,14,0,0
373,150956,14,0,0
374,150977,14,0,0
375,150998,14,0,0
376,151019,14,0,0
377,151040,14,0,0
378,151061,14,0,0
379,151082,14,0,0
380,151103,14,0,0
381,151124,14,0,0
382,151369,238,0,0
383,151382,6,0,0
384,151395,6,0,0
385,151408,6,0,0
386,151421,6,0,0
387,151434,6,0,0
388,151447,6,0,0
389,151460,6,0,0
390,151473,6,0,0
391,151486,6,0,0
392,151499,6,0,0
393,151512,6,0,0
394,151525,6,0,0
395,151538,6,0,0
396,151559,14,0,0
397,161846,10280,0,0
398,161865,8,0,0
399,161886,14,0,0
400,161907,14,0,0
401,161928,14,0,0
402,161949,14,0,0
403,161970,14,0,0
404,161991,14,0,0
405,162012,14,0,0
406,162033,14,0,0
407,162054,14,0,0
408,162075,14,0,0
409,162096,14,0,0
410,162117,14,0,0
411,162138,14,0,0
412,162159,14,0,0
413,162180,14,0,0
414,162309,122,0,0
415,162616,283,0,0
416,162684,55,0,0
417,162744,37,0,0
418,162812,55,0,0
419,162872,37,0,0
420,162940,55,0,0
421,163000,37,0,0
422,163131,118,0,0
423,163331,175,0,0
424,163398,54,0,0
425,163458,37,0,0
426,163525,54,0,0
427,163585,37,0,0
428,163652,54,0,0
429,163712,37,0,0
430,163779,54,0,0
431,163839,37,0,0
432,163906,54,0,0
433,163966,37,0,0
434,164033,54,0,0
435,164093,37,0,0
436,164185,79,0,0
437,164263,66,0,0
438,164331,55,0,0
439,164391,37,0,0
440,164459,55,0,0
441,165743,1258,0,0
442,165854,98,0,0
443,165965,98,0,0
444,166076,98,0,0
445,166187,98,0,0
446,166298,98,0,0
447,166409,98,0,0
448,166520,98,0,0
449,166627,94,0,0
450,166696,56,0,0
451,166790,79,0,0
452,171342,4529,0,0
453,171355,6,0,0
454,171368,6,0,0
455,171381,6,0,0
456,171394,6,0,0
457,171407,6,0,0
458,171420,6,0,0
459,171433,6,0,0
460,171446,6,0,0
461,171459,6,0,0
462,171472,6,0,0
463,171485,6,0,0
464,171498,6,0,0
465,171511,6,0,0
466,171532,14,0,0
467,181819,10280,0,0
468,181832,3,0,0
469,181850,8,0,0
470,181871,14,0,0
471,181892,14,0,0
472,181913,14,0,0
473,181934,14,0,0
474,181955,14,0,0
475,181976,14,0,0
476,181997,14,0,0
477,182018,14,0,0
478,182039,14,0,0
479,182060,14,0,0
480,182081,14,0,0
481,182102,14,0,0
482,182123,14,0,0
483,182144,14,0,0
484,182165,14,0,0
485,182410,238,0,0
486,182423,6,0,0
487,182436,6,0,0
488,182449,6,0,0
489,182462,6,0,0
490,182475,6,0,0
491,182488,6,0,0
492,182501,6,0,0
493,182514,6,0,0
494,182527,6,0,0
495,182540,6,0,0
496,182553,6,0,0
497,182566,6,0,0
498,182579,6,0,0
499,182600,14,0,0
500,192887,10280,0,0
501,192906,8,0,0
502,192927,14,0,0
503,192948,14,0,0
504,192969,14,0,0
505,192990,14,0,0
506,193011,14,0,0
507,193032,14,0,0
508,193053,14,0,0
509,193074,14,0,0
510,193095,14,0,0
511,193116,14,0,0
512,193137,14,0,0
513,193158,14,0,0
514,193179,14,0,0
515,193200,14,0,0
516,193221,14,0,0
517,193466,238,0,0
518,193479,6,0,0
519,193492,6,0,0
520,193505,6,0,0
521,193518,6,0,0
522,193531,6,0,0
523,193544,6,0,0
524,193557,6,0,0
525,193570,6,0,0
526,193583,6,0,0
527,193596,6,0,0
528,193609,6,0,0
529,193622,6,0,0
530,193635,6,0,0
531,193656,14,0,0
532,203943,10280,0,0
533,203962,8,0,0
534,203983,14,0,0
535,204004,14,0,0
536,204025,14,0,0
537,204046,14,0,0
538,204067,14,0,0
539,204088,14,0,0
540,204109,14,0,0
541,204130,14,0,0
542,204151,14,0,0
543,204172,14,0,0
544,204193,14,0,0
545,204214,14,0,0
546,204235,14,0,0
547,204256,14,0,0
548,204277,14,0,0
549,204522,238,0,0
550,204535,6,0,0
551,204548,6,0,0
552,204561,6,0,0
553,204574,6,0,0
554,204587,6,0,0
555,204600,6,0,0
556,204613,6,0,0
557,204626,6,0,0
558,204639,6,0,0
559,204652,6,0,0
560,204665,6,0,0
561,204678,6,0,0
562,204691,6,0,0
563,204712,14,0,0
564,214999,10280,0,0
565,215018,8,0,0
566,215039,14,0,0
567,215060,14,0,0
568,215081,14,0,0
569,215102,14,0,0
570,215123,14,0,0
571,215144,14,0,0
572,215165,14,0,0
573,215186,14,0,0
574,215207,14,0,0
575,215228,14,0,0
576,215249,14,0,0
577,215270,14,0,0
578,215291,14,0,0
579,215312,14,0,0
580,215333,14,0,0
581,215462,122,0,0
582,215769,283,0,0
583,215837,55,0,0
584,215897,37,0,0
585,215965,55,0,0
586,216025,37,0,0
587,216093,55,0,0
588,216153,37,0,0
589,216284,118,0,0
590,216484,175,0,0
591,216551,54,0,0
592,216611,37,0,0
593,216678,54,0,0
594,216738,37,0,0
595,216805,54,0,0
596,216865,37,0,0
597,216932,54,0,0
598,216992,37,0,0
599,217059,54,0,0
600,217119,37,0,0
601,217186,54,0,0
602,217246,37,0,0
603,217338,79,0,0
604,217416,66,0,0
605,217484,55,0,0
606,217544,37,0,0
607,217612,55,0,0
608,218896,1258,0,0
609,219007,98,0,0
610,219118,98,0,0
611,219229,98,0,0
612,219340,98,0,0
613,219451,98,0,0
614,219562,98,0,0
615,219673,98,0,0
616,219780,94,0,0
617,219849,56,0,0
618,223123,3259,0,0
619,223221,64,0,0
620,223234,6,0,0
621,223247,6,0,0
622,223260,6,0,0
623,223273,6,0,0
624,223286,6,0,0
625,223299,6,0,0
626,223312,6,0,0
627,223325,6,0,0
628,223338,6,0,0
629,223351,6,0,0
630,223364,6,0,0
631,223377,6,0,0
632,223390,6,0,0
633,223403,6,0,0
634,223416,6,0,0
635,235277,11854,0,0
636,235564,274,0,0
637,235632,55,0,0
638,235692,37,0,0
639,235760,55,0,0
640,235820,37,0,0
641,235888,55,0,0
642,235948,37,0,0
643,236016,55,0,0
644,236076,37,0,0
645,236144,55,0,0
646,236204,37,0,0
647,236272,55,0,0
648,236332,37,0,0
649,236400,55,0,0
650,236460,37,0,0
651,236528,55,0,0
652,236588,37,0,0
653,236656,55,0,0
654,236716,37,0,0
655,236784,55,0,0
656,236844,37,0,0
657,236912,55,0,0
658,236972,37,0,0
659,237040,55,0,0
660,237100,37,0,0
661,237168,55,0,0
662,237733,539,0,0
663,237844,98,0,0
664,237955,98,0,0
665,238066,98,0,0
666,238177,98,0,0
667,238288,98,0,0
668,238399,98,0,0
669,238510,98,0,0
670,238617,94,0,0
671,238686,56,0,0
672,241919,3218,0,0
673,242057,104,0,0
674,242070,6,0,0
675,242083,6,0,0
676,242096,6,0,0
677,242109,6,0,0
678,242122,6,0,0
679,242135,6,0,0
680,242148,6,0,0
681,242161,6,0,0
682,242174,6,0,0
683,242187,6,0,0
684,242200,6,0,0
685,242213,6,0,0
686,242226,6,0,0
687,242239,6,0,0
688,242260,14,0,0
689,252540,10273,0,0
690,252846,283,0,0
691,252914,55,0,0
692,252974,37,0,0
693,253042,55,0,0
694,253102,37,0,0
695,253170,55,0,0
696,253230,37,0,0
697,253298,55,0,0
698,253358,37,0,0
699,253426,55,0,0
700,253486,37,0,0
701,253554,55,0,0
702,253614,37,0,0
703,253682,55,0,0
704,253742,37,0,0
705,253810,55,0,0
706,253870,37,0,0
707,253938,55,0,0
708,253998,37,0,0
709,254066,55,0,0
710,254126,37,0,0
711,254194,55,0,0
712,254254,37,0,0
713,254322,55,0,0
714,254382,37,0,0
715,254450,55,0,0
716,255015,539,0,0
717,255126,98,0,0
718,255237,98,0,0
719,255348,98,0,0
720,255459,98,0,0
721,255570,98,0,0
722,255681,98,0,0
723,255792,98,0,0
724,255899,94,0,0
725,255968,56,0,0
