checkpoints,cycle count,last checkpoint,dirty ratio,cause
1,2873,2873,0.199219,0
2,6872,3999,0.167969,0
3,7016,144,0.015625,0
4,7055,39,0.015625,0
5,7094,39,0.015625,0
6,7153,59,0.0664062,0
7,7286,133,0.015625,0
8,7324,38,0.015625,0
9,7362,38,0.015625,0
10,7465,103,0.0117188,0
11,7903,438,0.0820312,0
12,8118,215,0.03125,0
13,8537,419,0.0820312,0
14,8748,211,0.03125,0
15,9170,422,0.0820312,0
16,9385,215,0.03125,0
17,9805,420,0.0820312,0
18,10019,214,0.03125,0
19,10440,421,0.0820312,0
20,10654,214,0.03125,0
21,11075,421,0.0820312,0
22,11284,209,0.03125,0
23,11707,423,0.0820312,0
24,11920,213,0.03125,0
25,12344,424,0.0820312,0
26,12558,214,0.03125,0
27,12982,424,0.0820312,0
28,13197,215,0.03125,0
29,13622,425,0.0820312,0
30,13833,211,0.03125,0
31,14258,425,0.0820312,0
32,14472,214,0.03125,0
33,14891,419,0.0820312,0
34,15105,214,0.03125,0
35,15522,417,0.0820312,0
36,15732,210,0.03125,0
37,15905,173,0.03125,0
38,15949,44,0.015625,0
39,15989,40,0.015625,0
40,16029,40,0.015625,0
41,16090,61,0.0664062,0
42,16224,134,0.015625,0
43,16264,40,0.015625,0
44,16304,40,0.015625,0
45,16403,99,0.0117188,0
46,16845,442,0.0820312,0
47,17057,212,0.03125,0
48,17482,425,0.0820312,0
49,17694,212,0.03125,0
50,18119,425,0.0820312,0
51,18331,212,0.03125,0
52,18756,425,0.0820312,0
53,18968,212,0.03125,0
54,19393,425,0.0820312,0
55,19604,211,0.03125,0
56,20029,425,0.0820312,0
57,20243,214,0.03125,0
58,20668,425,0.0820312,0
59,20879,211,0.03125,0
60,21304,425,0.0820312,0
61,21516,212,0.03125,0
62,21941,425,0.0820312,0
63,22151,210,0.03125,0
64,22576,425,0.0820312,0
65,22790,214,0.03125,0
66,23215,425,0.0820312,0
67,23428,213,0.03125,0
68,23853,425,0.0820312,0
69,24066,213,0.03125,0
70,24491,425,0.0820312,0
71,24701,210,0.03125,0
72,24879,178,0.03125,0
73,24923,44,0.015625,0
74,24963,40,0.015625,0
75,25003,40,0.015625,0
76,25064,61,0.0664062,0
77,25198,134,0.015625,0
78,25238,40,0.015625,0
79,25278,40,0.015625,0
80,25376,98,0.0117188,0
81,25818,442,0.0820312,0
82,26031,213,0.03125,0
83,26456,425,0.0820312,0
84,26667,211,0.03125,0
85,27092,425,0.0820312,0
86,27302,210,0.03125,0
87,27727,425,0.0820312,0
88,27939,212,0.03125,0
89,28364,425,0.0820312,0
90,28577,213,0.03125,0
91,29002,425,0.0820312,0
92,29216,214,0.03125,0
93,29641,425,0.0820312,0
94,29852,211,0.03125,0
95,30277,425,0.0820312,0
96,30489,212,0.03125,0
97,30914,425,0.0820312,0
98,31126,212,0.03125,0
99,31551,425,0.0820312,0
100,31762,211,0.03125,0
101,32187,425,0.0820312,0
102,32399,212,0.03125,0
103,32824,425,0.0820312,0
104,33033,209,0.03125,0
105,33458,425,0.0820312,0
106,33671,213,0.03125,0
107,33849,178,0.03125,0
108,33893,44,0.015625,0
109,33933,40,0.015625,0
110,33973,40,0.015625,0
111,34034,61,0.0664062,0
112,34168,134,0.015625,0
113,34208,40,0.015625,0
114,34248,40,0.015625,0
115,34346,98,0.0117188,0
116,34788,442,0.0820312,0
117,34998,210,0.03125,0
118,35423,425,0.0820312,0
119,35636,213,0.03125,0
120,36061,425,0.0820312,0
121,36274,213,0.03125,0
122,36699,425,0.0820312,0
123,36912,213,0.03125,0
124,37337,425,0.0820312,0
125,37548,211,0.03125,0
126,37973,425,0.0820312,0
127,38184,211,0.03125,0
128,38609,425,0.0820312,0
129,38824,215,0.03125,0
130,39249,425,0.0820312,0
131,39463,214,0.03125,0
132,39888,425,0.0820312,0
133,40099,211,0.03125,0
134,40524,425,0.0820312,0
135,40735,211,0.03125,0
136,41160,425,0.0820312,0
137,41373,213,0.03125,0
138,41798,425,0.0820312,0
139,42012,214,0.03125,0
140,42437,425,0.0820312,0
141,42650,213,0.03125,0
142,43895,1245,0.160156,0
143,46005,2110,0.0976562,0
144,49955,3950,0.207031,0
145,50207,252,0.015625,0
146,50245,38,0.015625,0
147,50285,40,0.015625,0
148,50314,29,0.0078125,0
149,50481,167,0.03125,0
150,50529,48,0.015625,0
151,50568,39,0.015625,0
152,50606,38,0.015625,0
153,50750,144,0.015625,0
154,50881,131,0.015625,0
155,51012,131,0.015625,0
156,51143,131,0.015625,0
157,51275,132,0.0273438,0
158,51377,102,0.0273438,0
159,51424,47,0.015625,0
160,51462,38,0.015625,0
161,51500,38,0.015625,0
162,51644,144,0.015625,0
163,51775,131,0.015625,0
164,51906,131,0.015625,0
165,52037,131,0.015625,0
166,52189,152,0.03125,0
167,52273,84,0.0195312,0
168,52318,45,0.015625,0
169,52356,38,0.015625,0
170,52394,38,0.015625,0
171,52538,144,0.015625,0
172,52669,131,0.015625,0
173,52800,131,0.015625,0
174,52931,131,0.015625,0
175,53077,146,0.03125,0
176,53168,91,0.0234375,0
177,53214,46,0.015625,0
178,53252,38,0.015625,0
179,53290,38,0.015625,0
180,53434,144,0.015625,0
181,53565,131,0.015625,0
182,53696,131,0.015625,0
183,53827,131,0.015625,0
184,53973,146,0.03125,0
185,54065,92,0.0234375,0
186,54111,46,0.015625,0
187,54149,38,0.015625,0
188,54187,38,0.015625,0
189,54331,144,0.015625,0
190,54462,131,0.015625,0
191,54593,131,0.015625,0
192,54724,131,0.015625,0
193,54842,118,0.0273438,0
194,54955,113,0.0351562,0
195,55005,50,0.015625,0
196,55043,38,0.015625,0
197,55081,38,0.015625,0
198,55225,144,0.015625,0
199,55356,131,0.015625,0
200,55487,131,0.015625,0
201,55618,131,0.015625,0
202,55740,122,0.0273438,0
203,55847,107,0.03125,0
204,55895,48,0.015625,0
205,55933,38,0.015625,0
206,55971,38,0.015625,0
207,56115,144,0.015625,0
208,56246,131,0.015625,0
209,56377,131,0.015625,0
210,56508,131,0.015625,0
211,56652,144,0.03125,0
212,56742,90,0.0234375,0
213,56788,46,0.015625,0
214,56826,38,0.015625,0
215,56864,38,0.015625,0
216,57008,144,0.015625,0
217,57139,131,0.015625,0
218,57270,131,0.015625,0
219,57401,131,0.015625,0
220,57545,144,0.03125,0
221,57636,91,0.0234375,0
222,57683,47,0.015625,0
223,57722,39,0.015625,0
224,57760,38,0.015625,0
225,57904,144,0.015625,0
226,58035,131,0.015625,0
227,58166,131,0.015625,0
228,58297,131,0.015625,0
229,58441,144,0.03125,0
230,58531,90,0.0234375,0
231,58579,48,0.015625,0
232,58617,38,0.015625,0
233,58655,38,0.015625,0
234,58799,144,0.015625,0
235,58930,131,0.015625,0
236,59061,131,0.015625,0
237,59192,131,0.015625,0
238,59336,144,0.03125,0
239,59426,90,0.0234375,0
240,59473,47,0.015625,0
241,59512,39,0.015625,0
242,59551,39,0.015625,0
243,59695,144,0.015625,0
244,59826,131,0.015625,0
245,59957,131,0.015625,0
246,60088,131,0.015625,0
247,60226,138,0.03125,0
248,60318,92,0.0234375,0
249,60364,46,0.015625,0
250,60403,39,0.015625,0
251,60441,38,0.015625,0
252,60585,144,0.015625,0
253,60716,131,0.015625,0
254,60847,131,0.015625,0
255,60978,131,0.015625,0
256,61120,142,0.03125,0
257,61212,92,0.0234375,0
258,61259,47,0.015625,0
259,61297,38,0.015625,0
260,61337,40,0.015625,0
261,61481,144,0.015625,0
262,61612,131,0.015625,0
263,61743,131,0.015625,0
264,61874,131,0.015625,0
265,62011,137,0.03125,0
266,62100,89,0.0234375,0
267,62147,47,0.015625,0
268,62185,38,0.015625,0
269,62223,38,0.015625,0
270,62331,108,0.015625,0
271,62371,40,0.015625,0
272,62411,40,0.015625,0
273,62451,40,0.015625,0
274,62660,209,0.078125,0
275,62815,155,0.015625,0
276,62855,40,0.015625,0
277,62895,40,0.015625,0
278,62924,29,0.0078125,0
279,63087,163,0.03125,0
280,63137,50,0.015625,0
281,63177,40,0.015625,0
282,63217,40,0.015625,0
283,63361,144,0.015625,0
284,63492,131,0.015625,0
285,63623,131,0.015625,0
286,63754,131,0.015625,0
287,63896,142,0.03125,0
288,63987,91,0.0234375,0
289,64035,48,0.015625,0
290,64075,40,0.015625,0
291,64115,40,0.015625,0
292,64259,144,0.015625,0
293,64390,131,0.015625,0
294,64521,131,0.015625,0
295,64652,131,0.015625,0
296,64791,139,0.03125,0
297,64884,93,0.0234375,0
298,64932,48,0.015625,0
299,64972,40,0.015625,0
300,65012,40,0.015625,0
301,65156,144,0.015625,0
302,65287,131,0.015625,0
303,65418,131,0.015625,0
304,65549,131,0.015625,0
305,65693,144,0.03125,0
306,65783,90,0.0234375,0
307,65831,48,0.015625,0
308,65871,40,0.015625,0
309,65911,40,0.015625,0
310,66055,144,0.015625,0
311,66186,131,0.015625,0
312,66317,131,0.015625,0
313,66448,131,0.015625,0
314,66587,139,0.03125,0
315,66679,92,0.0234375,0
316,66727,48,0.015625,0
317,66767,40,0.015625,0
318,66807,40,0.015625,0
319,66951,144,0.015625,0
320,67082,131,0.015625,0
321,67213,131,0.015625,0
322,67344,131,0.015625,0
323,67488,144,0.03125,0
324,67579,91,0.0234375,0
325,67627,48,0.015625,0
326,67667,40,0.015625,0
327,67707,40,0.015625,0
328,67851,144,0.015625,0
329,67982,131,0.015625,0
330,68113,131,0.015625,0
331,68244,131,0.015625,0
332,68386,142,0.03125,0
333,68478,92,0.0234375,0
334,68526,48,0.015625,0
335,68566,40,0.015625,0
336,68606,40,0.015625,0
337,68750,144,0.015625,0
338,68881,131,0.015625,0
339,69012,131,0.015625,0
340,69143,131,0.015625,0
341,69284,141,0.03125,0
342,69375,91,0.0234375,0
343,69423,48,0.015625,0
344,69463,40,0.015625,0
345,69503,40,0.015625,0
346,69647,144,0.015625,0
347,69778,131,0.015625,0
348,69909,131,0.015625,0
349,70040,131,0.015625,0
350,70180,140,0.03125,0
351,70273,93,0.0234375,0
352,70321,48,0.015625,0
353,70361,40,0.015625,0
354,70401,40,0.015625,0
355,70545,144,0.015625,0
356,70676,131,0.015625,0
357,70807,131,0.015625,0
358,70938,131,0.015625,0
359,71079,141,0.03125,0
360,71172,93,0.0234375,0
361,71220,48,0.015625,0
362,71260,40,0.015625,0
363,71300,40,0.015625,0
364,71444,144,0.015625,0
365,71575,131,0.015625,0
366,71706,131,0.015625,0
367,71837,131,0.015625,0
368,71975,138,0.03125,0
369,72067,92,0.0234375,0
370,72115,48,0.015625,0
371,72155,40,0.015625,0
372,72195,40,0.015625,0
373,72339,144,0.015625,0
374,72470,131,0.015625,0
375,72601,131,0.015625,0
376,72732,131,0.015625,0
377,72868,136,0.0273438,0
378,72965,97,0.0234375,0
379,73013,48,0.015625,0
380,73053,40,0.015625,0
381,73093,40,0.015625,0
382,73237,144,0.015625,0
383,73368,131,0.015625,0
384,73499,131,0.015625,0
385,73630,131,0.015625,0
386,73772,142,0.03125,0
387,73864,92,0.0234375,0
388,73912,48,0.015625,0
389,73952,40,0.015625,0
390,73992,40,0.015625,0
391,74136,144,0.015625,0
392,74267,131,0.015625,0
393,74398,131,0.015625,0
394,74529,131,0.015625,0
395,74648,119,0.0234375,0
396,74762,114,0.03125,0
397,74812,50,0.015625,0
398,74852,40,0.015625,0
399,74892,40,0.015625,0
400,75014,122,0.015625,0
401,75054,40,0.015625,0
402,75093,39,0.015625,0
403,75133,40,0.015625,0
404,75349,216,0.078125,0
405,75504,155,0.015625,0
406,75544,40,0.015625,0
407,75584,40,0.015625,0
408,75613,29,0.0078125,0
409,75774,161,0.0351562,0
410,75825,51,0.015625,0
411,75865,40,0.015625,0
412,75905,40,0.015625,0
413,76049,144,0.015625,0
414,76180,131,0.015625,0
415,76311,131,0.015625,0
416,76442,131,0.015625,0
417,76575,133,0.0273438,0
418,76678,103,0.0273438,0
419,76727,49,0.015625,0
420,76767,40,0.015625,0
421,76807,40,0.015625,0
422,76951,144,0.015625,0
423,77082,131,0.015625,0
424,77213,131,0.015625,0
425,77344,131,0.015625,0
426,77469,125,0.0273438,0
427,77579,110,0.0273438,0
428,77628,49,0.015625,0
429,77668,40,0.015625,0
430,77708,40,0.015625,0
431,77852,144,0.015625,0
432,77983,131,0.015625,0
433,78114,131,0.015625,0
434,78245,131,0.015625,0
435,78386,141,0.03125,0
436,78478,92,0.0234375,0
437,78526,48,0.015625,0
438,78566,40,0.015625,0
439,78606,40,0.015625,0
440,78750,144,0.015625,0
441,78881,131,0.015625,0
442,79012,131,0.015625,0
443,79143,131,0.015625,0
444,79274,131,0.0273438,0
445,79381,107,0.0273438,0
446,79430,49,0.015625,0
447,79470,40,0.015625,0
448,79510,40,0.015625,0
449,79654,144,0.015625,0
450,79785,131,0.015625,0
451,79916,131,0.015625,0
452,80047,131,0.015625,0
453,80190,143,0.03125,0
454,80281,91,0.0234375,0
455,80329,48,0.015625,0
456,80369,40,0.015625,0
457,80409,40,0.015625,0
458,80553,144,0.015625,0
459,80684,131,0.015625,0
460,80815,131,0.015625,0
461,80946,131,0.015625,0
462,81081,135,0.0273438,0
463,81178,97,0.0234375,0
464,81226,48,0.015625,0
465,81266,40,0.015625,0
466,81306,40,0.015625,0
467,81450,144,0.015625,0
468,81581,131,0.015625,0
469,81712,131,0.015625,0
470,81843,131,0.015625,0
471,81985,142,0.03125,0
472,82077,92,0.0234375,0
473,82125,48,0.015625,0
474,82165,40,0.015625,0
475,82205,40,0.015625,0
476,82349,144,0.015625,0
477,82480,131,0.015625,0
478,82611,131,0.015625,0
479,82742,131,0.015625,0
480,82885,143,0.03125,0
481,82978,93,0.0234375,0
482,83026,48,0.015625,0
483,83066,40,0.015625,0
484,83106,40,0.015625,0
485,83250,144,0.015625,0
486,83381,131,0.015625,0
487,83512,131,0.015625,0
488,83643,131,0.015625,0
489,83794,151,0.03125,0
490,83880,86,0.0195312,0
491,83927,47,0.015625,0
492,83967,40,0.015625,0
493,84007,40,0.015625,0
494,84151,144,0.015625,0
495,84282,131,0.015625,0
496,84413,131,0.015625,0
497,84544,131,0.015625,0
498,84686,142,0.03125,0
499,84779,93,0.0234375,0
500,84827,48,0.015625,0
501,84867,40,0.015625,0
502,84907,40,0.015625,0
503,85051,144,0.015625,0
504,85182,131,0.015625,0
505,85313,131,0.015625,0
506,85444,131,0.015625,0
507,85593,149,0.03125,0
508,85679,86,0.0195312,0
509,85726,47,0.015625,0
510,85766,40,0.015625,0
511,85806,40,0.015625,0
512,85950,144,0.015625,0
513,86081,131,0.015625,0
514,86212,131,0.015625,0
515,86343,131,0.015625,0
516,86482,139,0.03125,0
517,86574,92,0.0234375,0
518,86622,48,0.015625,0
519,86662,40,0.015625,0
520,86702,40,0.015625,0
521,86846,144,0.015625,0
522,86977,131,0.015625,0
523,87108,131,0.015625,0
524,87239,131,0.015625,0
525,87357,118,0.0234375,0
526,87471,114,0.0351562,0
527,87522,51,0.015625,0
528,87562,40,0.015625,0
529,87602,40,0.015625,0
530,87724,122,0.015625,0
531,87764,40,0.015625,0
532,87803,39,0.015625,0
533,87842,39,0.015625,0
534,88058,216,0.078125,0
535,88213,155,0.015625,0
536,88253,40,0.015625,0
537,88293,40,0.015625,0
538,88322,29,0.0078125,0
539,88484,162,0.0273438,0
540,88533,49,0.015625,0
541,88573,40,0.015625,0
542,88613,40,0.015625,0
543,88757,144,0.015625,0
544,88888,131,0.015625,0
545,89019,131,0.015625,0
546,89150,131,0.015625,0
547,89294,144,0.03125,0
548,89386,92,0.0234375,0
549,89434,48,0.015625,0
550,89474,40,0.015625,0
551,89514,40,0.015625,0
552,89658,144,0.015625,0
553,89789,131,0.015625,0
554,89920,131,0.015625,0
555,90051,131,0.015625,0
556,90194,143,0.03125,0
557,90286,92,0.0234375,0
558,90334,48,0.015625,0
559,90374,40,0.015625,0
560,90414,40,0.015625,0
561,90558,144,0.015625,0
562,90689,131,0.015625,0
563,90820,131,0.015625,0
564,90951,131,0.015625,0
565,91090,139,0.03125,0
566,91182,92,0.0234375,0
567,91230,48,0.015625,0
568,91270,40,0.015625,0
569,91310,40,0.015625,0
570,91454,144,0.015625,0
571,91585,131,0.015625,0
572,91716,131,0.015625,0
573,91847,131,0.015625,0
574,91974,127,0.03125,0
575,92083,109,0.0234375,0
576,92131,48,0.015625,0
577,92171,40,0.015625,0
578,92211,40,0.015625,0
579,92355,144,0.015625,0
580,92486,131,0.015625,0
581,92617,131,0.015625,0
582,92748,131,0.015625,0
583,92890,142,0.03125,0
584,92981,91,0.0234375,0
585,93029,48,0.015625,0
586,93069,40,0.015625,0
587,93109,40,0.015625,0
588,93253,144,0.015625,0
589,93384,131,0.015625,0
590,93515,131,0.015625,0
591,93646,131,0.015625,0
592,93790,144,0.03125,0
593,93881,91,0.0234375,0
594,93929,48,0.015625,0
595,93969,40,0.015625,0
596,94009,40,0.015625,0
597,94153,144,0.015625,0
598,94284,131,0.015625,0
599,94415,131,0.015625,0
600,94546,131,0.015625,0
601,94664,118,0.0234375,0
602,94778,114,0.0351562,0
603,94829,51,0.015625,0
604,94869,40,0.015625,0
605,94909,40,0.015625,0
606,95053,144,0.015625,0
607,95184,131,0.015625,0
608,95315,131,0.015625,0
609,95446,131,0.015625,0
610,95586,140,0.03125,0
611,95678,92,0.0234375,0
612,95726,48,0.015625,0
613,95766,40,0.015625,0
614,95806,40,0.015625,0
615,95950,144,0.015625,0
616,96081,131,0.015625,0
617,96212,131,0.015625,0
618,96343,131,0.015625,0
619,96491,148,0.03125,0
620,96578,87,0.0195312,0
621,96625,47,0.015625,0
622,96665,40,0.015625,0
623,96705,40,0.015625,0
624,96849,144,0.015625,0
625,96980,131,0.015625,0
626,97111,131,0.015625,0
627,97242,131,0.015625,0
628,97383,141,0.03125,0
629,97475,92,0.0234375,0
630,97523,48,0.015625,0
631,97563,40,0.015625,0
632,97603,40,0.015625,0
633,97747,144,0.015625,0
634,97878,131,0.015625,0
635,98009,131,0.015625,0
636,98140,131,0.015625,0
637,98281,141,0.03125,0
638,98372,91,0.0234375,0
639,98420,48,0.015625,0
640,98460,40,0.015625,0
641,98500,40,0.015625,0
642,98644,144,0.015625,0
643,98775,131,0.015625,0
644,98906,131,0.015625,0
645,99037,131,0.015625,0
646,99176,139,0.03125,0
647,99268,92,0.0234375,0
648,99316,48,0.015625,0
649,99356,40,0.015625,0
650,99396,40,0.015625,0
651,99540,144,0.015625,0
652,99671,131,0.015625,0
653,99802,131,0.015625,0
654,99933,131,0.015625,0
655,100074,141,0.03125,0
656,100164,90,0.0234375,0
657,100212,48,0.015625,0
658,100252,40,0.015625,0
659,100292,40,0.015625,0
660,100400,108,0.015625,0
661,100440,40,0.015625,0
662,100480,40,0.015625,0
663,100520,40,0.015625,0
664,101671,1151,0.164062,0
665,107715,6044,0.335938,0
666,108124,409,0.0117188,0
667,108160,36,0.015625,0
668,108198,38,0.015625,0
669,108299,101,0.0117188,0
670,108735,436,0.0820312,0
671,108950,215,0.03125,0
672,109370,420,0.0820312,0
673,109585,215,0.03125,0
674,110007,422,0.0820312,0
675,110222,215,0.03125,0
676,110647,425,0.0820312,0
677,110862,215,0.03125,0
678,111287,425,0.0820312,0
679,111502,215,0.03125,0
680,111925,423,0.0820312,0
681,112139,214,0.03125,0
682,112560,421,0.0820312,0
683,112775,215,0.03125,0
684,113197,422,0.0820312,0
685,113408,211,0.03125,0
686,113829,421,0.0820312,0
687,114039,210,0.03125,0
688,114460,421,0.0820312,0
689,114674,214,0.03125,0
690,115098,424,0.0820312,0
691,115310,212,0.03125,0
692,115732,422,0.0820312,0
693,115944,212,0.03125,0
694,116362,418,0.0820312,0
695,116574,212,0.03125,0
696,116774,200,0.0390625,0
697,116852,78,0.015625,0
698,116924,72,0.015625,0
699,116996,72,0.015625,0
700,117153,157,0.078125,0
701,117299,146,0.0117188,0
702,117337,38,0.015625,0
703,117376,39,0.015625,0
704,117473,97,0.0117188,0
705,117915,442,0.0820312,0
706,118126,211,0.03125,0
707,118551,425,0.0820312,0
708,118764,213,0.03125,0
709,119189,425,0.0820312,0
710,119400,211,0.03125,0
711,119825,425,0.0820312,0
712,120037,212,0.03125,0
713,120462,425,0.0820312,0
714,120675,213,0.03125,0
715,121100,425,0.0820312,0
716,121314,214,0.03125,0
717,121739,425,0.0820312,0
718,121949,210,0.03125,0
719,122374,425,0.0820312,0
720,122588,214,0.03125,0
721,123013,425,0.0820312,0
722,123225,212,0.03125,0
723,123650,425,0.0820312,0
724,123863,213,0.03125,0
725,124288,425,0.0820312,0
726,124502,214,0.03125,0
727,124927,425,0.0820312,0
728,125136,209,0.03125,0
729,125561,425,0.0820312,0
730,125775,214,0.03125,0
731,125975,200,0.0351562,0
732,126052,77,0.015625,0
733,126124,72,0.015625,0
734,126196,72,0.015625,0
735,126353,157,0.078125,0
736,126499,146,0.0117188,0
737,126537,38,0.015625,0
738,126576,39,0.015625,0
739,126676,100,0.0117188,0
740,127118,442,0.0820312,0
741,127326,208,0.03125,0
742,127751,425,0.0820312,0
743,127962,211,0.03125,0
744,128387,425,0.0820312,0
745,128599,212,0.03125,0
746,129024,425,0.0820312,0
747,129237,213,0.03125,0
748,129662,425,0.0820312,0
749,129877,215,0.03125,0
750,130302,425,0.0820312,0
751,130514,212,0.03125,0
752,130939,425,0.0820312,0
753,131155,216,0.03125,0
754,131580,425,0.0820312,0
755,131796,216,0.03125,0
756,132221,425,0.0820312,0
757,132434,213,0.03125,0
758,132859,425,0.0820312,0
759,133071,212,0.03125,0
760,133496,425,0.0820312,0
761,133709,213,0.03125,0
762,134134,425,0.0820312,0
763,134348,214,0.03125,0
764,134773,425,0.0820312,0
765,134989,216,0.03125,0
766,135189,200,0.0351562,0
767,135266,77,0.015625,0
768,135338,72,0.015625,0
769,135410,72,0.015625,0
770,135567,157,0.078125,0
771,135713,146,0.0117188,0
772,135751,38,0.015625,0
773,135790,39,0.015625,0
774,135891,101,0.0117188,0
775,136333,442,0.0820312,0
776,136545,212,0.03125,0
777,136970,425,0.0820312,0
778,137183,213,0.03125,0
779,137608,425,0.0820312,0
780,137818,210,0.03125,0
781,138243,425,0.0820312,0
782,138455,212,0.03125,0
783,138880,425,0.0820312,0
784,139091,211,0.03125,0
785,139516,425,0.0820312,0
786,139727,211,0.03125,0
787,140152,425,0.0820312,0
788,140366,214,0.03125,0
789,140791,425,0.0820312,0
790,141003,212,0.03125,0
791,141428,425,0.0820312,0
792,141642,214,0.03125,0
793,142067,425,0.0820312,0
794,142280,213,0.03125,0
795,142705,425,0.0820312,0
796,142916,211,0.03125,0
797,143341,425,0.0820312,0
798,143551,210,0.03125,0
799,143976,425,0.0820312,0
800,144186,210,0.03125,0
801,144386,200,0.0351562,0
802,144463,77,0.015625,0
803,144535,72,0.015625,0
804,144607,72,0.015625,0
805,144840,233,0.105469,0
806,151947,7107,0.347656,0
807,152367,420,0.015625,0
808,152404,37,0.015625,0
809,152442,38,0.015625,0
810,152543,101,0.0117188,0
811,152979,436,0.0820312,0
812,153194,215,0.03125,0
813,153614,420,0.0820312,0
814,153829,215,0.03125,0
815,154251,422,0.0820312,0
816,154465,214,0.03125,0
817,154890,425,0.0820312,0
818,155105,215,0.03125,0
819,155530,425,0.0820312,0
820,155745,215,0.03125,0
821,156168,423,0.0820312,0
822,156381,213,0.03125,0
823,156802,421,0.0820312,0
824,157017,215,0.03125,0
825,157439,422,0.0820312,0
826,157650,211,0.03125,0
827,158071,421,0.0820312,0
828,158281,210,0.03125,0
829,158702,421,0.0820312,0
830,158916,214,0.03125,0
831,159340,424,0.0820312,0
832,159552,212,0.03125,0
833,159974,422,0.0820312,0
834,160186,212,0.03125,0
835,160604,418,0.0820312,0
836,160816,212,0.03125,0
837,161016,200,0.0390625,0
838,161094,78,0.015625,0
839,161166,72,0.015625,0
840,161238,72,0.015625,0
841,161395,157,0.078125,0
842,161541,146,0.0117188,0
843,161579,38,0.015625,0
844,161618,39,0.015625,0
845,161715,97,0.0117188,0
846,162157,442,0.0820312,0
847,162368,211,0.03125,0
848,162793,425,0.0820312,0
849,163006,213,0.03125,0
850,163431,425,0.0820312,0
851,163642,211,0.03125,0
852,164067,425,0.0820312,0
853,164279,212,0.03125,0
854,164704,425,0.0820312,0
855,164917,213,0.03125,0
856,165342,425,0.0820312,0
857,165556,214,0.03125,0
858,165981,425,0.0820312,0
859,166191,210,0.03125,0
860,166616,425,0.0820312,0
861,166830,214,0.03125,0
862,167255,425,0.0820312,0
863,167467,212,0.03125,0
864,167892,425,0.0820312,0
865,168105,213,0.03125,0
866,168530,425,0.0820312,0
867,168744,214,0.03125,0
868,169169,425,0.0820312,0
869,169378,209,0.03125,0
870,169803,425,0.0820312,0
871,170017,214,0.03125,0
872,170217,200,0.0351562,0
873,170294,77,0.015625,0
874,170366,72,0.015625,0
875,170438,72,0.015625,0
876,170595,157,0.078125,0
877,170741,146,0.0117188,0
878,170779,38,0.015625,0
879,170818,39,0.015625,0
880,170918,100,0.0117188,0
881,171360,442,0.0820312,0
882,171568,208,0.03125,0
883,171993,425,0.0820312,0
884,172204,211,0.03125,0
885,172629,425,0.0820312,0
886,172841,212,0.03125,0
887,173266,425,0.0820312,0
888,173479,213,0.03125,0
889,173904,425,0.0820312,0
890,174119,215,0.03125,0
891,174544,425,0.0820312,0
892,174756,212,0.03125,0
893,175181,425,0.0820312,0
894,175397,216,0.03125,0
895,175822,425,0.0820312,0
896,176038,216,0.03125,0
897,176463,425,0.0820312,0
898,176676,213,0.03125,0
899,177101,425,0.0820312,0
900,177313,212,0.03125,0
901,177738,425,0.0820312,0
902,177951,213,0.03125,0
903,178376,425,0.0820312,0
904,178590,214,0.03125,0
905,179015,425,0.0820312,0
906,179231,216,0.03125,0
907,179431,200,0.0351562,0
908,179508,77,0.015625,0
909,179580,72,0.015625,0
910,179652,72,0.015625,0
911,179809,157,0.078125,0
912,179955,146,0.0117188,0
913,179993,38,0.015625,0
914,180032,39,0.015625,0
915,180133,101,0.0117188,0
916,180575,442,0.0820312,0
917,180787,212,0.03125,0
918,181212,425,0.0820312,0
919,181425,213,0.03125,0
920,181850,425,0.0820312,0
921,182060,210,0.03125,0
922,182485,425,0.0820312,0
923,182697,212,0.03125,0
924,183122,425,0.0820312,0
925,183333,211,0.03125,0
926,183758,425,0.0820312,0
927,183969,211,0.03125,0
928,184394,425,0.0820312,0
929,184608,214,0.03125,0
930,185033,425,0.0820312,0
931,185245,212,0.03125,0
932,185670,425,0.0820312,0
933,185884,214,0.03125,0
934,186309,425,0.0820312,0
935,186522,213,0.03125,0
936,186947,425,0.0820312,0
937,187158,211,0.03125,0
938,187583,425,0.0820312,0
939,187793,210,0.03125,0
940,188218,425,0.0820312,0
941,188428,210,0.03125,0
942,188628,200,0.0351562,0
943,188705,77,0.015625,0
944,188777,72,0.015625,0
945,188849,72,0.015625,0
946,189082,233,0.105469,0
947,195312,6230,0.109375,0
948,195476,164,0.0117188,0
949,195513,37,0.015625,0
950,195552,39,0.015625,0
951,195581,29,0.0078125,0
952,195748,167,0.0351562,0
953,195797,49,0.015625,0
954,195835,38,0.015625,0
955,195874,39,0.015625,0
956,196018,144,0.015625,0
957,196149,131,0.015625,0
958,196280,131,0.015625,0
959,196411,131,0.015625,0
960,196558,147,0.03125,0
961,196649,91,0.0234375,0
962,196695,46,0.015625,0
963,196733,38,0.015625,0
964,196771,38,0.015625,0
965,196915,144,0.015625,0
966,197046,131,0.015625,0
967,197177,131,0.015625,0
968,197308,131,0.015625,0
969,197454,146,0.03125,0
970,197545,91,0.0234375,0
971,197591,46,0.015625,0
972,197629,38,0.015625,0
973,197667,38,0.015625,0
974,197811,144,0.015625,0
975,197942,131,0.015625,0
976,198073,131,0.015625,0
977,198204,131,0.015625,0
978,198343,139,0.03125,0
979,198433,90,0.0234375,0
980,198479,46,0.015625,0
981,198517,38,0.015625,0
982,198555,38,0.015625,0
983,198699,144,0.015625,0
984,198830,131,0.015625,0
985,198961,131,0.015625,0
986,199092,131,0.015625,0
987,199239,147,0.03125,0
988,199329,90,0.0234375,0
989,199375,46,0.015625,0
990,199413,38,0.015625,0
991,199451,38,0.015625,0
992,199595,144,0.015625,0
993,199726,131,0.015625,0
994,199857,131,0.015625,0
995,199988,131,0.015625,0
996,200129,141,0.03125,0
997,200220,91,0.0234375,0
998,200267,47,0.015625,0
999,200305,38,0.015625,0
1000,200343,38,0.015625,0
1001,200487,144,0.015625,0
1002,200618,131,0.015625,0
1003,200749,131,0.015625,0
1004,200880,131,0.015625,0
1005,201024,144,0.03125,0
1006,201115,91,0.0234375,0
1007,201161,46,0.015625,0
1008,201199,38,0.015625,0
1009,201237,38,0.015625,0
1010,201381,144,0.015625,0
1011,201512,131,0.015625,0
1012,201643,131,0.015625,0
1013,201774,131,0.015625,0
1014,201916,142,0.03125,0
1015,202005,89,0.0234375,0
1016,202051,46,0.015625,0
1017,202089,38,0.015625,0
1018,202127,38,0.015625,0
1019,202271,144,0.015625,0
1020,202402,131,0.015625,0
1021,202533,131,0.015625,0
1022,202664,131,0.015625,0
1023,202806,142,0.03125,0
1024,202897,91,0.0234375,0
1025,202944,47,0.015625,0
1026,202983,39,0.015625,0
1027,203021,38,0.015625,0
1028,203165,144,0.015625,0
1029,203296,131,0.015625,0
1030,203427,131,0.015625,0
1031,203558,131,0.015625,0
1032,203698,140,0.03125,0
1033,203789,91,0.0234375,0
1034,203837,48,0.015625,0
1035,203875,38,0.015625,0
1036,203913,38,0.015625,0
1037,204057,144,0.015625,0
1038,204188,131,0.015625,0
1039,204319,131,0.015625,0
1040,204450,131,0.015625,0
1041,204593,143,0.03125,0
1042,204684,91,0.0234375,0
1043,204731,47,0.015625,0
1044,204770,39,0.015625,0
1045,204809,39,0.015625,0
1046,204953,144,0.015625,0
1047,205084,131,0.015625,0
1048,205215,131,0.015625,0
1049,205346,131,0.015625,0
1050,205492,146,0.03125,0
1051,205582,90,0.0234375,0
1052,205628,46,0.015625,0
1053,205667,39,0.015625,0
1054,205705,38,0.015625,0
1055,205849,144,0.015625,0
1056,205980,131,0.015625,0
1057,206111,131,0.015625,0
1058,206242,131,0.015625,0
1059,206380,138,0.03125,0
1060,206468,88,0.0234375,0
1061,206515,47,0.015625,0
1062,206553,38,0.015625,0
1063,206593,40,0.015625,0
1064,206737,144,0.015625,0
1065,206868,131,0.015625,0
1066,206999,131,0.015625,0
1067,207130,131,0.015625,0
1068,207271,141,0.03125,0
1069,207362,91,0.0234375,0
1070,207409,47,0.015625,0
1071,207447,38,0.015625,0
1072,207485,38,0.015625,0
1073,208740,1255,0.140625,0
1074,212959,4219,0.109375,0
1075,213136,177,0.0117188,0
1076,213173,37,0.015625,0
1077,213210,37,0.015625,0
1078,213313,103,0.0117188,0
1079,213752,439,0.0820312,0
1080,213967,215,0.03125,0
1081,214386,419,0.0820312,0
1082,214600,214,0.03125,0
1083,215023,423,0.0820312,0
1084,215237,214,0.03125,0
1085,215657,420,0.0820312,0
1086,215872,215,0.03125,0
1087,216295,423,0.0820312,0
1088,216510,215,0.03125,0
1089,216933,423,0.0820312,0
1090,217144,211,0.03125,0
1091,217567,423,0.0820312,0
1092,217780,213,0.03125,0
1093,218204,424,0.0820312,0
1094,218417,213,0.03125,0
1095,218841,424,0.0820312,0
1096,219052,211,0.03125,0
1097,219474,422,0.0820312,0
1098,219688,214,0.03125,0
1099,220113,425,0.0820312,0
1100,220326,213,0.03125,0
1101,220745,419,0.0820312,0
1102,220957,212,0.03125,0
1103,221374,417,0.0820312,0
1104,221585,211,0.03125,0
