checkpoints,cycle count,last checkpoint,dirty ratio,cause
1,5055,5055,0.150879,0
2,33210,28155,0.0844727,0
3,35573,2363,0.0234375,0
4,38796,3223,0.160156,0
5,39434,638,0.00683594,0
6,40106,672,0.0078125,0
7,40833,727,0.00830078,0
8,41635,802,0.00830078,0
9,42410,775,0.00830078,0
10,42575,165,0.00683594,0
11,43231,656,0.0078125,0
12,44010,779,0.00830078,0
13,44758,748,0.00830078,0
14,45525,767,0.00830078,0
15,45622,97,0.00585938,0
16,47072,1450,0.00830078,0
17,47901,829,0.00830078,0
18,48677,776,0.00830078,0
19,48857,180,0.0078125,0
20,50041,1184,0.0239258,0
21,50377,336,0.0078125,0
22,50950,573,0.0078125,0
23,53213,2263,0.00830078,0
24,56263,3050,0.00830078,0
25,57053,790,0.00830078,0
26,58535,1482,0.00830078,0
27,60005,1470,0.00830078,0
28,60100,95,0.00585938,0
29,61400,1300,0.0239258,0
30,61631,231,0.00683594,0
31,62355,724,0.00830078,0
32,62527,172,0.00683594,0
33,63872,1345,0.00830078,0
34,63966,94,0.00585938,0
35,65439,1473,0.00830078,0
36,66237,798,0.00830078,0
37,67015,778,0.00830078,0
38,67732,717,0.00830078,0
39,68489,757,0.00830078,0
40,68709,220,0.0078125,0
41,69284,575,0.0078125,0
42,70795,1511,0.00830078,0
43,70894,99,0.00634766,0
44,71442,548,0.0239258,0
45,71661,219,0.00585938,0
46,71776,115,0.00488281,0
47,73140,1364,0.00830078,0
48,74654,1514,0.00830078,0
49,74812,158,0.00683594,0
50,76951,2139,0.00830078,0
51,78441,1490,0.00830078,0
52,80009,1568,0.00830078,0
53,80780,771,0.00830078,0
54,81490,710,0.00830078,0
55,85881,4391,0.0966797,0
56,86632,751,0.015625,0
57,87334,702,0.03125,0
58,88087,753,0.03125,0
59,92534,4447,0.0419922,0
60,120531,27997,0.113281,0
61,121538,1007,0.015625,0
62,122243,705,0.03125,0
63,123000,757,0.03125,0
64,127426,4426,0.0419922,0
65,156102,28676,0.171387,0
66,171252,15150,0.154785,0
