checkpoints,cycle count,last checkpoint,dirty ratio,cause
1,5790,5790,0.180176,0
2,33319,27529,0.0585938,0
3,38749,5430,0.168457,0
4,40110,1361,0.0078125,0
5,40812,702,0.00830078,0
6,42434,1622,0.00732422,0
7,43161,727,0.00830078,0
8,43977,816,0.0078125,0
9,44756,779,0.0078125,0
10,45462,706,0.00830078,0
11,47059,1597,0.0078125,0
12,47843,784,0.0078125,0
13,48600,757,0.00830078,0
14,49939,1339,0.0239258,0
15,50823,884,0.00830078,0
16,58381,7558,0.0078125,0
17,59815,1434,0.00830078,0
18,61238,1423,0.0234375,0
19,62154,916,0.0078125,0
20,63683,1529,0.00683594,0
21,65216,1533,0.0078125,0
22,65979,763,0.00830078,0
23,66757,778,0.00830078,0
24,67474,717,0.00830078,0
25,68231,757,0.00830078,0
26,69003,772,0.00830078,0
27,71131,2128,0.0239258,0
28,72800,1669,0.00830078,0
29,74361,1561,0.00732422,0
30,76618,2257,0.00732422,0
31,78125,1507,0.0078125,0
32,79645,1520,0.00830078,0
33,80416,771,0.00830078,0
34,81126,710,0.00830078,0
35,122228,41102,0.191406,0
36,155432,33204,0.206543,0
