checkpoints,cycle count,last checkpoint,dirty ratio,cause
1,2666,2666,0.214844,0
2,6597,3931,0.742188,0
3,11335,4738,0.0820312,0
4,13972,2637,0.210938,0
5,19153,5181,0.0820312,0
6,22161,3008,0.226562,0
7,24021,1860,0.113281,0
8,27565,3544,0.113281,0
9,28789,1224,0.207031,0
10,35393,6604,0.113281,0
11,36900,1507,0.214844,0
12,38977,2077,0.121094,0
13,42679,3702,0.773438,0
14,43841,1162,0.0625,0
15,44545,704,0.0664062,0
16,46172,1627,0.0585938,0
17,46260,88,0.0117188,0
18,46305,45,0.015625,0
19,46345,40,0.015625,0
20,46385,40,0.015625,0
21,46790,405,0.0546875,0
22,46994,204,0.03125,0
23,47809,815,0.0625,0
24,48594,785,0.0625,0
25,49313,719,0.0664062,0
26,50940,1627,0.0625,0
27,51739,799,0.0625,0
28,52524,785,0.0625,0
29,53991,1467,0.191406,0
30,54892,901,0.0664062,0
31,56596,1704,0.0585938,0
32,56653,57,0.015625,0
33,56693,40,0.015625,0
34,56733,40,0.015625,0
35,57138,405,0.0546875,0
36,57363,225,0.0429688,0
37,60472,3109,0.0625,0
38,61265,793,0.0664062,0
39,62830,1565,0.0625,0
40,64315,1485,0.0664062,0
41,65892,1577,0.1875,0
42,66831,939,0.0625,0
43,66952,121,0.0273438,0
44,67001,49,0.015625,0
45,67041,40,0.015625,0
46,67081,40,0.015625,0
47,67486,405,0.0546875,0
48,68435,949,0.0664062,0
49,70074,1639,0.0625,0
50,70860,786,0.0664062,0
51,71664,804,0.0664062,0
52,72399,735,0.0664062,0
53,73176,777,0.0664062,0
54,73969,793,0.0664062,0
55,76277,2308,0.191406,0
56,77366,1089,0.0585938,0
57,77423,57,0.015625,0
58,77463,40,0.015625,0
59,77503,40,0.015625,0
60,77908,405,0.0546875,0
61,78157,249,0.0546875,0
62,79646,1489,0.0664062,0
63,82033,2387,0.0585938,0
64,83589,1556,0.0625,0
65,85156,1567,0.0664062,0
66,85957,801,0.0625,0
67,86677,720,0.0664062,0
68,87672,995,0.207031,0
69,88549,877,0.046875,0
70,91084,2535,0.375,0
71,93901,2817,0.800781,0
72,96572,2671,0.148438,0
73,100651,4079,0.113281,0
74,102039,1388,0.234375,0
75,108296,6257,0.113281,0
76,109577,1281,0.226562,0
77,113887,4310,0.113281,0
78,116466,2579,0.113281,0
79,117410,944,0.191406,0
80,119894,2484,0.109375,0
81,120653,759,0.113281,0
82,124205,3552,0.113281,0
83,125025,820,0.210938,0
84,126853,1828,0.0585938,0
85,128931,2078,0.390625,0
86,131775,2844,0.800781,0
87,134445,2670,0.148438,0
88,138524,4079,0.113281,0
89,139912,1388,0.234375,0
90,146169,6257,0.113281,0
91,147450,1281,0.226562,0
92,151760,4310,0.113281,0
93,154339,2579,0.113281,0
94,155283,944,0.191406,0
95,157767,2484,0.109375,0
96,158526,759,0.113281,0
97,162078,3552,0.113281,0
98,162898,820,0.210938,0
99,163480,582,0.0351562,0
100,164772,1292,0.046875,0
101,166284,1512,0.214844,0
102,168948,2664,0.691406,0
103,169329,381,0.0546875,0
104,169385,56,0.015625,0
105,169425,40,0.015625,0
106,169465,40,0.015625,0
107,169870,405,0.0546875,0
108,170123,253,0.0546875,0
109,170822,699,0.0664062,0
110,171669,847,0.0625,0
111,172402,733,0.0664062,0
112,177052,4650,0.0625,0
113,177781,729,0.0664062,0
114,178630,849,0.0625,0
115,181912,3282,0.339844,0
116,185297,3385,0.648438,0
117,191517,6220,0.0820312,0
118,192201,684,0.191406,0
