checkpoints,cycle count,last checkpoint,dirty ratio,cause
1,742,742,0.34375,0
2,2812,2070,0.46875,0
3,6549,3737,0.609375,0
4,6761,212,0.203125,0
5,6992,231,0.375,0
6,7548,556,0.265625,0
7,7737,189,0.015625,0
8,8275,538,0.359375,0
9,8900,625,0.34375,0
10,9564,664,0.296875,0
11,10061,497,0.265625,0
12,10287,226,0.25,0
13,10806,519,0.34375,0
14,11426,620,0.328125,0
15,12080,654,0.296875,0
16,12586,506,0.265625,0
17,12814,228,0.25,0
18,13620,806,0.375,0
19,13939,319,0.265625,0
20,14538,599,0.328125,0
21,15064,526,0.265625,0
22,15473,409,0.25,0
23,15657,184,0.40625,0
24,15940,283,0.265625,0
25,16794,854,0.421875,0
26,16942,148,0.046875,0
27,16986,44,0.0625,0
28,17024,38,0.0625,0
29,17062,38,0.0625,0
30,17244,182,0.265625,0
31,17787,543,0.296875,0
32,18655,868,0.421875,0
33,18906,251,0.25,0
34,19081,175,0.265625,0
35,19422,341,0.34375,0
36,19530,108,0.046875,0
37,19567,37,0.0625,0
38,19677,110,0.03125,0
39,20234,557,0.328125,0
40,20852,618,0.34375,0
41,21752,900,0.421875,0
42,21900,148,0.046875,0
43,21944,44,0.0625,0
44,21982,38,0.0625,0
45,22020,38,0.0625,0
46,22162,142,0.03125,0
47,22968,806,0.421875,0
48,23219,251,0.25,0
49,23394,175,0.265625,0
50,23905,511,0.328125,0
51,24403,498,0.359375,0
52,24616,213,0.296875,0
53,24763,147,0.1875,0
54,25331,568,0.265625,0
55,25892,561,0.375,0
56,26337,445,0.375,0
57,26447,110,0.046875,0
58,26484,37,0.0625,0
59,26522,38,0.0625,0
60,26642,120,0.03125,0
61,27478,836,0.40625,0
62,27805,327,0.265625,0
63,28398,593,0.359375,0
64,28822,424,0.375,0
65,28932,110,0.046875,0
66,28969,37,0.0625,0
67,29007,38,0.0625,0
68,29143,136,0.03125,0
69,29682,539,0.328125,0
70,30582,900,0.40625,0
71,30923,341,0.25,0
72,31309,386,0.375,0
73,31419,110,0.046875,0
74,31456,37,0.0625,0
75,31494,38,0.0625,0
76,31606,112,0.03125,0
77,32450,844,0.40625,0
78,32786,336,0.265625,0
79,33240,454,0.28125,0
80,33314,74,0.1875,0
81,33422,108,0.0625,0
82,33462,40,0.0625,0
83,33502,40,0.0625,0
84,33609,107,0.109375,0
85,35808,2199,0.265625,0
86,38109,2301,0.265625,0
87,40407,2298,0.265625,0
88,41750,1343,0.625,0
89,42751,1001,0.1875,0
90,44645,1894,0.40625,0
91,48591,3946,0.6875,0
92,48915,324,0.203125,0
93,48970,55,0.0625,0
94,49010,40,0.0625,0
95,49050,40,0.0625,0
96,49455,405,0.21875,0
97,49702,247,0.203125,0
98,50416,714,0.265625,0
99,51306,890,0.234375,0
100,52031,725,0.25,0
101,52213,182,0.171875,0
102,52266,53,0.0625,0
103,52306,40,0.0625,0
104,52346,40,0.0625,0
105,52751,405,0.21875,0
106,52956,205,0.125,0
107,53798,842,0.234375,0
108,54602,804,0.25,0
109,55339,737,0.25,0
110,55512,173,0.1875,0
111,55566,54,0.0625,0
112,55606,40,0.0625,0
113,55646,40,0.0625,0
114,56051,405,0.21875,0
115,56296,245,0.203125,0
116,57052,756,0.25,0
117,57883,831,0.234375,0
118,58713,830,0.21875,0
119,58808,95,0.078125,0
120,58855,47,0.0625,0
121,58895,40,0.0625,0
122,58935,40,0.0625,0
123,59340,405,0.21875,0
124,59587,247,0.203125,0
125,60019,432,0.296875,0
126,60208,189,0.25,0
127,60343,135,0.0625,0
128,60383,40,0.0625,0
129,60423,40,0.0625,0
130,60476,53,0.09375,0
131,60728,252,0.25,0
132,61286,558,0.25,0
133,61577,291,0.25,0
134,62188,611,0.25,0
135,62415,227,0.25,0
136,62991,576,0.25,0
137,63145,154,0.171875,0
138,63198,53,0.0625,0
139,63238,40,0.0625,0
140,63278,40,0.0625,0
141,63690,412,0.21875,0
142,63865,175,0.0625,0
143,64133,268,0.25,0
144,64691,558,0.25,0
145,64973,282,0.25,0
146,65537,564,0.25,0
147,65813,276,0.25,0
148,66395,582,0.25,0
149,66540,145,0.171875,0
150,66593,53,0.0625,0
151,66633,40,0.0625,0
152,66673,40,0.0625,0
153,67085,412,0.21875,0
154,67266,181,0.078125,0
155,67538,272,0.25,0
156,68131,593,0.25,0
157,68375,244,0.25,0
158,68927,552,0.25,0
159,69213,286,0.25,0
160,69765,552,0.25,0
161,69945,180,0.1875,0
162,69999,54,0.0625,0
163,70039,40,0.0625,0
164,70079,40,0.0625,0
165,70491,412,0.21875,0
166,70715,224,0.15625,0
167,70934,219,0.25,0
168,71486,552,0.25,0
169,71780,294,0.25,0
170,72111,331,0.3125,0
171,72414,303,0.34375,0
172,73292,878,0.234375,0
173,74112,820,0.25,0
174,74234,122,0.109375,0
175,74283,49,0.0625,0
176,74323,40,0.0625,0
177,74363,40,0.0625,0
178,74768,405,0.21875,0
179,75738,970,0.21875,0
180,76593,855,0.25,0
181,77314,721,0.265625,0
182,77498,184,0.234375,0
183,77555,57,0.0625,0
184,77595,40,0.0625,0
185,77635,40,0.0625,0
186,78040,405,0.21875,0
187,78241,201,0.109375,0
188,79096,855,0.21875,0
189,79835,739,0.265625,0
190,80617,782,0.265625,0
191,80803,186,0.203125,0
192,80858,55,0.0625,0
193,80898,40,0.0625,0
194,80938,40,0.0625,0
195,81343,405,0.21875,0
196,81512,169,0.0625,0
197,82342,830,0.25,0
198,83121,779,0.265625,0
199,83416,295,0.265625,0
200,83520,104,0.03125,0
201,83558,38,0.0625,0
202,83598,40,0.0625,0
203,83638,40,0.0625,0
204,84004,366,0.421875,0
205,84949,945,0.25,0
206,85065,116,0.09375,0
207,85113,48,0.0625,0
208,85153,40,0.0625,0
209,85193,40,0.0625,0
210,85598,405,0.21875,0
211,85827,229,0.171875,0
212,86641,814,0.234375,0
213,87394,753,0.25,0
214,88181,787,0.265625,0
215,88362,181,0.1875,0
216,88416,54,0.0625,0
217,88456,40,0.0625,0
218,88496,40,0.0625,0
219,88901,405,0.21875,0
220,89070,169,0.0625,0
221,89929,859,0.21875,0
222,90742,813,0.234375,0
223,91466,724,0.265625,0
224,91654,188,0.1875,0
225,91708,54,0.0625,0
226,91748,40,0.0625,0
227,91788,40,0.0625,0
228,92193,405,0.21875,0
229,92403,210,0.140625,0
230,93144,741,0.265625,0
231,94049,905,0.21875,0
232,94772,723,0.265625,0
233,94943,171,0.203125,0
234,94998,55,0.0625,0
235,95038,40,0.0625,0
236,95078,40,0.0625,0
237,95287,209,0.234375,0
238,95580,293,0.515625,0
239,96747,1167,0.125,0
240,98629,1882,0.421875,0
241,102376,3747,0.703125,0
242,102892,516,0.390625,0
243,103563,671,0.328125,0
244,104149,586,0.34375,0
245,104785,636,0.28125,0
246,105389,604,0.375,0
247,106040,651,0.28125,0
248,106872,832,0.390625,0
249,107146,274,0.203125,0
250,107343,197,0.3125,0
251,107882,539,0.296875,0
252,108477,595,0.328125,0
253,109094,617,0.359375,0
254,109704,610,0.28125,0
255,110319,615,0.375,0
256,111298,979,0.265625,0
257,111659,361,0.46875,0
258,111956,297,0.28125,0
259,112580,624,0.328125,0
260,113401,821,0.390625,0
261,113675,274,0.203125,0
262,113802,127,0.03125,0
263,114356,554,0.375,0
264,115245,889,0.375,0
265,115592,347,0.265625,0
266,116288,696,0.375,0
267,116832,544,0.265625,0
268,117433,601,0.3125,0
269,118028,595,0.375,0
270,118675,647,0.25,0
271,119273,598,0.375,0
272,119911,638,0.328125,0
273,120282,371,0.203125,0
274,120595,313,0.390625,0
275,120867,272,0.34375,0
276,121518,651,0.328125,0
277,122091,573,0.375,0
278,122735,644,0.28125,0
279,123341,606,0.375,0
280,124233,892,0.375,0
281,124607,374,0.265625,0
282,125181,574,0.28125,0
283,125790,609,0.375,0
284,126429,639,0.328125,0
285,127030,601,0.375,0
286,127657,627,0.28125,0
287,128272,615,0.375,0
288,129274,1002,0.234375,0
289,129512,238,0.203125,0
290,129845,333,0.390625,0
291,130519,674,0.3125,0
292,131108,589,0.375,0
293,131724,616,0.28125,0
294,132348,624,0.359375,0
295,133232,884,0.375,0
296,133588,356,0.265625,0
297,134274,686,0.375,0
298,134829,555,0.28125,0
299,135649,820,0.375,0
300,136008,359,0.265625,0
301,136633,625,0.25,0
302,137239,606,0.375,0
303,137875,636,0.28125,0
304,138233,358,0.15625,0
305,138311,78,0.0625,0
306,138383,72,0.0625,0
307,138455,72,0.0625,0
308,138732,277,0.484375,0
309,139942,1210,0.28125,0
310,141977,2035,0.4375,0
311,145731,3754,0.703125,0
312,146247,516,0.390625,0
313,146918,671,0.328125,0
314,147504,586,0.34375,0
315,148140,636,0.28125,0
316,148744,604,0.375,0
317,149395,651,0.28125,0
318,150227,832,0.390625,0
319,150501,274,0.203125,0
320,150698,197,0.3125,0
321,151237,539,0.296875,0
322,151832,595,0.328125,0
323,152449,617,0.359375,0
324,153059,610,0.28125,0
325,153674,615,0.375,0
326,154653,979,0.265625,0
327,155014,361,0.46875,0
328,155311,297,0.28125,0
329,155935,624,0.328125,0
330,156756,821,0.390625,0
331,157030,274,0.203125,0
332,157157,127,0.03125,0
333,157711,554,0.375,0
334,158600,889,0.375,0
335,158947,347,0.265625,0
336,159643,696,0.375,0
337,160187,544,0.265625,0
338,160788,601,0.3125,0
339,161383,595,0.375,0
340,162030,647,0.25,0
341,162628,598,0.375,0
342,163266,638,0.328125,0
343,163637,371,0.203125,0
344,163950,313,0.390625,0
345,164222,272,0.34375,0
346,164873,651,0.328125,0
347,165446,573,0.375,0
348,166090,644,0.28125,0
349,166696,606,0.375,0
350,167588,892,0.375,0
351,167962,374,0.265625,0
352,168536,574,0.28125,0
353,169145,609,0.375,0
354,169784,639,0.328125,0
355,170385,601,0.375,0
356,171012,627,0.28125,0
357,171627,615,0.375,0
358,172629,1002,0.234375,0
359,172867,238,0.203125,0
360,173200,333,0.390625,0
361,173874,674,0.3125,0
362,174463,589,0.375,0
363,175079,616,0.28125,0
364,175703,624,0.359375,0
365,176587,884,0.375,0
366,176943,356,0.265625,0
367,177629,686,0.375,0
368,178184,555,0.28125,0
369,179004,820,0.375,0
370,179363,359,0.265625,0
371,179988,625,0.25,0
372,180594,606,0.375,0
373,181230,636,0.28125,0
374,181588,358,0.15625,0
375,181666,78,0.0625,0
376,181738,72,0.0625,0
377,181810,72,0.0625,0
378,182087,277,0.484375,0
379,182613,526,0.125,0
380,183343,730,0.234375,0
381,185447,2104,0.5625,0
382,188367,2920,0.59375,0
383,188582,215,0.1875,0
384,188636,54,0.0625,0
385,188676,40,0.0625,0
386,188716,40,0.0625,0
387,189128,412,0.21875,0
388,189357,229,0.171875,0
389,189565,208,0.25,0
390,190123,558,0.25,0
391,190411,288,0.25,0
392,190969,558,0.25,0
393,191250,281,0.25,0
394,191820,570,0.25,0
395,191978,158,0.1875,0
396,192032,54,0.0625,0
397,192072,40,0.0625,0
398,192112,40,0.0625,0
399,192524,412,0.21875,0
400,192758,234,0.1875,0
401,192970,212,0.25,0
402,193558,588,0.25,0
403,193810,252,0.25,0
404,194362,552,0.25,0
405,194652,290,0.25,0
406,195227,575,0.25,0
407,195380,153,0.171875,0
408,195433,53,0.0625,0
409,195473,40,0.0625,0
410,195513,40,0.0625,0
411,195925,412,0.21875,0
412,196183,258,0.234375,0
413,196371,188,0.25,0
414,196947,576,0.25,0
415,197211,264,0.25,0
416,197763,552,0.25,0
417,198046,283,0.25,0
418,198598,552,0.25,0
419,198777,179,0.1875,0
420,198831,54,0.0625,0
421,198871,40,0.0625,0
422,198911,40,0.0625,0
423,199323,412,0.21875,0
424,199540,217,0.15625,0
425,199773,233,0.25,0
426,200910,1137,0.546875,0
427,202325,1415,0.5625,0
428,205238,2913,0.65625,0
429,205753,515,0.375,0
430,205863,110,0.046875,0
431,205900,37,0.0625,0
432,205938,38,0.0625,0
433,206053,115,0.03125,0
434,206602,549,0.34375,0
435,207228,626,0.34375,0
436,208126,898,0.390625,0
437,208274,148,0.046875,0
438,208317,43,0.0625,0
439,208355,38,0.0625,0
440,208393,38,0.0625,0
441,208597,204,0.34375,0
442,209388,791,0.40625,0
443,209715,327,0.265625,0
444,210290,575,0.375,0
445,210732,442,0.375,0
446,210842,110,0.046875,0
447,210879,37,0.0625,0
448,210917,38,0.0625,0
449,211041,124,0.03125,0
450,211617,576,0.3125,0
451,212202,585,0.34375,0
452,212813,611,0.375,0
453,213250,437,0.375,0
454,213360,110,0.046875,0
455,213397,37,0.0625,0
456,213435,38,0.0625,0
457,213605,170,0.25,0
458,214106,501,0.578125,0
459,215115,1009,0.1875,0
