checkpoints,cycle count,last checkpoint,dirty ratio,cause
1,98472,98472,0.0600586,0
2,99083,611,0.00146484,0
3,99120,37,0.00146484,0
4,99159,39,0.00195312,0
5,99261,102,0.00244141,0
6,106436,7175,0.0112305,0
7,106605,169,0.00195312,0
8,106677,72,0.00195312,0
9,106749,72,0.00195312,0
10,106906,157,0.00976562,0
11,107061,155,0.00146484,0
12,107100,39,0.00146484,0
13,107140,40,0.00195312,0
14,107238,98,0.00244141,0
15,114441,7203,0.0107422,0
16,114609,168,0.00195312,0
17,114681,72,0.00195312,0
18,114753,72,0.00195312,0
19,114910,157,0.00976562,0
20,115065,155,0.00146484,0
21,115104,39,0.00146484,0
22,115144,40,0.00195312,0
23,115245,101,0.00244141,0
24,122459,7214,0.0107422,0
25,122627,168,0.00195312,0
26,122699,72,0.00195312,0
27,122771,72,0.00195312,0
28,122928,157,0.00976562,0
29,123083,155,0.00146484,0
30,123122,39,0.00146484,0
31,123162,40,0.00195312,0
32,123264,102,0.00244141,0
33,130460,7196,0.0107422,0
34,130628,168,0.00195312,0
35,130700,72,0.00195312,0
36,130772,72,0.00195312,0
37,132977,2205,0.019043,0
38,138099,5122,0.0449219,0
39,138529,430,0.00146484,0
40,138566,37,0.00146484,0
41,138605,39,0.00195312,0
42,138707,102,0.00244141,0
43,145881,7174,0.0112305,0
44,146050,169,0.00195312,0
45,146122,72,0.00195312,0
46,146194,72,0.00195312,0
47,146351,157,0.00976562,0
48,146506,155,0.00146484,0
49,146545,39,0.00146484,0
50,146585,40,0.00195312,0
51,146683,98,0.00244141,0
52,153886,7203,0.0107422,0
53,154054,168,0.00195312,0
54,154126,72,0.00195312,0
55,154198,72,0.00195312,0
56,154355,157,0.00976562,0
57,154510,155,0.00146484,0
58,154549,39,0.00146484,0
59,154589,40,0.00195312,0
60,154690,101,0.00244141,0
61,161904,7214,0.0107422,0
62,162072,168,0.00195312,0
63,162144,72,0.00195312,0
64,162216,72,0.00195312,0
65,162373,157,0.00976562,0
66,162528,155,0.00146484,0
67,162567,39,0.00146484,0
68,162607,40,0.00195312,0
69,162709,102,0.00244141,0
70,169905,7196,0.0107422,0
71,170073,168,0.00195312,0
72,170145,72,0.00195312,0
73,170217,72,0.00195312,0
74,172420,2203,0.019043,0
75,176631,4211,0.0146484,0
76,176818,187,0.00146484,0
77,176855,37,0.00146484,0
78,176894,39,0.00146484,0
79,176938,44,0.00244141,0
80,177078,140,0.00439453,0
81,177127,49,0.00195312,0
82,177165,38,0.00195312,0
83,177203,38,0.00195312,0
84,177347,144,0.00195312,0
85,177478,131,0.00195312,0
86,177609,131,0.00195312,0
87,177740,131,0.00195312,0
88,177892,152,0.00390625,0
89,177977,85,0.00244141,0
90,178022,45,0.00195312,0
91,178060,38,0.00195312,0
92,178098,38,0.00195312,0
93,178242,144,0.00195312,0
94,178373,131,0.00195312,0
95,178504,131,0.00195312,0
96,178635,131,0.00195312,0
97,178788,153,0.00390625,0
98,178873,85,0.00244141,0
99,178918,45,0.00195312,0
100,178956,38,0.00195312,0
101,178994,38,0.00195312,0
102,179138,144,0.00195312,0
103,179269,131,0.00195312,0
104,179400,131,0.00195312,0
105,179531,131,0.00195312,0
106,179677,146,0.00390625,0
107,179761,84,0.00244141,0
108,179806,45,0.00195312,0
109,179844,38,0.00195312,0
110,179882,38,0.00195312,0
111,180026,144,0.00195312,0
112,180157,131,0.00195312,0
113,180288,131,0.00195312,0
114,180419,131,0.00195312,0
115,180572,153,0.00390625,0
116,180656,84,0.00244141,0
117,180701,45,0.00195312,0
118,180739,38,0.00195312,0
119,180777,38,0.00195312,0
120,180921,144,0.00195312,0
121,181052,131,0.00195312,0
122,181183,131,0.00195312,0
123,181314,131,0.00195312,0
124,181462,148,0.00390625,0
125,181546,84,0.00244141,0
126,181591,45,0.00195312,0
127,181629,38,0.00195312,0
128,181667,38,0.00195312,0
129,181811,144,0.00195312,0
130,181942,131,0.00195312,0
131,182073,131,0.00195312,0
132,182204,131,0.00195312,0
133,182355,151,0.00390625,0
134,182440,85,0.00244141,0
135,182485,45,0.00195312,0
136,182523,38,0.00195312,0
137,182561,38,0.00195312,0
138,182705,144,0.00195312,0
139,182836,131,0.00195312,0
140,182967,131,0.00195312,0
141,183098,131,0.00195312,0
142,183246,148,0.00390625,0
143,183330,84,0.00244141,0
144,183375,45,0.00195312,0
145,183413,38,0.00195312,0
146,183451,38,0.00195312,0
147,183595,144,0.00195312,0
148,183726,131,0.00195312,0
149,183857,131,0.00195312,0
150,183988,131,0.00195312,0
151,184137,149,0.00390625,0
152,184221,84,0.00244141,0
153,184266,45,0.00195312,0
154,184304,38,0.00195312,0
155,184342,38,0.00195312,0
156,184486,144,0.00195312,0
157,184617,131,0.00195312,0
158,184748,131,0.00195312,0
159,184879,131,0.00195312,0
160,185026,147,0.00390625,0
161,185111,85,0.00244141,0
162,185156,45,0.00195312,0
163,185194,38,0.00195312,0
164,185232,38,0.00195312,0
165,185376,144,0.00195312,0
166,185507,131,0.00195312,0
167,185638,131,0.00195312,0
168,185769,131,0.00195312,0
169,185918,149,0.00390625,0
170,186002,84,0.00244141,0
171,186047,45,0.00195312,0
172,186085,38,0.00195312,0
173,186123,38,0.00195312,0
174,186267,144,0.00195312,0
175,186398,131,0.00195312,0
176,186529,131,0.00195312,0
177,186660,131,0.00195312,0
178,186812,152,0.00390625,0
179,186897,85,0.00244141,0
180,186942,45,0.00195312,0
181,186980,38,0.00195312,0
182,187018,38,0.00195312,0
183,187162,144,0.00195312,0
184,187293,131,0.00195312,0
185,187424,131,0.00195312,0
186,187555,131,0.00195312,0
187,187699,144,0.00390625,0
188,187782,83,0.00244141,0
189,187827,45,0.00195312,0
190,187865,38,0.00195312,0
191,187903,38,0.00195312,0
192,188047,144,0.00195312,0
193,188178,131,0.00195312,0
194,188309,131,0.00195312,0
195,188440,131,0.00195312,0
196,188588,148,0.00390625,0
197,188673,85,0.00244141,0
198,188718,45,0.00195312,0
199,188756,38,0.00195312,0
200,188794,38,0.00195312,0
201,190028,1234,0.0185547,0
202,194192,4164,0.015625,0
203,194393,201,0.00146484,0
204,194430,37,0.00146484,0
205,194468,38,0.00195312,0
206,194567,99,0.00244141,0
