checkpoints,cycle count,last checkpoint,dirty ratio,cause
1,748,748,0.0136719,0
2,1552,804,0.00244141,0
3,2183,631,0.00244141,0
4,2814,631,0.00244141,0
5,3108,294,0.0131836,0
6,3317,209,0.00195312,0
7,3365,48,0.00195312,0
8,3413,48,0.00195312,0
9,3461,48,0.00195312,0
10,3509,48,0.00195312,0
11,3557,48,0.00195312,0
12,3605,48,0.00195312,0
13,3653,48,0.00195312,0
14,3701,48,0.00195312,0
15,3749,48,0.00195312,0
16,3797,48,0.00195312,0
17,3845,48,0.00195312,0
18,3893,48,0.00195312,0
19,3941,48,0.00195312,0
20,3989,48,0.00195312,0
21,4047,58,0.00341797,0
22,4091,44,0.00195312,0
23,4114,23,0.00195312,0
24,4137,23,0.00195312,0
25,4160,23,0.00195312,0
26,4183,23,0.00195312,0
27,4206,23,0.00195312,0
28,4229,23,0.00195312,0
29,4258,29,0.000976562,0
30,4316,58,0.000976562,0
31,4334,18,0.000976562,0
32,4371,37,0.000976562,0
33,4389,18,0.000976562,0
34,4426,37,0.000976562,0
35,4444,18,0.000976562,0
36,4481,37,0.000976562,0
37,4499,18,0.000976562,0
38,4546,47,0.000976562,0
39,4564,18,0.000976562,0
40,4601,37,0.000976562,0
41,4619,18,0.000976562,0
42,4656,37,0.000976562,0
43,4674,18,0.000976562,0
44,4713,39,0.000976562,0
45,4731,18,0.000976562,0
46,4791,60,0.000976562,0
47,4809,18,0.000976562,0
48,4848,39,0.000976562,0
49,4866,18,0.000976562,0
50,4905,39,0.000976562,0
51,4923,18,0.000976562,0
52,4962,39,0.000976562,0
53,4980,18,0.000976562,0
54,5028,48,0.000976562,0
55,5046,18,0.000976562,0
56,5085,39,0.000976562,0
57,5103,18,0.000976562,0
58,5142,39,0.000976562,0
59,5160,18,0.000976562,0
60,5199,39,0.000976562,0
61,5217,18,0.000976562,0
62,5277,60,0.000976562,0
63,5295,18,0.000976562,0
64,5334,39,0.000976562,0
65,5352,18,0.000976562,0
66,5391,39,0.000976562,0
67,5409,18,0.000976562,0
68,5448,39,0.000976562,0
69,5466,18,0.000976562,0
70,5515,49,0.000976562,0
71,5533,18,0.000976562,0
72,5572,39,0.000976562,0
73,5590,18,0.000976562,0
74,5629,39,0.000976562,0
75,5647,18,0.000976562,0
76,5686,39,0.000976562,0
77,5704,18,0.000976562,0
78,5762,58,0.000976562,0
79,5780,18,0.000976562,0
80,5819,39,0.000976562,0
81,5837,18,0.000976562,0
82,5876,39,0.000976562,0
83,5894,18,0.000976562,0
84,5933,39,0.000976562,0
85,5951,18,0.000976562,0
86,5999,48,0.000976562,0
87,6017,18,0.000976562,0
88,6056,39,0.000976562,0
89,6074,18,0.000976562,0
90,6113,39,0.000976562,0
91,6131,18,0.000976562,0
92,6170,39,0.000976562,0
93,6188,18,0.000976562,0
94,6248,60,0.000976562,0
95,6266,18,0.000976562,0
96,6305,39,0.000976562,0
97,6323,18,0.000976562,0
98,6362,39,0.000976562,0
99,6380,18,0.000976562,0
100,6419,39,0.000976562,0
101,6437,18,0.000976562,0
102,6485,48,0.000976562,0
103,6503,18,0.000976562,0
104,6542,39,0.000976562,0
105,6560,18,0.000976562,0
106,6599,39,0.000976562,0
107,6617,18,0.000976562,0
108,6656,39,0.000976562,0
109,6674,18,0.000976562,0
110,6734,60,0.000976562,0
111,6752,18,0.000976562,0
112,6791,39,0.000976562,0
113,6809,18,0.000976562,0
114,6848,39,0.000976562,0
115,6866,18,0.000976562,0
116,6905,39,0.000976562,0
117,6923,18,0.000976562,0
118,6971,48,0.000976562,0
119,6989,18,0.000976562,0
120,7028,39,0.000976562,0
121,7046,18,0.000976562,0
122,7085,39,0.000976562,0
123,7103,18,0.000976562,0
124,7142,39,0.000976562,0
125,7160,18,0.000976562,0
126,7220,60,0.000976562,0
127,7238,18,0.000976562,0
128,7277,39,0.000976562,0
129,7295,18,0.000976562,0
130,7334,39,0.000976562,0
131,7352,18,0.000976562,0
132,7391,39,0.000976562,0
133,7507,116,0.00732422,0
134,7623,116,0.00195312,0
135,7662,39,0.00195312,0
136,7701,39,0.00195312,0
137,7760,59,0.00830078,0
138,7892,132,0.00195312,0
139,7930,38,0.00195312,0
140,7968,38,0.00195312,0
141,8070,102,0.00146484,0
142,8091,21,0.00390625,0
143,8296,205,0.00976562,0
144,8468,172,0.00439453,0
145,8515,47,0.00195312,0
146,8551,36,0.00195312,0
147,8587,36,0.00195312,0
148,8631,44,0.000976562,0
149,8744,113,0.00390625,0
150,8949,205,0.00976562,0
151,9121,172,0.00439453,0
152,9168,47,0.00195312,0
153,9204,36,0.00195312,0
154,9240,36,0.00195312,0
155,9284,44,0.000976562,0
156,9396,112,0.00390625,0
157,9601,205,0.00976562,0
158,9773,172,0.00439453,0
159,9820,47,0.00195312,0
160,9856,36,0.00195312,0
161,9892,36,0.00195312,0
162,9936,44,0.000976562,0
163,10052,116,0.00390625,0
164,10257,205,0.00976562,0
165,10429,172,0.00439453,0
166,10476,47,0.00195312,0
167,10512,36,0.00195312,0
168,10548,36,0.00195312,0
169,10592,44,0.000976562,0
170,10707,115,0.00390625,0
171,10912,205,0.00976562,0
172,11084,172,0.00439453,0
173,11131,47,0.00195312,0
174,11167,36,0.00195312,0
175,11203,36,0.00195312,0
176,11247,44,0.000976562,0
177,11362,115,0.00390625,0
178,11567,205,0.00976562,0
179,11739,172,0.00439453,0
180,11786,47,0.00195312,0
181,11822,36,0.00195312,0
182,11858,36,0.00195312,0
183,11902,44,0.000976562,0
184,12014,112,0.00390625,0
185,12219,205,0.00976562,0
186,12391,172,0.00439453,0
187,12438,47,0.00195312,0
188,12474,36,0.00195312,0
189,12510,36,0.00195312,0
190,12554,44,0.000976562,0
191,12669,115,0.00390625,0
192,12874,205,0.00976562,0
193,13046,172,0.00439453,0
194,13093,47,0.00195312,0
195,13129,36,0.00195312,0
196,13165,36,0.00195312,0
197,13209,44,0.000976562,0
198,13325,116,0.00390625,0
199,13530,205,0.00976562,0
200,13702,172,0.00439453,0
201,13749,47,0.00195312,0
202,13785,36,0.00195312,0
203,13821,36,0.00195312,0
204,13865,44,0.000976562,0
205,13980,115,0.00390625,0
206,14185,205,0.00976562,0
207,14357,172,0.00439453,0
208,14404,47,0.00195312,0
209,14440,36,0.00195312,0
210,14476,36,0.00195312,0
211,14520,44,0.000976562,0
212,14630,110,0.00390625,0
213,14835,205,0.00976562,0
214,15007,172,0.00439453,0
215,15054,47,0.00195312,0
216,15090,36,0.00195312,0
217,15126,36,0.00195312,0
218,15170,44,0.000976562,0
219,15285,115,0.00390625,0
220,15490,205,0.00976562,0
221,15662,172,0.00439453,0
222,15709,47,0.00195312,0
223,15745,36,0.00195312,0
224,15781,36,0.00195312,0
225,15825,44,0.000976562,0
226,15940,115,0.00390625,0
227,16145,205,0.00976562,0
228,16317,172,0.00439453,0
229,16364,47,0.00195312,0
230,16400,36,0.00195312,0
231,16436,36,0.00195312,0
232,16480,44,0.000976562,0
233,16593,113,0.00390625,0
234,16622,29,0.00390625,0
235,16643,21,0.000976562,0
236,16667,24,0.00195312,0
237,16693,26,0.00195312,0
238,16721,28,0.00195312,0
239,16789,68,0.00195312,0
240,16829,40,0.00195312,0
241,16869,40,0.00195312,0
242,16909,40,0.00195312,0
243,16970,61,0.00830078,0
244,17104,134,0.00195312,0
245,17144,40,0.00195312,0
246,17184,40,0.00195312,0
247,17282,98,0.00146484,0
248,17303,21,0.00390625,0
249,17508,205,0.00976562,0
250,17682,174,0.00439453,0
251,17731,49,0.00195312,0
252,17769,38,0.00195312,0
253,17807,38,0.00195312,0
254,17851,44,0.000976562,0
255,17965,114,0.00390625,0
256,18170,205,0.00976562,0
257,18344,174,0.00439453,0
258,18393,49,0.00195312,0
259,18431,38,0.00195312,0
260,18469,38,0.00195312,0
261,18513,44,0.000976562,0
262,18623,110,0.00390625,0
263,18828,205,0.00976562,0
264,19002,174,0.00439453,0
265,19051,49,0.00195312,0
266,19089,38,0.00195312,0
267,19127,38,0.00195312,0
268,19171,44,0.000976562,0
269,19286,115,0.00390625,0
270,19491,205,0.00976562,0
271,19665,174,0.00439453,0
272,19714,49,0.00195312,0
273,19752,38,0.00195312,0
274,19790,38,0.00195312,0
275,19834,44,0.000976562,0
276,19946,112,0.00390625,0
277,20151,205,0.00976562,0
278,20325,174,0.00439453,0
279,20374,49,0.00195312,0
280,20412,38,0.00195312,0
281,20450,38,0.00195312,0
282,20494,44,0.000976562,0
283,20605,111,0.00390625,0
284,20810,205,0.00976562,0
285,20984,174,0.00439453,0
286,21033,49,0.00195312,0
287,21071,38,0.00195312,0
288,21109,38,0.00195312,0
289,21153,44,0.000976562,0
290,21270,117,0.00390625,0
291,21475,205,0.00976562,0
292,21649,174,0.00439453,0
293,21698,49,0.00195312,0
294,21736,38,0.00195312,0
295,21774,38,0.00195312,0
296,21818,44,0.000976562,0
297,21930,112,0.00390625,0
298,22135,205,0.00976562,0
299,22309,174,0.00439453,0
300,22358,49,0.00195312,0
301,22396,38,0.00195312,0
302,22434,38,0.00195312,0
303,22478,44,0.000976562,0
304,22591,113,0.00390625,0
305,22796,205,0.00976562,0
306,22970,174,0.00439453,0
307,23019,49,0.00195312,0
308,23057,38,0.00195312,0
309,23095,38,0.00195312,0
310,23139,44,0.000976562,0
311,23249,110,0.00390625,0
312,23454,205,0.00976562,0
313,23628,174,0.00439453,0
314,23677,49,0.00195312,0
315,23715,38,0.00195312,0
316,23753,38,0.00195312,0
317,23797,44,0.000976562,0
318,23912,115,0.00390625,0
319,24117,205,0.00976562,0
320,24291,174,0.00439453,0
321,24340,49,0.00195312,0
322,24378,38,0.00195312,0
323,24416,38,0.00195312,0
324,24460,44,0.000976562,0
325,24572,112,0.00390625,0
326,24777,205,0.00976562,0
327,24951,174,0.00439453,0
328,25000,49,0.00195312,0
329,25038,38,0.00195312,0
330,25076,38,0.00195312,0
331,25120,44,0.000976562,0
332,25234,114,0.00390625,0
333,25439,205,0.00976562,0
334,25613,174,0.00439453,0
335,25662,49,0.00195312,0
336,25700,38,0.00195312,0
337,25738,38,0.00195312,0
338,25782,44,0.000976562,0
339,25892,110,0.00390625,0
340,25922,30,0.00390625,0
341,25944,22,0.000976562,0
342,25970,26,0.00195312,0
343,25998,28,0.00195312,0
344,26026,28,0.00195312,0
345,26094,68,0.00195312,0
346,26134,40,0.00195312,0
347,26174,40,0.00195312,0
348,26214,40,0.00195312,0
349,26275,61,0.00830078,0
350,26409,134,0.00195312,0
351,26449,40,0.00195312,0
352,26489,40,0.00195312,0
353,26586,97,0.00146484,0
354,26607,21,0.00390625,0
355,26812,205,0.00976562,0
356,26986,174,0.00439453,0
357,27035,49,0.00195312,0
358,27073,38,0.00195312,0
359,27111,38,0.00195312,0
360,27155,44,0.000976562,0
361,27270,115,0.00390625,0
362,27475,205,0.00976562,0
363,27649,174,0.00439453,0
364,27698,49,0.00195312,0
365,27736,38,0.00195312,0
366,27774,38,0.00195312,0
367,27818,44,0.000976562,0
368,27928,110,0.00390625,0
369,28133,205,0.00976562,0
370,28307,174,0.00439453,0
371,28356,49,0.00195312,0
372,28394,38,0.00195312,0
373,28432,38,0.00195312,0
374,28476,44,0.000976562,0
375,28588,112,0.00390625,0
376,28793,205,0.00976562,0
377,28967,174,0.00439453,0
378,29016,49,0.00195312,0
379,29054,38,0.00195312,0
380,29092,38,0.00195312,0
381,29136,44,0.000976562,0
382,29250,114,0.00390625,0
383,29455,205,0.00976562,0
384,29629,174,0.00439453,0
385,29678,49,0.00195312,0
386,29716,38,0.00195312,0
387,29754,38,0.00195312,0
388,29798,44,0.000976562,0
389,29912,114,0.00390625,0
390,30117,205,0.00976562,0
391,30291,174,0.00439453,0
392,30340,49,0.00195312,0
393,30378,38,0.00195312,0
394,30416,38,0.00195312,0
395,30460,44,0.000976562,0
396,30573,113,0.00390625,0
397,30778,205,0.00976562,0
398,30952,174,0.00439453,0
399,31001,49,0.00195312,0
400,31039,38,0.00195312,0
401,31077,38,0.00195312,0
402,31121,44,0.000976562,0
403,31234,113,0.00390625,0
404,31439,205,0.00976562,0
405,31613,174,0.00439453,0
406,31662,49,0.00195312,0
407,31700,38,0.00195312,0
408,31738,38,0.00195312,0
409,31782,44,0.000976562,0
410,31892,110,0.00390625,0
411,32097,205,0.00976562,0
412,32271,174,0.00439453,0
413,32320,49,0.00195312,0
414,32358,38,0.00195312,0
415,32396,38,0.00195312,0
416,32440,44,0.000976562,0
417,32553,113,0.00390625,0
418,32758,205,0.00976562,0
419,32932,174,0.00439453,0
420,32981,49,0.00195312,0
421,33019,38,0.00195312,0
422,33057,38,0.00195312,0
423,33101,44,0.000976562,0
424,33214,113,0.00390625,0
425,33419,205,0.00976562,0
426,33593,174,0.00439453,0
427,33642,49,0.00195312,0
428,33680,38,0.00195312,0
429,33718,38,0.00195312,0
430,33762,44,0.000976562,0
431,33873,111,0.00390625,0
432,34078,205,0.00976562,0
433,34252,174,0.00439453,0
434,34301,49,0.00195312,0
435,34339,38,0.00195312,0
436,34377,38,0.00195312,0
437,34421,44,0.000976562,0
438,34532,111,0.00390625,0
439,34737,205,0.00976562,0
440,34911,174,0.00439453,0
441,34960,49,0.00195312,0
442,34998,38,0.00195312,0
443,35036,38,0.00195312,0
444,35080,44,0.000976562,0
445,35192,112,0.00390625,0
446,35222,30,0.00390625,0
447,35244,22,0.000976562,0
448,35270,26,0.00195312,0
449,35298,28,0.00195312,0
450,35326,28,0.00195312,0
451,35394,68,0.00195312,0
452,35434,40,0.00195312,0
453,35474,40,0.00195312,0
454,35514,40,0.00195312,0
455,35575,61,0.00830078,0
456,35709,134,0.00195312,0
457,35749,40,0.00195312,0
458,35789,40,0.00195312,0
459,35885,96,0.00146484,0
460,35906,21,0.00390625,0
461,36111,205,0.00976562,0
462,36285,174,0.00439453,0
463,36334,49,0.00195312,0
464,36372,38,0.00195312,0
465,36410,38,0.00195312,0
466,36454,44,0.000976562,0
467,36562,108,0.00390625,0
468,36767,205,0.00976562,0
469,36941,174,0.00439453,0
470,36990,49,0.00195312,0
471,37028,38,0.00195312,0
472,37066,38,0.00195312,0
473,37110,44,0.000976562,0
474,37222,112,0.00390625,0
475,37427,205,0.00976562,0
476,37601,174,0.00439453,0
477,37650,49,0.00195312,0
478,37688,38,0.00195312,0
479,37726,38,0.00195312,0
480,37770,44,0.000976562,0
481,37880,110,0.00390625,0
482,38085,205,0.00976562,0
483,38259,174,0.00439453,0
484,38308,49,0.00195312,0
485,38346,38,0.00195312,0
486,38384,38,0.00195312,0
487,38428,44,0.000976562,0
488,38540,112,0.00390625,0
489,38745,205,0.00976562,0
490,38919,174,0.00439453,0
491,38968,49,0.00195312,0
492,39006,38,0.00195312,0
493,39044,38,0.00195312,0
494,39088,44,0.000976562,0
495,39200,112,0.00390625,0
496,39405,205,0.00976562,0
497,39579,174,0.00439453,0
498,39628,49,0.00195312,0
499,39666,38,0.00195312,0
500,39704,38,0.00195312,0
501,39748,44,0.000976562,0
502,39861,113,0.00390625,0
503,40066,205,0.00976562,0
504,40240,174,0.00439453,0
505,40289,49,0.00195312,0
506,40327,38,0.00195312,0
507,40365,38,0.00195312,0
508,40409,44,0.000976562,0
509,40525,116,0.00390625,0
510,40730,205,0.00976562,0
511,40904,174,0.00439453,0
512,40953,49,0.00195312,0
513,40991,38,0.00195312,0
514,41029,38,0.00195312,0
515,41073,44,0.000976562,0
516,41186,113,0.00390625,0
517,41391,205,0.00976562,0
518,41565,174,0.00439453,0
519,41614,49,0.00195312,0
520,41652,38,0.00195312,0
521,41690,38,0.00195312,0
522,41734,44,0.000976562,0
523,41845,111,0.00390625,0
524,42050,205,0.00976562,0
525,42224,174,0.00439453,0
526,42273,49,0.00195312,0
527,42311,38,0.00195312,0
528,42349,38,0.00195312,0
529,42393,44,0.000976562,0
530,42506,113,0.00390625,0
531,42711,205,0.00976562,0
532,42885,174,0.00439453,0
533,42934,49,0.00195312,0
534,42972,38,0.00195312,0
535,43010,38,0.00195312,0
536,43054,44,0.000976562,0
537,43164,110,0.00390625,0
538,43369,205,0.00976562,0
539,43543,174,0.00439453,0
540,43592,49,0.00195312,0
541,43630,38,0.00195312,0
542,43668,38,0.00195312,0
543,43712,44,0.000976562,0
544,43824,112,0.00390625,0
545,44029,205,0.00976562,0
546,44203,174,0.00439453,0
547,44252,49,0.00195312,0
548,44290,38,0.00195312,0
549,44328,38,0.00195312,0
550,44372,44,0.000976562,0
551,44487,115,0.00390625,0
552,44517,30,0.00390625,0
553,44539,22,0.000976562,0
554,44565,26,0.00195312,0
555,44593,28,0.00195312,0
556,44621,28,0.00195312,0
557,44748,127,0.00244141,0
558,45017,269,0.015625,0
559,45485,468,0.00390625,0
560,45773,288,0.00390625,0
561,47207,1434,0.00585938,0
562,47626,419,0.00244141,0
563,47990,364,0.0102539,0
564,48145,155,0.00195312,0
565,48193,48,0.00195312,0
566,48241,48,0.00195312,0
567,48289,48,0.00195312,0
568,48337,48,0.00195312,0
569,48385,48,0.00195312,0
570,48433,48,0.00195312,0
571,48481,48,0.00195312,0
572,48529,48,0.00195312,0
573,48577,48,0.00195312,0
574,48625,48,0.00195312,0
575,48673,48,0.00195312,0
576,48721,48,0.00195312,0
577,48769,48,0.00195312,0
578,48817,48,0.00195312,0
579,48882,65,0.00537109,0
580,48955,73,0.00195312,0
581,48979,24,0.00195312,0
582,49003,24,0.00195312,0
583,49027,24,0.00195312,0
584,49051,24,0.00195312,0
585,49075,24,0.00195312,0
586,49099,24,0.00195312,0
587,49128,29,0.000976562,0
588,49183,55,0.000976562,0
589,49201,18,0.000976562,0
590,49238,37,0.000976562,0
591,49256,18,0.000976562,0
592,49293,37,0.000976562,0
593,49311,18,0.000976562,0
594,49348,37,0.000976562,0
595,49366,18,0.000976562,0
596,49412,46,0.000976562,0
597,49430,18,0.000976562,0
598,49467,37,0.000976562,0
599,49485,18,0.000976562,0
600,49522,37,0.000976562,0
601,49540,18,0.000976562,0
602,49579,39,0.000976562,0
603,49597,18,0.000976562,0
604,49656,59,0.000976562,0
605,49674,18,0.000976562,0
606,49713,39,0.000976562,0
607,49731,18,0.000976562,0
608,49770,39,0.000976562,0
609,49788,18,0.000976562,0
610,49827,39,0.000976562,0
611,49845,18,0.000976562,0
612,49891,46,0.000976562,0
613,49909,18,0.000976562,0
614,49948,39,0.000976562,0
615,49966,18,0.000976562,0
616,50005,39,0.000976562,0
617,50023,18,0.000976562,0
618,50062,39,0.000976562,0
619,50080,18,0.000976562,0
620,50139,59,0.000976562,0
621,50157,18,0.000976562,0
622,50196,39,0.000976562,0
623,50214,18,0.000976562,0
624,50253,39,0.000976562,0
625,50271,18,0.000976562,0
626,50310,39,0.000976562,0
627,50328,18,0.000976562,0
628,50376,48,0.000976562,0
629,50394,18,0.000976562,0
630,50433,39,0.000976562,0
631,50451,18,0.000976562,0
632,50490,39,0.000976562,0
633,50508,18,0.000976562,0
634,50547,39,0.000976562,0
635,50565,18,0.000976562,0
636,50622,57,0.000976562,0
637,50640,18,0.000976562,0
638,50679,39,0.000976562,0
639,50697,18,0.000976562,0
640,50736,39,0.000976562,0
641,50754,18,0.000976562,0
642,50793,39,0.000976562,0
643,50811,18,0.000976562,0
644,50859,48,0.000976562,0
645,50877,18,0.000976562,0
646,50916,39,0.000976562,0
647,50934,18,0.000976562,0
648,50973,39,0.000976562,0
649,50991,18,0.000976562,0
650,51030,39,0.000976562,0
651,51048,18,0.000976562,0
652,51107,59,0.000976562,0
653,51125,18,0.000976562,0
654,51164,39,0.000976562,0
655,51182,18,0.000976562,0
656,51221,39,0.000976562,0
657,51239,18,0.000976562,0
658,51278,39,0.000976562,0
659,51296,18,0.000976562,0
660,51343,47,0.000976562,0
661,51361,18,0.000976562,0
662,51400,39,0.000976562,0
663,51418,18,0.000976562,0
664,51457,39,0.000976562,0
665,51475,18,0.000976562,0
666,51514,39,0.000976562,0
667,51532,18,0.000976562,0
668,51591,59,0.000976562,0
669,51609,18,0.000976562,0
670,51648,39,0.000976562,0
671,51666,18,0.000976562,0
672,51705,39,0.000976562,0
673,51723,18,0.000976562,0
674,51762,39,0.000976562,0
675,51780,18,0.000976562,0
676,51827,47,0.000976562,0
677,51845,18,0.000976562,0
678,51884,39,0.000976562,0
679,51902,18,0.000976562,0
680,51941,39,0.000976562,0
681,51959,18,0.000976562,0
682,51998,39,0.000976562,0
683,52016,18,0.000976562,0
684,52074,58,0.000976562,0
685,52092,18,0.000976562,0
686,52131,39,0.000976562,0
687,52149,18,0.000976562,0
688,52188,39,0.000976562,0
689,52206,18,0.000976562,0
690,52245,39,0.000976562,0
691,52451,206,0.0136719,0
692,52660,209,0.00195312,0
693,52698,38,0.00195312,0
694,52738,40,0.00195312,0
695,52767,29,0.000976562,0
696,52815,48,0.00341797,0
697,52868,53,0.00341797,0
698,52909,41,0.00195312,0
699,52967,58,0.000976562,0
700,52995,28,0.00146484,0
701,53032,37,0.00195312,0
702,53070,38,0.00195312,0
703,53214,144,0.00195312,0
704,53345,131,0.00195312,0
705,53476,131,0.00195312,0
706,53607,131,0.00195312,0
707,53633,26,0.000976562,0
708,53728,95,0.00390625,0
709,53796,68,0.00439453,0
710,53860,64,0.000976562,0
711,53896,36,0.00195312,0
712,53934,38,0.00195312,0
713,53972,38,0.00195312,0
714,54116,144,0.00195312,0
715,54247,131,0.00195312,0
716,54378,131,0.00195312,0
717,54509,131,0.00195312,0
718,54535,26,0.000976562,0
719,54608,73,0.00195312,0
720,54662,54,0.00390625,0
721,54715,53,0.00292969,0
722,54775,60,0.000976562,0
723,54803,28,0.00146484,0
724,54840,37,0.00195312,0
725,54878,38,0.00195312,0
726,55022,144,0.00195312,0
727,55153,131,0.00195312,0
728,55284,131,0.00195312,0
729,55415,131,0.00195312,0
730,55441,26,0.000976562,0
731,55531,90,0.00341797,0
732,55590,59,0.00390625,0
733,55626,36,0.00146484,0
734,55683,57,0.000976562,0
735,55711,28,0.00146484,0
736,55748,37,0.00195312,0
737,55786,38,0.00195312,0
738,55930,144,0.00195312,0
739,56061,131,0.00195312,0
740,56192,131,0.00195312,0
741,56323,131,0.00195312,0
742,56349,26,0.000976562,0
743,56439,90,0.00341797,0
744,56496,57,0.00390625,0
745,56534,38,0.00146484,0
746,56591,57,0.000976562,0
747,56619,28,0.00146484,0
748,56656,37,0.00195312,0
749,56694,38,0.00195312,0
750,56838,144,0.00195312,0
751,56969,131,0.00195312,0
752,57100,131,0.00195312,0
753,57231,131,0.00195312,0
754,57257,26,0.000976562,0
755,57339,82,0.00292969,0
756,57396,57,0.00390625,0
757,57437,41,0.00195312,0
758,57495,58,0.000976562,0
759,57523,28,0.00146484,0
760,57560,37,0.00195312,0
761,57598,38,0.00195312,0
762,57742,144,0.00195312,0
763,57873,131,0.00195312,0
764,58004,131,0.00195312,0
765,58135,131,0.00195312,0
766,58161,26,0.000976562,0
767,58252,91,0.00390625,0
768,58320,68,0.00439453,0
769,58384,64,0.000976562,0
770,58420,36,0.00195312,0
771,58458,38,0.00195312,0
772,58496,38,0.00195312,0
773,58640,144,0.00195312,0
774,58771,131,0.00195312,0
775,58902,131,0.00195312,0
776,59033,131,0.00195312,0
777,59059,26,0.000976562,0
778,59136,77,0.00244141,0
779,59192,56,0.00390625,0
780,59239,47,0.00244141,0
781,59298,59,0.000976562,0
782,59326,28,0.00146484,0
783,59363,37,0.00195312,0
784,59401,38,0.00195312,0
785,59545,144,0.00195312,0
786,59676,131,0.00195312,0
787,59807,131,0.00195312,0
788,59938,131,0.00195312,0
789,59964,26,0.000976562,0
790,60043,79,0.00244141,0
791,60097,54,0.00390625,0
792,60144,47,0.00244141,0
793,60203,59,0.000976562,0
794,60231,28,0.00146484,0
795,60268,37,0.00195312,0
796,60306,38,0.00195312,0
797,60450,144,0.00195312,0
798,60581,131,0.00195312,0
799,60712,131,0.00195312,0
800,60843,131,0.00195312,0
801,60869,26,0.000976562,0
802,60964,95,0.00390625,0
803,61031,67,0.00439453,0
804,61095,64,0.000976562,0
805,61131,36,0.00195312,0
806,61169,38,0.00195312,0
807,61207,38,0.00195312,0
808,61351,144,0.00195312,0
809,61482,131,0.00195312,0
810,61613,131,0.00195312,0
811,61744,131,0.00195312,0
812,61770,26,0.000976562,0
813,61848,78,0.00244141,0
814,61902,54,0.00390625,0
815,61949,47,0.00244141,0
816,62008,59,0.000976562,0
817,62036,28,0.00146484,0
818,62073,37,0.00195312,0
819,62111,38,0.00195312,0
820,62255,144,0.00195312,0
821,62386,131,0.00195312,0
822,62517,131,0.00195312,0
823,62648,131,0.00195312,0
824,62674,26,0.000976562,0
825,62765,91,0.00390625,0
826,62817,52,0.00341797,0
827,62852,35,0.00146484,0
828,62909,57,0.000976562,0
829,62937,28,0.00146484,0
830,62974,37,0.00195312,0
831,63012,38,0.00195312,0
832,63156,144,0.00195312,0
833,63287,131,0.00195312,0
834,63418,131,0.00195312,0
835,63549,131,0.00195312,0
836,63575,26,0.000976562,0
837,63669,94,0.00390625,0
838,63709,40,0.00244141,0
839,63755,46,0.00244141,0
840,63814,59,0.000976562,0
841,63842,28,0.00146484,0
842,63879,37,0.00195312,0
843,63917,38,0.00195312,0
844,64061,144,0.00195312,0
845,64192,131,0.00195312,0
846,64323,131,0.00195312,0
847,64454,131,0.00195312,0
848,64480,26,0.000976562,0
849,64569,89,0.00390625,0
850,64634,65,0.00439453,0
851,64698,64,0.000976562,0
852,64734,36,0.00195312,0
853,64772,38,0.00195312,0
854,64810,38,0.00195312,0
855,64917,107,0.00195312,0
856,64956,39,0.00195312,0
857,64995,39,0.00195312,0
858,65034,39,0.00195312,0
859,65243,209,0.00976562,0
860,65398,155,0.00195312,0
861,65438,40,0.00195312,0
862,65478,40,0.00195312,0
863,65507,29,0.000976562,0
864,65556,49,0.00390625,0
865,65591,35,0.00195312,0
866,65642,51,0.00292969,0
867,65702,60,0.000976562,0
868,65732,30,0.00146484,0
869,65771,39,0.00195312,0
870,65811,40,0.00195312,0
871,65955,144,0.00195312,0
872,66086,131,0.00195312,0
873,66217,131,0.00195312,0
874,66348,131,0.00195312,0
875,66374,26,0.000976562,0
876,66468,94,0.00390625,0
877,66533,65,0.00439453,0
878,66598,65,0.000976562,0
879,66636,38,0.00195312,0
880,66676,40,0.00195312,0
881,66716,40,0.00195312,0
882,66860,144,0.00195312,0
883,66991,131,0.00195312,0
884,67122,131,0.00195312,0
885,67253,131,0.00195312,0
886,67279,26,0.000976562,0
887,67369,90,0.00390625,0
888,67438,69,0.00439453,0
889,67503,65,0.000976562,0
890,67541,38,0.00195312,0
891,67581,40,0.00195312,0
892,67621,40,0.00195312,0
893,67765,144,0.00195312,0
894,67896,131,0.00195312,0
895,68027,131,0.00195312,0
896,68158,131,0.00195312,0
897,68184,26,0.000976562,0
898,68278,94,0.00390625,0
899,68343,65,0.00439453,0
900,68408,65,0.000976562,0
901,68446,38,0.00195312,0
902,68486,40,0.00195312,0
903,68526,40,0.00195312,0
904,68670,144,0.00195312,0
905,68801,131,0.00195312,0
906,68932,131,0.00195312,0
907,69063,131,0.00195312,0
908,69089,26,0.000976562,0
909,69168,79,0.00292969,0
910,69221,53,0.00390625,0
911,69265,44,0.00195312,0
912,69323,58,0.000976562,0
913,69353,30,0.00146484,0
914,69392,39,0.00195312,0
915,69432,40,0.00195312,0
916,69576,144,0.00195312,0
917,69707,131,0.00195312,0
918,69838,131,0.00195312,0
919,69969,131,0.00195312,0
920,69995,26,0.000976562,0
921,70088,93,0.00390625,0
922,70156,68,0.00439453,0
923,70221,65,0.000976562,0
924,70259,38,0.00195312,0
925,70299,40,0.00195312,0
926,70339,40,0.00195312,0
927,70483,144,0.00195312,0
928,70614,131,0.00195312,0
929,70745,131,0.00195312,0
930,70876,131,0.00195312,0
931,70902,26,0.000976562,0
932,70995,93,0.00390625,0
933,71062,67,0.00439453,0
934,71127,65,0.000976562,0
935,71165,38,0.00195312,0
936,71205,40,0.00195312,0
937,71245,40,0.00195312,0
938,71389,144,0.00195312,0
939,71520,131,0.00195312,0
940,71651,131,0.00195312,0
941,71782,131,0.00195312,0
942,71808,26,0.000976562,0
943,71903,95,0.00390625,0
944,71967,64,0.00439453,0
945,72032,65,0.000976562,0
946,72070,38,0.00195312,0
947,72110,40,0.00195312,0
948,72150,40,0.00195312,0
949,72294,144,0.00195312,0
950,72425,131,0.00195312,0
951,72556,131,0.00195312,0
952,72687,131,0.00195312,0
953,72713,26,0.000976562,0
954,72807,94,0.00390625,0
955,72857,50,0.00341797,0
956,72894,37,0.00146484,0
957,72951,57,0.000976562,0
958,72981,30,0.00146484,0
959,73020,39,0.00195312,0
960,73060,40,0.00195312,0
961,73204,144,0.00195312,0
962,73335,131,0.00195312,0
963,73466,131,0.00195312,0
964,73597,131,0.00195312,0
965,73623,26,0.000976562,0
966,73715,92,0.00390625,0
967,73766,51,0.00341797,0
968,73805,39,0.00146484,0
969,73862,57,0.000976562,0
970,73892,30,0.00146484,0
971,73931,39,0.00195312,0
972,73971,40,0.00195312,0
973,74115,144,0.00195312,0
974,74246,131,0.00195312,0
975,74377,131,0.00195312,0
976,74508,131,0.00195312,0
977,74534,26,0.000976562,0
978,74623,89,0.00390625,0
979,74690,67,0.00439453,0
980,74755,65,0.000976562,0
981,74793,38,0.00195312,0
982,74833,40,0.00195312,0
983,74873,40,0.00195312,0
984,75017,144,0.00195312,0
985,75148,131,0.00195312,0
986,75279,131,0.00195312,0
987,75410,131,0.00195312,0
988,75436,26,0.000976562,0
989,75528,92,0.00390625,0
990,75596,68,0.00439453,0
991,75661,65,0.000976562,0
992,75699,38,0.00195312,0
993,75739,40,0.00195312,0
994,75779,40,0.00195312,0
995,75923,144,0.00195312,0
996,76054,131,0.00195312,0
997,76185,131,0.00195312,0
998,76316,131,0.00195312,0
999,76342,26,0.000976562,0
1000,76435,93,0.00390625,0
1001,76503,68,0.00439453,0
1002,76568,65,0.000976562,0
1003,76606,38,0.00195312,0
1004,76646,40,0.00195312,0
1005,76686,40,0.00195312,0
1006,76830,144,0.00195312,0
1007,76961,131,0.00195312,0
1008,77092,131,0.00195312,0
1009,77223,131,0.00195312,0
1010,77249,26,0.000976562,0
1011,77336,87,0.00341797,0
1012,77388,52,0.00341797,0
1013,77431,43,0.00195312,0
1014,77489,58,0.000976562,0
1015,77519,30,0.00146484,0
1016,77558,39,0.00195312,0
1017,77598,40,0.00195312,0
1018,77719,121,0.00195312,0
1019,77758,39,0.00195312,0
1020,77797,39,0.00195312,0
1021,77836,39,0.00195312,0
1022,78052,216,0.00976562,0
1023,78207,155,0.00195312,0
1024,78247,40,0.00195312,0
1025,78287,40,0.00195312,0
1026,78316,29,0.000976562,0
1027,78365,49,0.00390625,0
1028,78432,67,0.00439453,0
1029,78497,65,0.000976562,0
1030,78535,38,0.00195312,0
1031,78575,40,0.00195312,0
1032,78615,40,0.00195312,0
1033,78759,144,0.00195312,0
1034,78890,131,0.00195312,0
1035,79021,131,0.00195312,0
1036,79152,131,0.00195312,0
1037,79178,26,0.000976562,0
1038,79266,88,0.00341797,0
1039,79323,57,0.00390625,0
1040,79361,38,0.00146484,0
1041,79418,57,0.000976562,0
1042,79448,30,0.00146484,0
1043,79487,39,0.00195312,0
1044,79527,40,0.00195312,0
1045,79671,144,0.00195312,0
1046,79802,131,0.00195312,0
1047,79933,131,0.00195312,0
1048,80064,131,0.00195312,0
1049,80090,26,0.000976562,0
1050,80178,88,0.00341797,0
1051,80223,45,0.00292969,0
1052,80271,48,0.00244141,0
1053,80330,59,0.000976562,0
1054,80360,30,0.00146484,0
1055,80399,39,0.00195312,0
1056,80439,40,0.00195312,0
1057,80583,144,0.00195312,0
1058,80714,131,0.00195312,0
1059,80845,131,0.00195312,0
1060,80976,131,0.00195312,0
1061,81002,26,0.000976562,0
1062,81094,92,0.00390625,0
1063,81161,67,0.00439453,0
1064,81226,65,0.000976562,0
1065,81264,38,0.00195312,0
1066,81304,40,0.00195312,0
1067,81344,40,0.00195312,0
1068,81488,144,0.00195312,0
1069,81619,131,0.00195312,0
1070,81750,131,0.00195312,0
1071,81881,131,0.00195312,0
1072,81907,26,0.000976562,0
1073,81980,73,0.00195312,0
1074,82021,41,0.00292969,0
1075,82078,57,0.00341797,0
1076,82141,63,0.000976562,0
1077,82179,38,0.00195312,0
1078,82219,40,0.00195312,0
1079,82259,40,0.00195312,0
1080,82403,144,0.00195312,0
1081,82534,131,0.00195312,0
1082,82665,131,0.00195312,0
1083,82796,131,0.00195312,0
1084,82822,26,0.000976562,0
1085,82917,95,0.00390625,0
1086,82982,65,0.00439453,0
1087,83047,65,0.000976562,0
1088,83085,38,0.00195312,0
1089,83125,40,0.00195312,0
1090,83165,40,0.00195312,0
1091,83309,144,0.00195312,0
1092,83440,131,0.00195312,0
1093,83571,131,0.00195312,0
1094,83702,131,0.00195312,0
1095,83728,26,0.000976562,0
1096,83819,91,0.00390625,0
1097,83887,68,0.00439453,0
1098,83952,65,0.000976562,0
1099,83990,38,0.00195312,0
1100,84030,40,0.00195312,0
1101,84070,40,0.00195312,0
1102,84214,144,0.00195312,0
1103,84345,131,0.00195312,0
1104,84476,131,0.00195312,0
1105,84607,131,0.00195312,0
1106,84633,26,0.000976562,0
1107,84727,94,0.00390625,0
1108,84771,44,0.00292969,0
1109,84813,42,0.00195312,0
1110,84871,58,0.000976562,0
1111,84901,30,0.00146484,0
1112,84940,39,0.00195312,0
1113,84980,40,0.00195312,0
1114,85124,144,0.00195312,0
1115,85255,131,0.00195312,0
1116,85386,131,0.00195312,0
1117,85517,131,0.00195312,0
1118,85543,26,0.000976562,0
1119,85638,95,0.00390625,0
1120,85688,50,0.00341797,0
1121,85727,39,0.00146484,0
1122,85784,57,0.000976562,0
1123,85814,30,0.00146484,0
1124,85853,39,0.00195312,0
1125,85893,40,0.00195312,0
1126,86037,144,0.00195312,0
1127,86168,131,0.00195312,0
1128,86299,131,0.00195312,0
1129,86430,131,0.00195312,0
1130,86456,26,0.000976562,0
1131,86529,73,0.00195312,0
1132,86582,53,0.00390625,0
1133,86636,54,0.00292969,0
1134,86696,60,0.000976562,0
1135,86726,30,0.00146484,0
1136,86765,39,0.00195312,0
1137,86805,40,0.00195312,0
1138,86949,144,0.00195312,0
1139,87080,131,0.00195312,0
1140,87211,131,0.00195312,0
1141,87342,131,0.00195312,0
1142,87368,26,0.000976562,0
1143,87462,94,0.00390625,0
1144,87512,50,0.00341797,0
1145,87551,39,0.00146484,0
1146,87608,57,0.000976562,0
1147,87638,30,0.00146484,0
1148,87677,39,0.00195312,0
1149,87717,40,0.00195312,0
1150,87861,144,0.00195312,0
1151,87992,131,0.00195312,0
1152,88123,131,0.00195312,0
1153,88254,131,0.00195312,0
1154,88280,26,0.000976562,0
1155,88373,93,0.00390625,0
1156,88440,67,0.00439453,0
1157,88505,65,0.000976562,0
1158,88543,38,0.00195312,0
1159,88583,40,0.00195312,0
1160,88623,40,0.00195312,0
1161,88767,144,0.00195312,0
1162,88898,131,0.00195312,0
1163,89029,131,0.00195312,0
1164,89160,131,0.00195312,0
1165,89186,26,0.000976562,0
1166,89278,92,0.00390625,0
1167,89344,66,0.00439453,0
1168,89409,65,0.000976562,0
1169,89447,38,0.00195312,0
1170,89487,40,0.00195312,0
1171,89527,40,0.00195312,0
1172,89671,144,0.00195312,0
1173,89802,131,0.00195312,0
1174,89933,131,0.00195312,0
1175,90064,131,0.00195312,0
1176,90090,26,0.000976562,0
1177,90165,75,0.00244141,0
1178,90221,56,0.00390625,0
1179,90271,50,0.00244141,0
1180,90330,59,0.000976562,0
1181,90360,30,0.00146484,0
1182,90399,39,0.00195312,0
1183,90439,40,0.00195312,0
1184,90560,121,0.00195312,0
1185,90599,39,0.00195312,0
1186,90638,39,0.00195312,0
1187,90677,39,0.00195312,0
1188,90893,216,0.00976562,0
1189,91048,155,0.00195312,0
1190,91088,40,0.00195312,0
1191,91128,40,0.00195312,0
1192,91157,29,0.000976562,0
1193,91205,48,0.00390625,0
1194,91239,34,0.00195312,0
1195,91290,51,0.00292969,0
1196,91350,60,0.000976562,0
1197,91380,30,0.00146484,0
1198,91419,39,0.00195312,0
1199,91459,40,0.00195312,0
1200,91603,144,0.00195312,0
1201,91734,131,0.00195312,0
1202,91865,131,0.00195312,0
1203,91996,131,0.00195312,0
1204,92022,26,0.000976562,0
1205,92117,95,0.00390625,0
1206,92184,67,0.00439453,0
1207,92249,65,0.000976562,0
1208,92287,38,0.00195312,0
1209,92327,40,0.00195312,0
1210,92367,40,0.00195312,0
1211,92511,144,0.00195312,0
1212,92642,131,0.00195312,0
1213,92773,131,0.00195312,0
1214,92904,131,0.00195312,0
1215,92930,26,0.000976562,0
1216,93014,84,0.00292969,0
1217,93068,54,0.00390625,0
1218,93112,44,0.00195312,0
1219,93170,58,0.000976562,0
1220,93200,30,0.00146484,0
1221,93239,39,0.00195312,0
1222,93279,40,0.00195312,0
1223,93423,144,0.00195312,0
1224,93554,131,0.00195312,0
1225,93685,131,0.00195312,0
1226,93816,131,0.00195312,0
1227,93842,26,0.000976562,0
1228,93933,91,0.00390625,0
1229,93998,65,0.00439453,0
1230,94063,65,0.000976562,0
1231,94101,38,0.00195312,0
1232,94141,40,0.00195312,0
1233,94181,40,0.00195312,0
1234,94325,144,0.00195312,0
1235,94456,131,0.00195312,0
1236,94587,131,0.00195312,0
1237,94718,131,0.00195312,0
1238,94744,26,0.000976562,0
1239,94822,78,0.00244141,0
1240,94870,48,0.00341797,0
1241,94925,55,0.00292969,0
1242,94985,60,0.000976562,0
1243,95015,30,0.00146484,0
1244,95054,39,0.00195312,0
1245,95094,40,0.00195312,0
1246,95238,144,0.00195312,0
1247,95369,131,0.00195312,0
1248,95500,131,0.00195312,0
1249,95631,131,0.00195312,0
1250,95657,26,0.000976562,0
1251,95750,93,0.00390625,0
1252,95817,67,0.00439453,0
1253,95882,65,0.000976562,0
1254,95920,38,0.00195312,0
1255,95960,40,0.00195312,0
1256,96000,40,0.00195312,0
1257,96144,144,0.00195312,0
1258,96275,131,0.00195312,0
1259,96406,131,0.00195312,0
1260,96537,131,0.00195312,0
1261,96563,26,0.000976562,0
1262,96657,94,0.00390625,0
1263,96725,68,0.00439453,0
1264,96790,65,0.000976562,0
1265,96828,38,0.00195312,0
1266,96868,40,0.00195312,0
1267,96908,40,0.00195312,0
1268,97052,144,0.00195312,0
1269,97183,131,0.00195312,0
1270,97314,131,0.00195312,0
1271,97445,131,0.00195312,0
1272,97471,26,0.000976562,0
1273,97559,88,0.00341797,0
1274,97616,57,0.00390625,0
1275,97654,38,0.00146484,0
1276,97711,57,0.000976562,0
1277,97741,30,0.00146484,0
1278,97780,39,0.00195312,0
1279,97820,40,0.00195312,0
1280,97964,144,0.00195312,0
1281,98095,131,0.00195312,0
1282,98226,131,0.00195312,0
1283,98357,131,0.00195312,0
1284,98383,26,0.000976562,0
1285,98475,92,0.00390625,0
1286,98542,67,0.00439453,0
1287,98607,65,0.000976562,0
1288,98645,38,0.00195312,0
1289,98685,40,0.00195312,0
1290,98725,40,0.00195312,0
1291,98869,144,0.00195312,0
1292,99000,131,0.00195312,0
1293,99131,131,0.00195312,0
1294,99262,131,0.00195312,0
1295,99288,26,0.000976562,0
1296,99359,71,0.00195312,0
1297,99411,52,0.00390625,0
1298,99467,56,0.00292969,0
1299,99527,60,0.000976562,0
1300,99557,30,0.00146484,0
1301,99596,39,0.00195312,0
1302,99636,40,0.00195312,0
1303,99780,144,0.00195312,0
1304,99911,131,0.00195312,0
1305,100042,131,0.00195312,0
1306,100173,131,0.00195312,0
1307,100199,26,0.000976562,0
1308,100292,93,0.00390625,0
1309,100358,66,0.00439453,0
1310,100423,65,0.000976562,0
1311,100461,38,0.00195312,0
1312,100501,40,0.00195312,0
1313,100541,40,0.00195312,0
1314,100685,144,0.00195312,0
1315,100816,131,0.00195312,0
1316,100947,131,0.00195312,0
1317,101078,131,0.00195312,0
1318,101104,26,0.000976562,0
1319,101196,92,0.00390625,0
1320,101240,44,0.00292969,0
1321,101283,43,0.00195312,0
1322,101341,58,0.000976562,0
1323,101371,30,0.00146484,0
1324,101410,39,0.00195312,0
1325,101450,40,0.00195312,0
1326,101594,144,0.00195312,0
1327,101725,131,0.00195312,0
1328,101856,131,0.00195312,0
1329,101987,131,0.00195312,0
1330,102013,26,0.000976562,0
1331,102103,90,0.00390625,0
1332,102145,42,0.00292969,0
1333,102189,44,0.00195312,0
1334,102247,58,0.000976562,0
1335,102277,30,0.00146484,0
1336,102316,39,0.00195312,0
1337,102356,40,0.00195312,0
1338,102500,144,0.00195312,0
1339,102631,131,0.00195312,0
1340,102762,131,0.00195312,0
1341,102893,131,0.00195312,0
1342,102919,26,0.000976562,0
1343,102996,77,0.00244141,0
1344,103048,52,0.00390625,0
1345,103096,48,0.00244141,0
1346,103155,59,0.000976562,0
1347,103185,30,0.00146484,0
1348,103224,39,0.00195312,0
1349,103264,40,0.00195312,0
1350,103371,107,0.00195312,0
1351,103410,39,0.00195312,0
1352,103449,39,0.00195312,0
1353,103488,39,0.00195312,0
1354,103880,392,0.0180664,0
1355,104371,491,0.00390625,0
1356,104659,288,0.00390625,0
1357,106086,1427,0.00488281,0
1358,106491,405,0.00244141,0
1359,106876,385,0.012207,0
1360,107059,183,0.00195312,0
1361,107107,48,0.00195312,0
1362,107155,48,0.00195312,0
1363,107203,48,0.00195312,0
1364,107251,48,0.00195312,0
1365,107299,48,0.00195312,0
1366,107347,48,0.00195312,0
1367,107395,48,0.00195312,0
1368,107443,48,0.00195312,0
1369,107491,48,0.00195312,0
1370,107539,48,0.00195312,0
1371,107587,48,0.00195312,0
1372,107635,48,0.00195312,0
1373,107683,48,0.00195312,0
1374,107731,48,0.00195312,0
1375,107801,70,0.00537109,0
1376,107873,72,0.00195312,0
1377,107896,23,0.00195312,0
1378,107919,23,0.00195312,0
1379,107942,23,0.00195312,0
1380,107965,23,0.00195312,0
1381,107988,23,0.00195312,0
1382,108011,23,0.00195312,0
1383,108040,29,0.000976562,0
1384,108094,54,0.000976562,0
1385,108112,18,0.000976562,0
1386,108149,37,0.000976562,0
1387,108167,18,0.000976562,0
1388,108204,37,0.000976562,0
1389,108222,18,0.000976562,0
1390,108259,37,0.000976562,0
1391,108277,18,0.000976562,0
1392,108320,43,0.000976562,0
1393,108338,18,0.000976562,0
1394,108375,37,0.000976562,0
1395,108393,18,0.000976562,0
1396,108430,37,0.000976562,0
1397,108448,18,0.000976562,0
1398,108487,39,0.000976562,0
1399,108505,18,0.000976562,0
1400,108563,58,0.000976562,0
1401,108581,18,0.000976562,0
1402,108620,39,0.000976562,0
1403,108638,18,0.000976562,0
1404,108677,39,0.000976562,0
1405,108695,18,0.000976562,0
1406,108734,39,0.000976562,0
1407,108752,18,0.000976562,0
1408,108797,45,0.000976562,0
1409,108815,18,0.000976562,0
1410,108854,39,0.000976562,0
1411,108872,18,0.000976562,0
1412,108911,39,0.000976562,0
1413,108929,18,0.000976562,0
1414,108968,39,0.000976562,0
1415,108986,18,0.000976562,0
1416,109044,58,0.000976562,0
1417,109062,18,0.000976562,0
1418,109101,39,0.000976562,0
1419,109119,18,0.000976562,0
1420,109158,39,0.000976562,0
1421,109176,18,0.000976562,0
1422,109215,39,0.000976562,0
1423,109233,18,0.000976562,0
1424,109279,46,0.000976562,0
1425,109297,18,0.000976562,0
1426,109336,39,0.000976562,0
1427,109354,18,0.000976562,0
1428,109393,39,0.000976562,0
1429,109411,18,0.000976562,0
1430,109450,39,0.000976562,0
1431,109468,18,0.000976562,0
1432,109525,57,0.000976562,0
1433,109543,18,0.000976562,0
1434,109582,39,0.000976562,0
1435,109600,18,0.000976562,0
1436,109639,39,0.000976562,0
1437,109657,18,0.000976562,0
1438,109696,39,0.000976562,0
1439,109714,18,0.000976562,0
1440,109762,48,0.000976562,0
1441,109780,18,0.000976562,0
1442,109819,39,0.000976562,0
1443,109837,18,0.000976562,0
1444,109876,39,0.000976562,0
1445,109894,18,0.000976562,0
1446,109933,39,0.000976562,0
1447,109951,18,0.000976562,0
1448,110011,60,0.000976562,0
1449,110029,18,0.000976562,0
1450,110068,39,0.000976562,0
1451,110086,18,0.000976562,0
1452,110125,39,0.000976562,0
1453,110143,18,0.000976562,0
1454,110182,39,0.000976562,0
1455,110200,18,0.000976562,0
1456,110247,47,0.000976562,0
1457,110265,18,0.000976562,0
1458,110304,39,0.000976562,0
1459,110322,18,0.000976562,0
1460,110361,39,0.000976562,0
1461,110379,18,0.000976562,0
1462,110418,39,0.000976562,0
1463,110436,18,0.000976562,0
1464,110495,59,0.000976562,0
1465,110513,18,0.000976562,0
1466,110552,39,0.000976562,0
1467,110570,18,0.000976562,0
1468,110609,39,0.000976562,0
1469,110627,18,0.000976562,0
1470,110666,39,0.000976562,0
1471,110684,18,0.000976562,0
1472,110731,47,0.000976562,0
1473,110749,18,0.000976562,0
1474,110788,39,0.000976562,0
1475,110806,18,0.000976562,0
1476,110845,39,0.000976562,0
1477,110863,18,0.000976562,0
1478,110902,39,0.000976562,0
1479,110920,18,0.000976562,0
1480,110977,57,0.000976562,0
1481,110995,18,0.000976562,0
1482,111034,39,0.000976562,0
1483,111052,18,0.000976562,0
1484,111091,39,0.000976562,0
1485,111109,18,0.000976562,0
1486,111148,39,0.000976562,0
1487,111293,145,0.0141602,0
1488,111583,290,0.00878906,0
1489,111734,151,0.00195312,0
1490,111771,37,0.00195312,0
1491,111809,38,0.00195312,0
1492,111910,101,0.00146484,0
1493,111931,21,0.00390625,0
1494,112136,205,0.00976562,0
1495,112308,172,0.00439453,0
1496,112356,48,0.00195312,0
1497,112392,36,0.00195312,0
1498,112429,37,0.00195312,0
1499,112473,44,0.000976562,0
1500,112591,118,0.00390625,0
1501,112796,205,0.00976562,0
1502,112969,173,0.00439453,0
1503,113018,49,0.00195312,0
1504,113054,36,0.00195312,0
1505,113090,36,0.00195312,0
1506,113134,44,0.000976562,0
1507,113252,118,0.00390625,0
1508,113457,205,0.00976562,0
1509,113631,174,0.00439453,0
1510,113678,47,0.00195312,0
1511,113715,37,0.00195312,0
1512,113753,38,0.00195312,0
1513,113797,44,0.000976562,0
1514,113915,118,0.00390625,0
1515,114120,205,0.00976562,0
1516,114294,174,0.00439453,0
1517,114343,49,0.00195312,0
1518,114381,38,0.00195312,0
1519,114419,38,0.00195312,0
1520,114463,44,0.000976562,0
1521,114581,118,0.00390625,0
1522,114786,205,0.00976562,0
1523,114960,174,0.00439453,0
1524,115009,49,0.00195312,0
1525,115047,38,0.00195312,0
1526,115085,38,0.00195312,0
1527,115129,44,0.000976562,0
1528,115247,118,0.00390625,0
1529,115452,205,0.00976562,0
1530,115625,173,0.00439453,0
1531,115674,49,0.00195312,0
1532,115712,38,0.00195312,0
1533,115749,37,0.00195312,0
1534,115793,44,0.000976562,0
1535,115909,116,0.00390625,0
1536,116114,205,0.00976562,0
1537,116287,173,0.00439453,0
1538,116334,47,0.00195312,0
1539,116372,38,0.00195312,0
1540,116409,37,0.00195312,0
1541,116453,44,0.000976562,0
1542,116571,118,0.00390625,0
1543,116776,205,0.00976562,0
1544,116949,173,0.00439453,0
1545,116997,48,0.00195312,0
1546,117035,38,0.00195312,0
1547,117072,37,0.00195312,0
1548,117116,44,0.000976562,0
1549,117230,114,0.00390625,0
1550,117435,205,0.00976562,0
1551,117608,173,0.00439453,0
1552,117655,47,0.00195312,0
1553,117693,38,0.00195312,0
1554,117730,37,0.00195312,0
1555,117774,44,0.000976562,0
1556,117887,113,0.00390625,0
1557,118092,205,0.00976562,0
1558,118265,173,0.00439453,0
1559,118313,48,0.00195312,0
1560,118349,36,0.00195312,0
1561,118387,38,0.00195312,0
1562,118431,44,0.000976562,0
1563,118548,117,0.00390625,0
1564,118753,205,0.00976562,0
1565,118927,174,0.00439453,0
1566,118976,49,0.00195312,0
1567,119014,38,0.00195312,0
1568,119051,37,0.00195312,0
1569,119095,44,0.000976562,0
1570,119210,115,0.00390625,0
1571,119415,205,0.00976562,0
1572,119589,174,0.00439453,0
1573,119638,49,0.00195312,0
1574,119675,37,0.00195312,0
1575,119711,36,0.00195312,0
1576,119755,44,0.000976562,0
1577,119870,115,0.00390625,0
1578,120075,205,0.00976562,0
1579,120248,173,0.00439453,0
1580,120295,47,0.00195312,0
1581,120331,36,0.00195312,0
1582,120367,36,0.00195312,0
1583,120411,44,0.000976562,0
1584,120526,115,0.00390625,0
1585,120555,29,0.00390625,0
1586,120576,21,0.000976562,0
1587,120600,24,0.00195312,0
1588,120626,26,0.00195312,0
1589,120654,28,0.00195312,0
1590,120750,96,0.00292969,0
1591,120824,74,0.00195312,0
1592,120896,72,0.00195312,0
1593,120968,72,0.00195312,0
1594,121116,148,0.00976562,0
1595,121270,154,0.00195312,0
1596,121309,39,0.00195312,0
1597,121348,39,0.00195312,0
1598,121445,97,0.00146484,0
1599,121466,21,0.00390625,0
1600,121671,205,0.00976562,0
1601,121845,174,0.00439453,0
1602,121894,49,0.00195312,0
1603,121932,38,0.00195312,0
1604,121970,38,0.00195312,0
1605,122014,44,0.000976562,0
1606,122128,114,0.00390625,0
1607,122333,205,0.00976562,0
1608,122507,174,0.00439453,0
1609,122556,49,0.00195312,0
1610,122594,38,0.00195312,0
1611,122632,38,0.00195312,0
1612,122676,44,0.000976562,0
1613,122792,116,0.00390625,0
1614,122997,205,0.00976562,0
1615,123171,174,0.00439453,0
1616,123220,49,0.00195312,0
1617,123258,38,0.00195312,0
1618,123296,38,0.00195312,0
1619,123340,44,0.000976562,0
1620,123454,114,0.00390625,0
1621,123659,205,0.00976562,0
1622,123833,174,0.00439453,0
1623,123882,49,0.00195312,0
1624,123920,38,0.00195312,0
1625,123958,38,0.00195312,0
1626,124002,44,0.000976562,0
1627,124117,115,0.00390625,0
1628,124322,205,0.00976562,0
1629,124496,174,0.00439453,0
1630,124545,49,0.00195312,0
1631,124583,38,0.00195312,0
1632,124621,38,0.00195312,0
1633,124665,44,0.000976562,0
1634,124781,116,0.00390625,0
1635,124986,205,0.00976562,0
1636,125160,174,0.00439453,0
1637,125209,49,0.00195312,0
1638,125247,38,0.00195312,0
1639,125285,38,0.00195312,0
1640,125329,44,0.000976562,0
1641,125446,117,0.00390625,0
1642,125651,205,0.00976562,0
1643,125825,174,0.00439453,0
1644,125874,49,0.00195312,0
1645,125912,38,0.00195312,0
1646,125950,38,0.00195312,0
1647,125994,44,0.000976562,0
1648,126107,113,0.00390625,0
1649,126312,205,0.00976562,0
1650,126486,174,0.00439453,0
1651,126535,49,0.00195312,0
1652,126573,38,0.00195312,0
1653,126611,38,0.00195312,0
1654,126655,44,0.000976562,0
1655,126772,117,0.00390625,0
1656,126977,205,0.00976562,0
1657,127151,174,0.00439453,0
1658,127200,49,0.00195312,0
1659,127238,38,0.00195312,0
1660,127276,38,0.00195312,0
1661,127320,44,0.000976562,0
1662,127435,115,0.00390625,0
1663,127640,205,0.00976562,0
1664,127814,174,0.00439453,0
1665,127863,49,0.00195312,0
1666,127901,38,0.00195312,0
1667,127939,38,0.00195312,0
1668,127983,44,0.000976562,0
1669,128099,116,0.00390625,0
1670,128304,205,0.00976562,0
1671,128478,174,0.00439453,0
1672,128527,49,0.00195312,0
1673,128565,38,0.00195312,0
1674,128603,38,0.00195312,0
1675,128647,44,0.000976562,0
1676,128764,117,0.00390625,0
1677,128969,205,0.00976562,0
1678,129143,174,0.00439453,0
1679,129192,49,0.00195312,0
1680,129230,38,0.00195312,0
1681,129268,38,0.00195312,0
1682,129312,44,0.000976562,0
1683,129424,112,0.00390625,0
1684,129629,205,0.00976562,0
1685,129803,174,0.00439453,0
1686,129852,49,0.00195312,0
1687,129890,38,0.00195312,0
1688,129928,38,0.00195312,0
1689,129972,44,0.000976562,0
1690,130089,117,0.00390625,0
1691,130119,30,0.00390625,0
1692,130141,22,0.000976562,0
1693,130167,26,0.00195312,0
1694,130195,28,0.00195312,0
1695,130223,28,0.00195312,0
1696,130313,90,0.00244141,0
1697,130386,73,0.00195312,0
1698,130458,72,0.00195312,0
1699,130530,72,0.00195312,0
1700,130678,148,0.00976562,0
1701,130832,154,0.00195312,0
1702,130871,39,0.00195312,0
1703,130910,39,0.00195312,0
1704,131010,100,0.00146484,0
1705,131031,21,0.00390625,0
1706,131236,205,0.00976562,0
1707,131410,174,0.00439453,0
1708,131459,49,0.00195312,0
1709,131497,38,0.00195312,0
1710,131535,38,0.00195312,0
1711,131579,44,0.000976562,0
1712,131690,111,0.00390625,0
1713,131895,205,0.00976562,0
1714,132069,174,0.00439453,0
1715,132118,49,0.00195312,0
1716,132156,38,0.00195312,0
1717,132194,38,0.00195312,0
1718,132238,44,0.000976562,0
1719,132352,114,0.00390625,0
1720,132557,205,0.00976562,0
1721,132731,174,0.00439453,0
1722,132780,49,0.00195312,0
1723,132818,38,0.00195312,0
1724,132856,38,0.00195312,0
1725,132900,44,0.000976562,0
1726,133015,115,0.00390625,0
1727,133220,205,0.00976562,0
1728,133394,174,0.00439453,0
1729,133443,49,0.00195312,0
1730,133481,38,0.00195312,0
1731,133519,38,0.00195312,0
1732,133563,44,0.000976562,0
1733,133679,116,0.00390625,0
1734,133884,205,0.00976562,0
1735,134058,174,0.00439453,0
1736,134107,49,0.00195312,0
1737,134145,38,0.00195312,0
1738,134183,38,0.00195312,0
1739,134227,44,0.000976562,0
1740,134345,118,0.00390625,0
1741,134550,205,0.00976562,0
1742,134724,174,0.00439453,0
1743,134773,49,0.00195312,0
1744,134811,38,0.00195312,0
1745,134849,38,0.00195312,0
1746,134893,44,0.000976562,0
1747,135008,115,0.00390625,0
1748,135213,205,0.00976562,0
1749,135387,174,0.00439453,0
1750,135436,49,0.00195312,0
1751,135474,38,0.00195312,0
1752,135512,38,0.00195312,0
1753,135556,44,0.000976562,0
1754,135675,119,0.00390625,0
1755,135880,205,0.00976562,0
1756,136054,174,0.00439453,0
1757,136103,49,0.00195312,0
1758,136141,38,0.00195312,0
1759,136179,38,0.00195312,0
1760,136223,44,0.000976562,0
1761,136342,119,0.00390625,0
1762,136547,205,0.00976562,0
1763,136721,174,0.00439453,0
1764,136770,49,0.00195312,0
1765,136808,38,0.00195312,0
1766,136846,38,0.00195312,0
1767,136890,44,0.000976562,0
1768,137006,116,0.00390625,0
1769,137211,205,0.00976562,0
1770,137385,174,0.00439453,0
1771,137434,49,0.00195312,0
1772,137472,38,0.00195312,0
1773,137510,38,0.00195312,0
1774,137554,44,0.000976562,0
1775,137669,115,0.00390625,0
1776,137874,205,0.00976562,0
1777,138048,174,0.00439453,0
1778,138097,49,0.00195312,0
1779,138135,38,0.00195312,0
1780,138173,38,0.00195312,0
1781,138217,44,0.000976562,0
1782,138333,116,0.00390625,0
1783,138538,205,0.00976562,0
1784,138712,174,0.00439453,0
1785,138761,49,0.00195312,0
1786,138799,38,0.00195312,0
1787,138837,38,0.00195312,0
1788,138881,44,0.000976562,0
1789,138998,117,0.00390625,0
1790,139203,205,0.00976562,0
1791,139377,174,0.00439453,0
1792,139426,49,0.00195312,0
1793,139464,38,0.00195312,0
1794,139502,38,0.00195312,0
1795,139546,44,0.000976562,0
1796,139665,119,0.00390625,0
1797,139695,30,0.00390625,0
1798,139717,22,0.000976562,0
1799,139743,26,0.00195312,0
1800,139771,28,0.00195312,0
1801,139799,28,0.00195312,0
1802,139889,90,0.00244141,0
1803,139962,73,0.00195312,0
1804,140034,72,0.00195312,0
1805,140106,72,0.00195312,0
1806,140254,148,0.00976562,0
1807,140408,154,0.00195312,0
1808,140447,39,0.00195312,0
1809,140486,39,0.00195312,0
1810,140587,101,0.00146484,0
1811,140608,21,0.00390625,0
1812,140813,205,0.00976562,0
1813,140987,174,0.00439453,0
1814,141036,49,0.00195312,0
1815,141074,38,0.00195312,0
1816,141112,38,0.00195312,0
1817,141156,44,0.000976562,0
1818,141271,115,0.00390625,0
1819,141476,205,0.00976562,0
1820,141650,174,0.00439453,0
1821,141699,49,0.00195312,0
1822,141737,38,0.00195312,0
1823,141775,38,0.00195312,0
1824,141819,44,0.000976562,0
1825,141935,116,0.00390625,0
1826,142140,205,0.00976562,0
1827,142314,174,0.00439453,0
1828,142363,49,0.00195312,0
1829,142401,38,0.00195312,0
1830,142439,38,0.00195312,0
1831,142483,44,0.000976562,0
1832,142596,113,0.00390625,0
1833,142801,205,0.00976562,0
1834,142975,174,0.00439453,0
1835,143024,49,0.00195312,0
1836,143062,38,0.00195312,0
1837,143100,38,0.00195312,0
1838,143144,44,0.000976562,0
1839,143259,115,0.00390625,0
1840,143464,205,0.00976562,0
1841,143638,174,0.00439453,0
1842,143687,49,0.00195312,0
1843,143725,38,0.00195312,0
1844,143763,38,0.00195312,0
1845,143807,44,0.000976562,0
1846,143921,114,0.00390625,0
1847,144126,205,0.00976562,0
1848,144300,174,0.00439453,0
1849,144349,49,0.00195312,0
1850,144387,38,0.00195312,0
1851,144425,38,0.00195312,0
1852,144469,44,0.000976562,0
1853,144583,114,0.00390625,0
1854,144788,205,0.00976562,0
1855,144962,174,0.00439453,0
1856,145011,49,0.00195312,0
1857,145049,38,0.00195312,0
1858,145087,38,0.00195312,0
1859,145131,44,0.000976562,0
1860,145248,117,0.00390625,0
1861,145453,205,0.00976562,0
1862,145627,174,0.00439453,0
1863,145676,49,0.00195312,0
1864,145714,38,0.00195312,0
1865,145752,38,0.00195312,0
1866,145796,44,0.000976562,0
1867,145911,115,0.00390625,0
1868,146116,205,0.00976562,0
1869,146290,174,0.00439453,0
1870,146339,49,0.00195312,0
1871,146377,38,0.00195312,0
1872,146415,38,0.00195312,0
1873,146459,44,0.000976562,0
1874,146576,117,0.00390625,0
1875,146781,205,0.00976562,0
1876,146955,174,0.00439453,0
1877,147004,49,0.00195312,0
1878,147042,38,0.00195312,0
1879,147080,38,0.00195312,0
1880,147124,44,0.000976562,0
1881,147240,116,0.00390625,0
1882,147445,205,0.00976562,0
1883,147619,174,0.00439453,0
1884,147668,49,0.00195312,0
1885,147706,38,0.00195312,0
1886,147744,38,0.00195312,0
1887,147788,44,0.000976562,0
1888,147902,114,0.00390625,0
1889,148107,205,0.00976562,0
1890,148281,174,0.00439453,0
1891,148330,49,0.00195312,0
1892,148368,38,0.00195312,0
1893,148406,38,0.00195312,0
1894,148450,44,0.000976562,0
1895,148563,113,0.00390625,0
1896,148768,205,0.00976562,0
1897,148942,174,0.00439453,0
1898,148991,49,0.00195312,0
1899,149029,38,0.00195312,0
1900,149067,38,0.00195312,0
1901,149111,44,0.000976562,0
1902,149224,113,0.00390625,0
1903,149254,30,0.00390625,0
1904,149276,22,0.000976562,0
1905,149302,26,0.00195312,0
1906,149330,28,0.00195312,0
1907,149358,28,0.00195312,0
1908,149448,90,0.00244141,0
1909,149521,73,0.00195312,0
1910,149593,72,0.00195312,0
1911,149665,72,0.00195312,0
1912,150046,381,0.0161133,0
1913,150680,634,0.00488281,0
1914,150977,297,0.00390625,0
1915,152425,1448,0.00537109,0
1916,152837,412,0.00244141,0
1917,153234,397,0.012207,0
1918,153417,183,0.00195312,0
1919,153465,48,0.00195312,0
1920,153513,48,0.00195312,0
1921,153561,48,0.00195312,0
1922,153609,48,0.00195312,0
1923,153657,48,0.00195312,0
1924,153705,48,0.00195312,0
1925,153753,48,0.00195312,0
1926,153801,48,0.00195312,0
1927,153849,48,0.00195312,0
1928,153897,48,0.00195312,0
1929,153945,48,0.00195312,0
1930,153993,48,0.00195312,0
1931,154041,48,0.00195312,0
1932,154089,48,0.00195312,0
1933,154159,70,0.00537109,0
1934,154231,72,0.00195312,0
1935,154254,23,0.00195312,0
1936,154277,23,0.00195312,0
1937,154300,23,0.00195312,0
1938,154323,23,0.00195312,0
1939,154346,23,0.00195312,0
1940,154369,23,0.00195312,0
1941,154398,29,0.000976562,0
1942,154456,58,0.000976562,0
1943,154474,18,0.000976562,0
1944,154511,37,0.000976562,0
1945,154529,18,0.000976562,0
1946,154566,37,0.000976562,0
1947,154584,18,0.000976562,0
1948,154621,37,0.000976562,0
1949,154639,18,0.000976562,0
1950,154686,47,0.000976562,0
1951,154704,18,0.000976562,0
1952,154741,37,0.000976562,0
1953,154759,18,0.000976562,0
1954,154796,37,0.000976562,0
1955,154814,18,0.000976562,0
1956,154853,39,0.000976562,0
1957,154871,18,0.000976562,0
1958,154931,60,0.000976562,0
1959,154949,18,0.000976562,0
1960,154988,39,0.000976562,0
1961,155006,18,0.000976562,0
1962,155045,39,0.000976562,0
1963,155063,18,0.000976562,0
1964,155102,39,0.000976562,0
1965,155120,18,0.000976562,0
1966,155167,47,0.000976562,0
1967,155185,18,0.000976562,0
1968,155224,39,0.000976562,0
1969,155242,18,0.000976562,0
1970,155281,39,0.000976562,0
1971,155299,18,0.000976562,0
1972,155338,39,0.000976562,0
1973,155356,18,0.000976562,0
1974,155416,60,0.000976562,0
1975,155434,18,0.000976562,0
1976,155473,39,0.000976562,0
1977,155491,18,0.000976562,0
1978,155530,39,0.000976562,0
1979,155548,18,0.000976562,0
1980,155587,39,0.000976562,0
1981,155605,18,0.000976562,0
1982,155652,47,0.000976562,0
1983,155670,18,0.000976562,0
1984,155709,39,0.000976562,0
1985,155727,18,0.000976562,0
1986,155766,39,0.000976562,0
1987,155784,18,0.000976562,0
1988,155823,39,0.000976562,0
1989,155841,18,0.000976562,0
1990,155899,58,0.000976562,0
1991,155917,18,0.000976562,0
1992,155956,39,0.000976562,0
1993,155974,18,0.000976562,0
1994,156013,39,0.000976562,0
1995,156031,18,0.000976562,0
1996,156070,39,0.000976562,0
1997,156088,18,0.000976562,0
1998,156136,48,0.000976562,0
1999,156154,18,0.000976562,0
2000,156193,39,0.000976562,0
2001,156211,18,0.000976562,0
2002,156250,39,0.000976562,0
2003,156268,18,0.000976562,0
2004,156307,39,0.000976562,0
2005,156325,18,0.000976562,0
2006,156385,60,0.000976562,0
2007,156403,18,0.000976562,0
2008,156442,39,0.000976562,0
2009,156460,18,0.000976562,0
2010,156499,39,0.000976562,0
2011,156517,18,0.000976562,0
2012,156556,39,0.000976562,0
2013,156574,18,0.000976562,0
2014,156623,49,0.000976562,0
2015,156641,18,0.000976562,0
2016,156680,39,0.000976562,0
2017,156698,18,0.000976562,0
2018,156737,39,0.000976562,0
2019,156755,18,0.000976562,0
2020,156794,39,0.000976562,0
2021,156812,18,0.000976562,0
2022,156872,60,0.000976562,0
2023,156890,18,0.000976562,0
2024,156929,39,0.000976562,0
2025,156947,18,0.000976562,0
2026,156986,39,0.000976562,0
2027,157004,18,0.000976562,0
2028,157043,39,0.000976562,0
2029,157061,18,0.000976562,0
2030,157108,47,0.000976562,0
2031,157126,18,0.000976562,0
2032,157165,39,0.000976562,0
2033,157183,18,0.000976562,0
2034,157222,39,0.000976562,0
2035,157240,18,0.000976562,0
2036,157279,39,0.000976562,0
2037,157297,18,0.000976562,0
2038,157355,58,0.000976562,0
2039,157373,18,0.000976562,0
2040,157412,39,0.000976562,0
2041,157430,18,0.000976562,0
2042,157469,39,0.000976562,0
2043,157487,18,0.000976562,0
2044,157526,39,0.000976562,0
2045,157671,145,0.0141602,0
2046,157961,290,0.00878906,0
2047,158112,151,0.00195312,0
2048,158149,37,0.00195312,0
2049,158187,38,0.00195312,0
2050,158288,101,0.00146484,0
2051,158309,21,0.00390625,0
2052,158514,205,0.00976562,0
2053,158686,172,0.00439453,0
2054,158734,48,0.00195312,0
2055,158770,36,0.00195312,0
2056,158807,37,0.00195312,0
2057,158851,44,0.000976562,0
2058,158969,118,0.00390625,0
2059,159174,205,0.00976562,0
2060,159347,173,0.00439453,0
2061,159396,49,0.00195312,0
2062,159432,36,0.00195312,0
2063,159468,36,0.00195312,0
2064,159512,44,0.000976562,0
2065,159630,118,0.00390625,0
2066,159835,205,0.00976562,0
2067,160009,174,0.00439453,0
2068,160056,47,0.00195312,0
2069,160093,37,0.00195312,0
2070,160131,38,0.00195312,0
2071,160175,44,0.000976562,0
2072,160292,117,0.00390625,0
2073,160497,205,0.00976562,0
2074,160671,174,0.00439453,0
2075,160720,49,0.00195312,0
2076,160758,38,0.00195312,0
2077,160796,38,0.00195312,0
2078,160840,44,0.000976562,0
2079,160958,118,0.00390625,0
2080,161163,205,0.00976562,0
2081,161337,174,0.00439453,0
2082,161386,49,0.00195312,0
2083,161424,38,0.00195312,0
2084,161462,38,0.00195312,0
2085,161506,44,0.000976562,0
2086,161624,118,0.00390625,0
2087,161829,205,0.00976562,0
2088,162002,173,0.00439453,0
2089,162051,49,0.00195312,0
2090,162089,38,0.00195312,0
2091,162126,37,0.00195312,0
2092,162170,44,0.000976562,0
2093,162286,116,0.00390625,0
2094,162491,205,0.00976562,0
2095,162664,173,0.00439453,0
2096,162711,47,0.00195312,0
2097,162749,38,0.00195312,0
2098,162786,37,0.00195312,0
2099,162830,44,0.000976562,0
2100,162948,118,0.00390625,0
2101,163153,205,0.00976562,0
2102,163326,173,0.00439453,0
2103,163374,48,0.00195312,0
2104,163412,38,0.00195312,0
2105,163449,37,0.00195312,0
2106,163493,44,0.000976562,0
2107,163607,114,0.00390625,0
2108,163812,205,0.00976562,0
2109,163985,173,0.00439453,0
2110,164032,47,0.00195312,0
2111,164070,38,0.00195312,0
2112,164107,37,0.00195312,0
2113,164151,44,0.000976562,0
2114,164264,113,0.00390625,0
2115,164469,205,0.00976562,0
2116,164642,173,0.00439453,0
2117,164690,48,0.00195312,0
2118,164726,36,0.00195312,0
2119,164764,38,0.00195312,0
2120,164808,44,0.000976562,0
2121,164925,117,0.00390625,0
2122,165130,205,0.00976562,0
2123,165304,174,0.00439453,0
2124,165353,49,0.00195312,0
2125,165391,38,0.00195312,0
2126,165428,37,0.00195312,0
2127,165472,44,0.000976562,0
2128,165587,115,0.00390625,0
2129,165792,205,0.00976562,0
2130,165966,174,0.00439453,0
2131,166015,49,0.00195312,0
2132,166052,37,0.00195312,0
2133,166088,36,0.00195312,0
2134,166132,44,0.000976562,0
2135,166247,115,0.00390625,0
2136,166452,205,0.00976562,0
2137,166625,173,0.00439453,0
2138,166672,47,0.00195312,0
2139,166708,36,0.00195312,0
2140,166744,36,0.00195312,0
2141,166788,44,0.000976562,0
2142,166903,115,0.00390625,0
2143,166932,29,0.00390625,0
2144,166953,21,0.000976562,0
2145,166977,24,0.00195312,0
2146,167003,26,0.00195312,0
2147,167031,28,0.00195312,0
2148,167127,96,0.00292969,0
2149,167201,74,0.00195312,0
2150,167273,72,0.00195312,0
2151,167345,72,0.00195312,0
2152,167493,148,0.00976562,0
2153,167647,154,0.00195312,0
2154,167686,39,0.00195312,0
2155,167725,39,0.00195312,0
2156,167822,97,0.00146484,0
2157,167843,21,0.00390625,0
2158,168048,205,0.00976562,0
2159,168222,174,0.00439453,0
2160,168271,49,0.00195312,0
2161,168309,38,0.00195312,0
2162,168347,38,0.00195312,0
2163,168391,44,0.000976562,0
2164,168505,114,0.00390625,0
2165,168710,205,0.00976562,0
2166,168884,174,0.00439453,0
2167,168933,49,0.00195312,0
2168,168971,38,0.00195312,0
2169,169009,38,0.00195312,0
2170,169053,44,0.000976562,0
2171,169169,116,0.00390625,0
2172,169374,205,0.00976562,0
2173,169548,174,0.00439453,0
2174,169597,49,0.00195312,0
2175,169635,38,0.00195312,0
2176,169673,38,0.00195312,0
2177,169717,44,0.000976562,0
2178,169831,114,0.00390625,0
2179,170036,205,0.00976562,0
2180,170210,174,0.00439453,0
2181,170259,49,0.00195312,0
2182,170297,38,0.00195312,0
2183,170335,38,0.00195312,0
2184,170379,44,0.000976562,0
2185,170494,115,0.00390625,0
2186,170699,205,0.00976562,0
2187,170873,174,0.00439453,0
2188,170922,49,0.00195312,0
2189,170960,38,0.00195312,0
2190,170998,38,0.00195312,0
2191,171042,44,0.000976562,0
2192,171158,116,0.00390625,0
2193,171363,205,0.00976562,0
2194,171537,174,0.00439453,0
2195,171586,49,0.00195312,0
2196,171624,38,0.00195312,0
2197,171662,38,0.00195312,0
2198,171706,44,0.000976562,0
2199,171823,117,0.00390625,0
2200,172028,205,0.00976562,0
2201,172202,174,0.00439453,0
2202,172251,49,0.00195312,0
2203,172289,38,0.00195312,0
2204,172327,38,0.00195312,0
2205,172371,44,0.000976562,0
2206,172484,113,0.00390625,0
2207,172689,205,0.00976562,0
2208,172863,174,0.00439453,0
2209,172912,49,0.00195312,0
2210,172950,38,0.00195312,0
2211,172988,38,0.00195312,0
2212,173032,44,0.000976562,0
2213,173149,117,0.00390625,0
2214,173354,205,0.00976562,0
2215,173528,174,0.00439453,0
2216,173577,49,0.00195312,0
2217,173615,38,0.00195312,0
2218,173653,38,0.00195312,0
2219,173697,44,0.000976562,0
2220,173812,115,0.00390625,0
2221,174017,205,0.00976562,0
2222,174191,174,0.00439453,0
2223,174240,49,0.00195312,0
2224,174278,38,0.00195312,0
2225,174316,38,0.00195312,0
2226,174360,44,0.000976562,0
2227,174476,116,0.00390625,0
2228,174681,205,0.00976562,0
2229,174855,174,0.00439453,0
2230,174904,49,0.00195312,0
2231,174942,38,0.00195312,0
2232,174980,38,0.00195312,0
2233,175024,44,0.000976562,0
2234,175141,117,0.00390625,0
2235,175346,205,0.00976562,0
2236,175520,174,0.00439453,0
2237,175569,49,0.00195312,0
2238,175607,38,0.00195312,0
2239,175645,38,0.00195312,0
2240,175689,44,0.000976562,0
2241,175801,112,0.00390625,0
2242,176006,205,0.00976562,0
2243,176180,174,0.00439453,0
2244,176229,49,0.00195312,0
2245,176267,38,0.00195312,0
2246,176305,38,0.00195312,0
2247,176349,44,0.000976562,0
2248,176466,117,0.00390625,0
2249,176496,30,0.00390625,0
2250,176518,22,0.000976562,0
2251,176544,26,0.00195312,0
2252,176572,28,0.00195312,0
2253,176600,28,0.00195312,0
2254,176690,90,0.00244141,0
2255,176763,73,0.00195312,0
2256,176835,72,0.00195312,0
2257,176907,72,0.00195312,0
2258,177055,148,0.00976562,0
2259,177209,154,0.00195312,0
2260,177248,39,0.00195312,0
2261,177287,39,0.00195312,0
2262,177387,100,0.00146484,0
2263,177408,21,0.00390625,0
2264,177613,205,0.00976562,0
2265,177787,174,0.00439453,0
2266,177836,49,0.00195312,0
2267,177874,38,0.00195312,0
2268,177912,38,0.00195312,0
2269,177956,44,0.000976562,0
2270,178067,111,0.00390625,0
2271,178272,205,0.00976562,0
2272,178446,174,0.00439453,0
2273,178495,49,0.00195312,0
2274,178533,38,0.00195312,0
2275,178571,38,0.00195312,0
2276,178615,44,0.000976562,0
2277,178729,114,0.00390625,0
2278,178934,205,0.00976562,0
2279,179108,174,0.00439453,0
2280,179157,49,0.00195312,0
2281,179195,38,0.00195312,0
2282,179233,38,0.00195312,0
2283,179277,44,0.000976562,0
2284,179392,115,0.00390625,0
2285,179597,205,0.00976562,0
2286,179771,174,0.00439453,0
2287,179820,49,0.00195312,0
2288,179858,38,0.00195312,0
2289,179896,38,0.00195312,0
2290,179940,44,0.000976562,0
2291,180056,116,0.00390625,0
2292,180261,205,0.00976562,0
2293,180435,174,0.00439453,0
2294,180484,49,0.00195312,0
2295,180522,38,0.00195312,0
2296,180560,38,0.00195312,0
2297,180604,44,0.000976562,0
2298,180722,118,0.00390625,0
2299,180927,205,0.00976562,0
2300,181101,174,0.00439453,0
2301,181150,49,0.00195312,0
2302,181188,38,0.00195312,0
2303,181226,38,0.00195312,0
2304,181270,44,0.000976562,0
2305,181385,115,0.00390625,0
2306,181590,205,0.00976562,0
2307,181764,174,0.00439453,0
2308,181813,49,0.00195312,0
2309,181851,38,0.00195312,0
2310,181889,38,0.00195312,0
2311,181933,44,0.000976562,0
2312,182052,119,0.00390625,0
2313,182257,205,0.00976562,0
2314,182431,174,0.00439453,0
2315,182480,49,0.00195312,0
2316,182518,38,0.00195312,0
2317,182556,38,0.00195312,0
2318,182600,44,0.000976562,0
2319,182719,119,0.00390625,0
2320,182924,205,0.00976562,0
2321,183098,174,0.00439453,0
2322,183147,49,0.00195312,0
2323,183185,38,0.00195312,0
2324,183223,38,0.00195312,0
2325,183267,44,0.000976562,0
2326,183383,116,0.00390625,0
2327,183588,205,0.00976562,0
2328,183762,174,0.00439453,0
2329,183811,49,0.00195312,0
2330,183849,38,0.00195312,0
2331,183887,38,0.00195312,0
2332,183931,44,0.000976562,0
2333,184046,115,0.00390625,0
2334,184251,205,0.00976562,0
2335,184425,174,0.00439453,0
2336,184474,49,0.00195312,0
2337,184512,38,0.00195312,0
2338,184550,38,0.00195312,0
2339,184594,44,0.000976562,0
2340,184710,116,0.00390625,0
2341,184915,205,0.00976562,0
2342,185089,174,0.00439453,0
2343,185138,49,0.00195312,0
2344,185176,38,0.00195312,0
2345,185214,38,0.00195312,0
2346,185258,44,0.000976562,0
2347,185375,117,0.00390625,0
2348,185580,205,0.00976562,0
2349,185754,174,0.00439453,0
2350,185803,49,0.00195312,0
2351,185841,38,0.00195312,0
2352,185879,38,0.00195312,0
2353,185923,44,0.000976562,0
2354,186042,119,0.00390625,0
2355,186072,30,0.00390625,0
2356,186094,22,0.000976562,0
2357,186120,26,0.00195312,0
2358,186148,28,0.00195312,0
2359,186176,28,0.00195312,0
2360,186266,90,0.00244141,0
2361,186339,73,0.00195312,0
2362,186411,72,0.00195312,0
2363,186483,72,0.00195312,0
2364,186631,148,0.00976562,0
2365,186785,154,0.00195312,0
2366,186824,39,0.00195312,0
2367,186863,39,0.00195312,0
2368,186964,101,0.00146484,0
2369,186985,21,0.00390625,0
2370,187190,205,0.00976562,0
2371,187364,174,0.00439453,0
2372,187413,49,0.00195312,0
2373,187451,38,0.00195312,0
2374,187489,38,0.00195312,0
2375,187533,44,0.000976562,0
2376,187648,115,0.00390625,0
2377,187853,205,0.00976562,0
2378,188027,174,0.00439453,0
2379,188076,49,0.00195312,0
2380,188114,38,0.00195312,0
2381,188152,38,0.00195312,0
2382,188196,44,0.000976562,0
2383,188312,116,0.00390625,0
2384,188517,205,0.00976562,0
2385,188691,174,0.00439453,0
2386,188740,49,0.00195312,0
2387,188778,38,0.00195312,0
2388,188816,38,0.00195312,0
2389,188860,44,0.000976562,0
2390,188973,113,0.00390625,0
2391,189178,205,0.00976562,0
2392,189352,174,0.00439453,0
2393,189401,49,0.00195312,0
2394,189439,38,0.00195312,0
2395,189477,38,0.00195312,0
2396,189521,44,0.000976562,0
2397,189636,115,0.00390625,0
2398,189841,205,0.00976562,0
2399,190015,174,0.00439453,0
2400,190064,49,0.00195312,0
2401,190102,38,0.00195312,0
2402,190140,38,0.00195312,0
2403,190184,44,0.000976562,0
2404,190298,114,0.00390625,0
2405,190503,205,0.00976562,0
2406,190677,174,0.00439453,0
2407,190726,49,0.00195312,0
2408,190764,38,0.00195312,0
2409,190802,38,0.00195312,0
2410,190846,44,0.000976562,0
2411,190960,114,0.00390625,0
2412,191165,205,0.00976562,0
2413,191339,174,0.00439453,0
2414,191388,49,0.00195312,0
2415,191426,38,0.00195312,0
2416,191464,38,0.00195312,0
2417,191508,44,0.000976562,0
2418,191625,117,0.00390625,0
2419,191830,205,0.00976562,0
2420,192004,174,0.00439453,0
2421,192053,49,0.00195312,0
2422,192091,38,0.00195312,0
2423,192129,38,0.00195312,0
2424,192173,44,0.000976562,0
2425,192288,115,0.00390625,0
2426,192493,205,0.00976562,0
2427,192667,174,0.00439453,0
2428,192716,49,0.00195312,0
2429,192754,38,0.00195312,0
2430,192792,38,0.00195312,0
2431,192836,44,0.000976562,0
2432,192953,117,0.00390625,0
2433,193158,205,0.00976562,0
2434,193332,174,0.00439453,0
2435,193381,49,0.00195312,0
2436,193419,38,0.00195312,0
2437,193457,38,0.00195312,0
2438,193501,44,0.000976562,0
2439,193617,116,0.00390625,0
2440,193822,205,0.00976562,0
2441,193996,174,0.00439453,0
2442,194045,49,0.00195312,0
2443,194083,38,0.00195312,0
2444,194121,38,0.00195312,0
2445,194165,44,0.000976562,0
2446,194279,114,0.00390625,0
2447,194484,205,0.00976562,0
2448,194658,174,0.00439453,0
2449,194707,49,0.00195312,0
2450,194745,38,0.00195312,0
2451,194783,38,0.00195312,0
2452,194827,44,0.000976562,0
2453,194940,113,0.00390625,0
2454,195145,205,0.00976562,0
2455,195319,174,0.00439453,0
2456,195368,49,0.00195312,0
2457,195406,38,0.00195312,0
2458,195444,38,0.00195312,0
2459,195488,44,0.000976562,0
2460,195601,113,0.00390625,0
2461,195631,30,0.00390625,0
2462,195653,22,0.000976562,0
2463,195679,26,0.00195312,0
2464,195707,28,0.00195312,0
2465,195735,28,0.00195312,0
2466,195825,90,0.00244141,0
2467,195898,73,0.00195312,0
2468,195970,72,0.00195312,0
2469,196042,72,0.00195312,0
2470,196423,381,0.0161133,0
2471,197057,634,0.00488281,0
2472,197354,297,0.00390625,0
2473,198800,1446,0.00537109,0
2474,199212,412,0.00244141,0
2475,199609,397,0.012207,0
2476,199769,160,0.00195312,0
2477,199792,23,0.00195312,0
2478,199815,23,0.00195312,0
2479,199838,23,0.00195312,0
2480,199861,23,0.00195312,0
2481,199884,23,0.00195312,0
2482,199907,23,0.00195312,0
2483,199936,29,0.000976562,0
2484,199994,58,0.000976562,0
2485,200012,18,0.000976562,0
2486,200049,37,0.000976562,0
2487,200067,18,0.000976562,0
2488,200104,37,0.000976562,0
2489,200122,18,0.000976562,0
2490,200159,37,0.000976562,0
2491,200177,18,0.000976562,0
2492,200224,47,0.000976562,0
2493,200242,18,0.000976562,0
2494,200279,37,0.000976562,0
2495,200297,18,0.000976562,0
2496,200334,37,0.000976562,0
2497,200352,18,0.000976562,0
2498,200391,39,0.000976562,0
2499,200409,18,0.000976562,0
2500,200468,59,0.000976562,0
2501,200486,18,0.000976562,0
2502,200525,39,0.000976562,0
2503,200543,18,0.000976562,0
2504,200582,39,0.000976562,0
2505,200600,18,0.000976562,0
2506,200639,39,0.000976562,0
2507,200657,18,0.000976562,0
2508,200704,47,0.000976562,0
2509,200722,18,0.000976562,0
2510,200761,39,0.000976562,0
2511,200779,18,0.000976562,0
2512,200818,39,0.000976562,0
2513,200836,18,0.000976562,0
2514,200875,39,0.000976562,0
2515,200893,18,0.000976562,0
2516,200953,60,0.000976562,0
2517,200971,18,0.000976562,0
2518,201010,39,0.000976562,0
2519,201028,18,0.000976562,0
2520,201067,39,0.000976562,0
2521,201085,18,0.000976562,0
2522,201124,39,0.000976562,0
2523,201142,18,0.000976562,0
2524,201189,47,0.000976562,0
2525,201207,18,0.000976562,0
2526,201246,39,0.000976562,0
2527,201264,18,0.000976562,0
2528,201303,39,0.000976562,0
2529,201321,18,0.000976562,0
2530,201360,39,0.000976562,0
2531,201378,18,0.000976562,0
2532,201435,57,0.000976562,0
2533,201453,18,0.000976562,0
2534,201492,39,0.000976562,0
2535,201510,18,0.000976562,0
2536,201549,39,0.000976562,0
2537,201567,18,0.000976562,0
2538,201606,39,0.000976562,0
2539,201624,18,0.000976562,0
2540,201672,48,0.000976562,0
2541,201690,18,0.000976562,0
2542,201729,39,0.000976562,0
2543,201747,18,0.000976562,0
2544,201786,39,0.000976562,0
2545,201804,18,0.000976562,0
2546,201843,39,0.000976562,0
2547,201861,18,0.000976562,0
2548,201921,60,0.000976562,0
2549,201939,18,0.000976562,0
2550,201978,39,0.000976562,0
2551,201996,18,0.000976562,0
2552,202035,39,0.000976562,0
2553,202053,18,0.000976562,0
2554,202092,39,0.000976562,0
2555,202110,18,0.000976562,0
2556,202158,48,0.000976562,0
2557,202176,18,0.000976562,0
2558,202215,39,0.000976562,0
2559,202233,18,0.000976562,0
2560,202272,39,0.000976562,0
2561,202290,18,0.000976562,0
2562,202329,39,0.000976562,0
2563,202347,18,0.000976562,0
2564,202405,58,0.000976562,0
2565,202423,18,0.000976562,0
2566,202462,39,0.000976562,0
2567,202480,18,0.000976562,0
2568,202519,39,0.000976562,0
2569,202537,18,0.000976562,0
2570,202576,39,0.000976562,0
2571,202594,18,0.000976562,0
2572,202641,47,0.000976562,0
2573,202659,18,0.000976562,0
2574,202698,39,0.000976562,0
2575,202716,18,0.000976562,0
2576,202755,39,0.000976562,0
2577,202773,18,0.000976562,0
2578,202812,39,0.000976562,0
2579,202830,18,0.000976562,0
2580,202888,58,0.000976562,0
2581,202906,18,0.000976562,0
2582,202945,39,0.000976562,0
2583,202963,18,0.000976562,0
2584,203002,39,0.000976562,0
2585,203020,18,0.000976562,0
2586,203059,39,0.000976562,0
2587,203113,54,0.00585938,0
2588,203209,96,0.00195312,0
2589,203246,37,0.00195312,0
2590,203285,39,0.00195312,0
2591,203314,29,0.000976562,0
2592,203367,53,0.00390625,0
2593,203436,69,0.00439453,0
2594,203500,64,0.000976562,0
2595,203536,36,0.00195312,0
2596,203574,38,0.00195312,0
2597,203612,38,0.00195312,0
2598,203756,144,0.00195312,0
2599,203887,131,0.00195312,0
2600,204018,131,0.00195312,0
2601,204149,131,0.00195312,0
2602,204175,26,0.000976562,0
2603,204271,96,0.00390625,0
2604,204339,68,0.00439453,0
2605,204403,64,0.000976562,0
2606,204439,36,0.00195312,0
2607,204477,38,0.00195312,0
2608,204515,38,0.00195312,0
2609,204659,144,0.00195312,0
2610,204790,131,0.00195312,0
2611,204921,131,0.00195312,0
2612,205052,131,0.00195312,0
2613,205078,26,0.000976562,0
2614,205174,96,0.00390625,0
2615,205243,69,0.00439453,0
2616,205307,64,0.000976562,0
2617,205343,36,0.00195312,0
2618,205381,38,0.00195312,0
2619,205419,38,0.00195312,0
2620,205563,144,0.00195312,0
2621,205694,131,0.00195312,0
2622,205825,131,0.00195312,0
2623,205956,131,0.00195312,0
2624,205982,26,0.000976562,0
2625,206074,92,0.00390625,0
2626,206139,65,0.00439453,0
2627,206203,64,0.000976562,0
2628,206239,36,0.00195312,0
2629,206277,38,0.00195312,0
2630,206315,38,0.00195312,0
2631,206459,144,0.00195312,0
2632,206590,131,0.00195312,0
2633,206721,131,0.00195312,0
2634,206852,131,0.00195312,0
2635,206878,26,0.000976562,0
2636,206975,97,0.00390625,0
2637,207042,67,0.00439453,0
2638,207106,64,0.000976562,0
2639,207142,36,0.00195312,0
2640,207180,38,0.00195312,0
2641,207218,38,0.00195312,0
2642,207362,144,0.00195312,0
2643,207493,131,0.00195312,0
2644,207624,131,0.00195312,0
2645,207755,131,0.00195312,0
2646,207781,26,0.000976562,0
2647,207875,94,0.00390625,0
2648,207940,65,0.00439453,0
2649,208004,64,0.000976562,0
2650,208040,36,0.00195312,0
2651,208078,38,0.00195312,0
2652,208116,38,0.00195312,0
2653,208260,144,0.00195312,0
2654,208391,131,0.00195312,0
2655,208522,131,0.00195312,0
2656,208653,131,0.00195312,0
2657,208679,26,0.000976562,0
2658,208774,95,0.00390625,0
2659,208842,68,0.00439453,0
2660,208906,64,0.000976562,0
2661,208942,36,0.00195312,0
2662,208980,38,0.00195312,0
2663,209018,38,0.00195312,0
2664,209162,144,0.00195312,0
2665,209293,131,0.00195312,0
2666,209424,131,0.00195312,0
2667,209555,131,0.00195312,0
2668,209581,26,0.000976562,0
2669,209675,94,0.00390625,0
2670,209740,65,0.00439453,0
2671,209804,64,0.000976562,0
2672,209840,36,0.00195312,0
2673,209878,38,0.00195312,0
2674,209916,38,0.00195312,0
2675,210060,144,0.00195312,0
2676,210191,131,0.00195312,0
2677,210322,131,0.00195312,0
2678,210453,131,0.00195312,0
2679,210479,26,0.000976562,0
2680,210572,93,0.00390625,0
2681,210639,67,0.00439453,0
2682,210703,64,0.000976562,0
2683,210739,36,0.00195312,0
2684,210777,38,0.00195312,0
2685,210815,38,0.00195312,0
2686,210959,144,0.00195312,0
2687,211090,131,0.00195312,0
2688,211221,131,0.00195312,0
2689,211352,131,0.00195312,0
2690,211378,26,0.000976562,0
2691,211470,92,0.00390625,0
2692,211537,67,0.00439453,0
2693,211601,64,0.000976562,0
2694,211637,36,0.00195312,0
2695,211675,38,0.00195312,0
2696,211713,38,0.00195312,0
2697,211857,144,0.00195312,0
2698,211988,131,0.00195312,0
2699,212119,131,0.00195312,0
2700,212250,131,0.00195312,0
2701,212276,26,0.000976562,0
2702,212370,94,0.00390625,0
2703,212436,66,0.00439453,0
2704,212500,64,0.000976562,0
2705,212536,36,0.00195312,0
2706,212574,38,0.00195312,0
2707,212612,38,0.00195312,0
2708,212756,144,0.00195312,0
2709,212887,131,0.00195312,0
2710,213018,131,0.00195312,0
2711,213149,131,0.00195312,0
2712,213175,26,0.000976562,0
2713,213272,97,0.00390625,0
2714,213339,67,0.00439453,0
2715,213403,64,0.000976562,0
2716,213439,36,0.00195312,0
2717,213477,38,0.00195312,0
2718,213515,38,0.00195312,0
2719,213659,144,0.00195312,0
2720,213790,131,0.00195312,0
2721,213921,131,0.00195312,0
2722,214052,131,0.00195312,0
2723,214078,26,0.000976562,0
2724,214169,91,0.00390625,0
2725,214232,63,0.00439453,0
2726,214296,64,0.000976562,0
2727,214332,36,0.00195312,0
2728,214370,38,0.00195312,0
2729,214408,38,0.00195312,0
2730,214552,144,0.00195312,0
2731,214683,131,0.00195312,0
2732,214814,131,0.00195312,0
2733,214945,131,0.00195312,0
2734,214971,26,0.000976562,0
2735,215064,93,0.00390625,0
2736,215131,67,0.00439453,0
2737,215195,64,0.000976562,0
2738,215231,36,0.00195312,0
2739,215269,38,0.00195312,0
2740,215307,38,0.00195312,0
2741,215623,316,0.0161133,0
2742,216086,463,0.00390625,0
2743,216374,288,0.00390625,0
2744,217083,709,0.00488281,0
2745,217488,405,0.00244141,0
2746,217872,384,0.012207,0
2747,218032,160,0.00195312,0
2748,218055,23,0.00195312,0
2749,218078,23,0.00195312,0
2750,218101,23,0.00195312,0
2751,218124,23,0.00195312,0
2752,218147,23,0.00195312,0
2753,218170,23,0.00195312,0
2754,218199,29,0.000976562,0
2755,218253,54,0.000976562,0
2756,218271,18,0.000976562,0
2757,218308,37,0.000976562,0
2758,218326,18,0.000976562,0
2759,218363,37,0.000976562,0
2760,218381,18,0.000976562,0
2761,218418,37,0.000976562,0
2762,218436,18,0.000976562,0
2763,218479,43,0.000976562,0
2764,218497,18,0.000976562,0
2765,218534,37,0.000976562,0
2766,218552,18,0.000976562,0
2767,218589,37,0.000976562,0
2768,218607,18,0.000976562,0
2769,218646,39,0.000976562,0
2770,218664,18,0.000976562,0
2771,218721,57,0.000976562,0
2772,218739,18,0.000976562,0
2773,218778,39,0.000976562,0
2774,218796,18,0.000976562,0
2775,218835,39,0.000976562,0
2776,218853,18,0.000976562,0
2777,218892,39,0.000976562,0
2778,218910,18,0.000976562,0
2779,218955,45,0.000976562,0
2780,218973,18,0.000976562,0
2781,219012,39,0.000976562,0
2782,219030,18,0.000976562,0
2783,219069,39,0.000976562,0
2784,219087,18,0.000976562,0
2785,219126,39,0.000976562,0
2786,219144,18,0.000976562,0
2787,219200,56,0.000976562,0
2788,219218,18,0.000976562,0
2789,219257,39,0.000976562,0
2790,219275,18,0.000976562,0
2791,219314,39,0.000976562,0
2792,219332,18,0.000976562,0
2793,219371,39,0.000976562,0
2794,219389,18,0.000976562,0
2795,219434,45,0.000976562,0
2796,219452,18,0.000976562,0
2797,219491,39,0.000976562,0
2798,219509,18,0.000976562,0
2799,219548,39,0.000976562,0
2800,219566,18,0.000976562,0
2801,219605,39,0.000976562,0
2802,219623,18,0.000976562,0
2803,219679,56,0.000976562,0
2804,219697,18,0.000976562,0
2805,219736,39,0.000976562,0
2806,219754,18,0.000976562,0
2807,219793,39,0.000976562,0
2808,219811,18,0.000976562,0
2809,219850,39,0.000976562,0
2810,219868,18,0.000976562,0
2811,219913,45,0.000976562,0
2812,219931,18,0.000976562,0
2813,219970,39,0.000976562,0
2814,219988,18,0.000976562,0
2815,220027,39,0.000976562,0
2816,220045,18,0.000976562,0
2817,220084,39,0.000976562,0
2818,220102,18,0.000976562,0
2819,220159,57,0.000976562,0
2820,220177,18,0.000976562,0
2821,220216,39,0.000976562,0
2822,220234,18,0.000976562,0
2823,220273,39,0.000976562,0
2824,220291,18,0.000976562,0
2825,220330,39,0.000976562,0
2826,220348,18,0.000976562,0
2827,220393,45,0.000976562,0
2828,220411,18,0.000976562,0
2829,220450,39,0.000976562,0
2830,220468,18,0.000976562,0
2831,220507,39,0.000976562,0
2832,220525,18,0.000976562,0
2833,220564,39,0.000976562,0
2834,220582,18,0.000976562,0
2835,220638,56,0.000976562,0
2836,220656,18,0.000976562,0
2837,220695,39,0.000976562,0
2838,220713,18,0.000976562,0
2839,220752,39,0.000976562,0
2840,220770,18,0.000976562,0
2841,220809,39,0.000976562,0
2842,220827,18,0.000976562,0
2843,220873,46,0.000976562,0
2844,220891,18,0.000976562,0
2845,220930,39,0.000976562,0
2846,220948,18,0.000976562,0
2847,220987,39,0.000976562,0
2848,221005,18,0.000976562,0
2849,221044,39,0.000976562,0
2850,221062,18,0.000976562,0
2851,221118,56,0.000976562,0
2852,221136,18,0.000976562,0
2853,221175,39,0.000976562,0
2854,221193,18,0.000976562,0
2855,221232,39,0.000976562,0
2856,221250,18,0.000976562,0
2857,221289,39,0.000976562,0
2858,221348,59,0.00830078,0
2859,221479,131,0.00195312,0
2860,221516,37,0.00195312,0
2861,221553,37,0.00195312,0
2862,221651,98,0.00146484,0
2863,221672,21,0.00390625,0
2864,221877,205,0.00976562,0
2865,222049,172,0.00439453,0
2866,222096,47,0.00195312,0
2867,222132,36,0.00195312,0
2868,222168,36,0.00195312,0
2869,222212,44,0.000976562,0
2870,222324,112,0.00390625,0
2871,222529,205,0.00976562,0
2872,222701,172,0.00439453,0
2873,222748,47,0.00195312,0
2874,222784,36,0.00195312,0
2875,222820,36,0.00195312,0
2876,222864,44,0.000976562,0
2877,222978,114,0.00390625,0
2878,223183,205,0.00976562,0
2879,223355,172,0.00439453,0
2880,223402,47,0.00195312,0
2881,223438,36,0.00195312,0
2882,223474,36,0.00195312,0
2883,223518,44,0.000976562,0
2884,223632,114,0.00390625,0
2885,223837,205,0.00976562,0
2886,224009,172,0.00439453,0
2887,224056,47,0.00195312,0
2888,224092,36,0.00195312,0
2889,224128,36,0.00195312,0
2890,224172,44,0.000976562,0
2891,224286,114,0.00390625,0
2892,224491,205,0.00976562,0
2893,224663,172,0.00439453,0
2894,224710,47,0.00195312,0
2895,224746,36,0.00195312,0
2896,224782,36,0.00195312,0
2897,224826,44,0.000976562,0
2898,224939,113,0.00390625,0
2899,225144,205,0.00976562,0
2900,225316,172,0.00439453,0
2901,225363,47,0.00195312,0
2902,225399,36,0.00195312,0
2903,225435,36,0.00195312,0
2904,225479,44,0.000976562,0
2905,225589,110,0.00390625,0
2906,225794,205,0.00976562,0
2907,225966,172,0.00439453,0
2908,226013,47,0.00195312,0
2909,226049,36,0.00195312,0
2910,226085,36,0.00195312,0
2911,226129,44,0.000976562,0
2912,226241,112,0.00390625,0
2913,226446,205,0.00976562,0
2914,226618,172,0.00439453,0
2915,226665,47,0.00195312,0
2916,226701,36,0.00195312,0
2917,226737,36,0.00195312,0
2918,226781,44,0.000976562,0
2919,226894,113,0.00390625,0
2920,227099,205,0.00976562,0
2921,227271,172,0.00439453,0
2922,227318,47,0.00195312,0
2923,227354,36,0.00195312,0
2924,227390,36,0.00195312,0
2925,227434,44,0.000976562,0
2926,227546,112,0.00390625,0
2927,227751,205,0.00976562,0
2928,227923,172,0.00439453,0
2929,227970,47,0.00195312,0
2930,228006,36,0.00195312,0
2931,228042,36,0.00195312,0
2932,228086,44,0.000976562,0
2933,228201,115,0.00390625,0
2934,228406,205,0.00976562,0
2935,228578,172,0.00439453,0
2936,228625,47,0.00195312,0
2937,228661,36,0.00195312,0
2938,228697,36,0.00195312,0
2939,228741,44,0.000976562,0
2940,228854,113,0.00390625,0
2941,229059,205,0.00976562,0
2942,229231,172,0.00439453,0
2943,229278,47,0.00195312,0
2944,229314,36,0.00195312,0
2945,229350,36,0.00195312,0
2946,229394,44,0.000976562,0
2947,229507,113,0.00390625,0
2948,229712,205,0.00976562,0
2949,229884,172,0.00439453,0
2950,229931,47,0.00195312,0
2951,229967,36,0.00195312,0
2952,230003,36,0.00195312,0
2953,230047,44,0.000976562,0
2954,230156,109,0.00390625,0
2955,230185,29,0.00390625,0
2956,230206,21,0.000976562,0
2957,230230,24,0.00195312,0
2958,230256,26,0.00195312,0
2959,230284,28,0.00195312,0
2960,230554,270,0.0161133,0
2961,231017,463,0.00390625,0
2962,231305,288,0.00390625,0
2963,232014,709,0.00488281,0
2964,232419,405,0.00244141,0
