checkpoints,cycle count,last checkpoint,dirty ratio,cause
1,6612,6612,0.0415039,0
2,6990,378,0.00195312,0
3,7029,39,0.00195312,0
4,7068,39,0.00195312,0
5,7127,59,0.00830078,0
6,7259,132,0.00195312,0
7,7297,38,0.00195312,0
8,7335,38,0.00195312,0
9,7437,102,0.00146484,0
10,7871,434,0.0102539,0
11,8081,210,0.00390625,0
12,8498,417,0.0102539,0
13,8707,209,0.00390625,0
14,9124,417,0.0102539,0
15,9337,213,0.00390625,0
16,9754,417,0.0102539,0
17,9966,212,0.00390625,0
18,10383,417,0.0102539,0
19,10595,212,0.00390625,0
20,11012,417,0.0102539,0
21,11221,209,0.00390625,0
22,11638,417,0.0102539,0
23,11850,212,0.00390625,0
24,12267,417,0.0102539,0
25,12480,213,0.00390625,0
26,12897,417,0.0102539,0
27,13109,212,0.00390625,0
28,13526,417,0.0102539,0
29,13733,207,0.00390625,0
30,14150,417,0.0102539,0
31,14362,212,0.00390625,0
32,14779,417,0.0102539,0
33,14991,212,0.00390625,0
34,15408,417,0.0102539,0
35,15618,210,0.00390625,0
36,15790,172,0.00390625,0
37,15834,44,0.00195312,0
38,15874,40,0.00195312,0
39,15914,40,0.00195312,0
40,15975,61,0.00830078,0
41,16109,134,0.00195312,0
42,16149,40,0.00195312,0
43,16189,40,0.00195312,0
44,16287,98,0.00146484,0
45,16729,442,0.0102539,0
46,16940,211,0.00390625,0
47,17365,425,0.0102539,0
48,17572,207,0.00390625,0
49,17997,425,0.0102539,0
50,18209,212,0.00390625,0
51,18634,425,0.0102539,0
52,18843,209,0.00390625,0
53,19268,425,0.0102539,0
54,19476,208,0.00390625,0
55,19901,425,0.0102539,0
56,20115,214,0.00390625,0
57,20540,425,0.0102539,0
58,20749,209,0.00390625,0
59,21174,425,0.0102539,0
60,21384,210,0.00390625,0
61,21809,425,0.0102539,0
62,22016,207,0.00390625,0
63,22441,425,0.0102539,0
64,22653,212,0.00390625,0
65,23078,425,0.0102539,0
66,23287,209,0.00390625,0
67,23712,425,0.0102539,0
68,23923,211,0.00390625,0
69,24348,425,0.0102539,0
70,24555,207,0.00390625,0
71,24733,178,0.00390625,0
72,24777,44,0.00195312,0
73,24817,40,0.00195312,0
74,24857,40,0.00195312,0
75,24918,61,0.00830078,0
76,25052,134,0.00195312,0
77,25092,40,0.00195312,0
78,25132,40,0.00195312,0
79,25229,97,0.00146484,0
80,25671,442,0.0102539,0
81,25883,212,0.00390625,0
82,26308,425,0.0102539,0
83,26515,207,0.00390625,0
84,26940,425,0.0102539,0
85,27149,209,0.00390625,0
86,27574,425,0.0102539,0
87,27785,211,0.00390625,0
88,28210,425,0.0102539,0
89,28421,211,0.00390625,0
90,28846,425,0.0102539,0
91,29056,210,0.00390625,0
92,29481,425,0.0102539,0
93,29691,210,0.00390625,0
94,30116,425,0.0102539,0
95,30323,207,0.00390625,0
96,30748,425,0.0102539,0
97,30958,210,0.00390625,0
98,31383,425,0.0102539,0
99,31593,210,0.00390625,0
100,32018,425,0.0102539,0
101,32226,208,0.00390625,0
102,32651,425,0.0102539,0
103,32859,208,0.00390625,0
104,33284,425,0.0102539,0
105,33493,209,0.00390625,0
106,33671,178,0.00390625,0
107,33715,44,0.00195312,0
108,33755,40,0.00195312,0
109,33795,40,0.00195312,0
110,33856,61,0.00830078,0
111,33990,134,0.00195312,0
112,34030,40,0.00195312,0
113,34070,40,0.00195312,0
114,34166,96,0.00146484,0
115,34608,442,0.0102539,0
116,34813,205,0.00390625,0
117,35238,425,0.0102539,0
118,35447,209,0.00390625,0
119,35872,425,0.0102539,0
120,36079,207,0.00390625,0
121,36504,425,0.0102539,0
122,36713,209,0.00390625,0
123,37138,425,0.0102539,0
124,37347,209,0.00390625,0
125,37772,425,0.0102539,0
126,37982,210,0.00390625,0
127,38407,425,0.0102539,0
128,38620,213,0.00390625,0
129,39045,425,0.0102539,0
130,39255,210,0.00390625,0
131,39680,425,0.0102539,0
132,39888,208,0.00390625,0
133,40313,425,0.0102539,0
134,40523,210,0.00390625,0
135,40948,425,0.0102539,0
136,41155,207,0.00390625,0
137,41580,425,0.0102539,0
138,41789,209,0.00390625,0
139,42214,425,0.0102539,0
140,42426,212,0.00390625,0
141,49357,6931,0.0405273,0
142,49735,378,0.00195312,0
143,49773,38,0.00195312,0
144,49813,40,0.00195312,0
145,49842,29,0.000976562,0
146,50009,167,0.00390625,0
147,50057,48,0.00195312,0
148,50095,38,0.00195312,0
149,50133,38,0.00195312,0
150,50277,144,0.00195312,0
151,50408,131,0.00195312,0
152,50539,131,0.00195312,0
153,50670,131,0.00195312,0
154,50802,132,0.00341797,0
155,50904,102,0.00341797,0
156,50951,47,0.00195312,0
157,50989,38,0.00195312,0
158,51027,38,0.00195312,0
159,51171,144,0.00195312,0
160,51302,131,0.00195312,0
161,51433,131,0.00195312,0
162,51564,131,0.00195312,0
163,51716,152,0.00390625,0
164,51800,84,0.00244141,0
165,51845,45,0.00195312,0
166,51883,38,0.00195312,0
167,51921,38,0.00195312,0
168,52065,144,0.00195312,0
169,52196,131,0.00195312,0
170,52327,131,0.00195312,0
171,52458,131,0.00195312,0
172,52604,146,0.00390625,0
173,52695,91,0.00292969,0
174,52741,46,0.00195312,0
175,52779,38,0.00195312,0
176,52817,38,0.00195312,0
177,52961,144,0.00195312,0
178,53092,131,0.00195312,0
179,53223,131,0.00195312,0
180,53354,131,0.00195312,0
181,53500,146,0.00390625,0
182,53591,91,0.00292969,0
183,53637,46,0.00195312,0
184,53675,38,0.00195312,0
185,53713,38,0.00195312,0
186,53857,144,0.00195312,0
187,53988,131,0.00195312,0
188,54119,131,0.00195312,0
189,54250,131,0.00195312,0
190,54368,118,0.00341797,0
191,54480,112,0.00439453,0
192,54529,49,0.00195312,0
193,54567,38,0.00195312,0
194,54605,38,0.00195312,0
195,54749,144,0.00195312,0
196,54880,131,0.00195312,0
197,55011,131,0.00195312,0
198,55142,131,0.00195312,0
199,55264,122,0.00341797,0
200,55371,107,0.00390625,0
201,55419,48,0.00195312,0
202,55457,38,0.00195312,0
203,55495,38,0.00195312,0
204,55639,144,0.00195312,0
205,55770,131,0.00195312,0
206,55901,131,0.00195312,0
207,56032,131,0.00195312,0
208,56176,144,0.00390625,0
209,56266,90,0.00292969,0
210,56312,46,0.00195312,0
211,56350,38,0.00195312,0
212,56388,38,0.00195312,0
213,56532,144,0.00195312,0
214,56663,131,0.00195312,0
215,56794,131,0.00195312,0
216,56925,131,0.00195312,0
217,57069,144,0.00390625,0
218,57159,90,0.00292969,0
219,57205,46,0.00195312,0
220,57243,38,0.00195312,0
221,57281,38,0.00195312,0
222,57425,144,0.00195312,0
223,57556,131,0.00195312,0
224,57687,131,0.00195312,0
225,57818,131,0.00195312,0
226,57962,144,0.00390625,0
227,58052,90,0.00292969,0
228,58098,46,0.00195312,0
229,58136,38,0.00195312,0
230,58174,38,0.00195312,0
231,58318,144,0.00195312,0
232,58449,131,0.00195312,0
233,58580,131,0.00195312,0
234,58711,131,0.00195312,0
235,58855,144,0.00390625,0
236,58944,89,0.00292969,0
237,58990,46,0.00195312,0
238,59028,38,0.00195312,0
239,59066,38,0.00195312,0
240,59210,144,0.00195312,0
241,59341,131,0.00195312,0
242,59472,131,0.00195312,0
243,59603,131,0.00195312,0
244,59741,138,0.00390625,0
245,59833,92,0.00292969,0
246,59879,46,0.00195312,0
247,59917,38,0.00195312,0
248,59955,38,0.00195312,0
249,60099,144,0.00195312,0
250,60230,131,0.00195312,0
251,60361,131,0.00195312,0
252,60492,131,0.00195312,0
253,60634,142,0.00390625,0
254,60726,92,0.00292969,0
255,60772,46,0.00195312,0
256,60810,38,0.00195312,0
257,60848,38,0.00195312,0
258,60992,144,0.00195312,0
259,61123,131,0.00195312,0
260,61254,131,0.00195312,0
261,61385,131,0.00195312,0
262,61522,137,0.00390625,0
263,61611,89,0.00292969,0
264,61657,46,0.00195312,0
265,61695,38,0.00195312,0
266,61733,38,0.00195312,0
267,61840,107,0.00195312,0
268,61879,39,0.00195312,0
269,61918,39,0.00195312,0
270,61957,39,0.00195312,0
271,62166,209,0.00976562,0
272,62321,155,0.00195312,0
273,62361,40,0.00195312,0
274,62401,40,0.00195312,0
275,62430,29,0.000976562,0
276,62592,162,0.00390625,0
277,62642,50,0.00195312,0
278,62682,40,0.00195312,0
279,62722,40,0.00195312,0
280,62866,144,0.00195312,0
281,62997,131,0.00195312,0
282,63128,131,0.00195312,0
283,63259,131,0.00195312,0
284,63400,141,0.00390625,0
285,63491,91,0.00292969,0
286,63539,48,0.00195312,0
287,63579,40,0.00195312,0
288,63619,40,0.00195312,0
289,63763,144,0.00195312,0
290,63894,131,0.00195312,0
291,64025,131,0.00195312,0
292,64156,131,0.00195312,0
293,64295,139,0.00390625,0
294,64388,93,0.00292969,0
295,64436,48,0.00195312,0
296,64476,40,0.00195312,0
297,64516,40,0.00195312,0
298,64660,144,0.00195312,0
299,64791,131,0.00195312,0
300,64922,131,0.00195312,0
301,65053,131,0.00195312,0
302,65195,142,0.00390625,0
303,65285,90,0.00292969,0
304,65333,48,0.00195312,0
305,65373,40,0.00195312,0
306,65413,40,0.00195312,0
307,65557,144,0.00195312,0
308,65688,131,0.00195312,0
309,65819,131,0.00195312,0
310,65950,131,0.00195312,0
311,66087,137,0.00390625,0
312,66179,92,0.00292969,0
313,66227,48,0.00195312,0
314,66267,40,0.00195312,0
315,66307,40,0.00195312,0
316,66451,144,0.00195312,0
317,66582,131,0.00195312,0
318,66713,131,0.00195312,0
319,66844,131,0.00195312,0
320,66987,143,0.00390625,0
321,67078,91,0.00292969,0
322,67126,48,0.00195312,0
323,67166,40,0.00195312,0
324,67206,40,0.00195312,0
325,67350,144,0.00195312,0
326,67481,131,0.00195312,0
327,67612,131,0.00195312,0
328,67743,131,0.00195312,0
329,67884,141,0.00390625,0
330,67976,92,0.00292969,0
331,68024,48,0.00195312,0
332,68064,40,0.00195312,0
333,68104,40,0.00195312,0
334,68248,144,0.00195312,0
335,68379,131,0.00195312,0
336,68510,131,0.00195312,0
337,68641,131,0.00195312,0
338,68782,141,0.00390625,0
339,68873,91,0.00292969,0
340,68921,48,0.00195312,0
341,68961,40,0.00195312,0
342,69001,40,0.00195312,0
343,69145,144,0.00195312,0
344,69276,131,0.00195312,0
345,69407,131,0.00195312,0
346,69538,131,0.00195312,0
347,69678,140,0.00390625,0
348,69771,93,0.00292969,0
349,69819,48,0.00195312,0
350,69859,40,0.00195312,0
351,69899,40,0.00195312,0
352,70043,144,0.00195312,0
353,70174,131,0.00195312,0
354,70305,131,0.00195312,0
355,70436,131,0.00195312,0
356,70577,141,0.00390625,0
357,70670,93,0.00292969,0
358,70718,48,0.00195312,0
359,70758,40,0.00195312,0
360,70798,40,0.00195312,0
361,70942,144,0.00195312,0
362,71073,131,0.00195312,0
363,71204,131,0.00195312,0
364,71335,131,0.00195312,0
365,71472,137,0.00390625,0
366,71564,92,0.00292969,0
367,71612,48,0.00195312,0
368,71652,40,0.00195312,0
369,71692,40,0.00195312,0
370,71836,144,0.00195312,0
371,71967,131,0.00195312,0
372,72098,131,0.00195312,0
373,72229,131,0.00195312,0
374,72365,136,0.00341797,0
375,72462,97,0.00292969,0
376,72510,48,0.00195312,0
377,72550,40,0.00195312,0
378,72590,40,0.00195312,0
379,72734,144,0.00195312,0
380,72865,131,0.00195312,0
381,72996,131,0.00195312,0
382,73127,131,0.00195312,0
383,73269,142,0.00390625,0
384,73361,92,0.00292969,0
385,73409,48,0.00195312,0
386,73449,40,0.00195312,0
387,73489,40,0.00195312,0
388,73633,144,0.00195312,0
389,73764,131,0.00195312,0
390,73895,131,0.00195312,0
391,74026,131,0.00195312,0
392,74145,119,0.00292969,0
393,74259,114,0.00390625,0
394,74309,50,0.00195312,0
395,74349,40,0.00195312,0
396,74389,40,0.00195312,0
397,74510,121,0.00195312,0
398,74549,39,0.00195312,0
399,74588,39,0.00195312,0
400,74627,39,0.00195312,0
401,74843,216,0.00976562,0
402,74998,155,0.00195312,0
403,75038,40,0.00195312,0
404,75078,40,0.00195312,0
405,75107,29,0.000976562,0
406,75267,160,0.00439453,0
407,75318,51,0.00195312,0
408,75358,40,0.00195312,0
409,75398,40,0.00195312,0
410,75542,144,0.00195312,0
411,75673,131,0.00195312,0
412,75804,131,0.00195312,0
413,75935,131,0.00195312,0
414,76067,132,0.00341797,0
415,76169,102,0.00341797,0
416,76218,49,0.00195312,0
417,76258,40,0.00195312,0
418,76298,40,0.00195312,0
419,76442,144,0.00195312,0
420,76573,131,0.00195312,0
421,76704,131,0.00195312,0
422,76835,131,0.00195312,0
423,76959,124,0.00341797,0
424,77069,110,0.00341797,0
425,77118,49,0.00195312,0
426,77158,40,0.00195312,0
427,77198,40,0.00195312,0
428,77342,144,0.00195312,0
429,77473,131,0.00195312,0
430,77604,131,0.00195312,0
431,77735,131,0.00195312,0
432,77875,140,0.00390625,0
433,77967,92,0.00292969,0
434,78015,48,0.00195312,0
435,78055,40,0.00195312,0
436,78095,40,0.00195312,0
437,78239,144,0.00195312,0
438,78370,131,0.00195312,0
439,78501,131,0.00195312,0
440,78632,131,0.00195312,0
441,78763,131,0.00341797,0
442,78869,106,0.00341797,0
443,78918,49,0.00195312,0
444,78958,40,0.00195312,0
445,78998,40,0.00195312,0
446,79142,144,0.00195312,0
447,79273,131,0.00195312,0
448,79404,131,0.00195312,0
449,79535,131,0.00195312,0
450,79677,142,0.00390625,0
451,79768,91,0.00292969,0
452,79816,48,0.00195312,0
453,79856,40,0.00195312,0
454,79896,40,0.00195312,0
455,80040,144,0.00195312,0
456,80171,131,0.00195312,0
457,80302,131,0.00195312,0
458,80433,131,0.00195312,0
459,80568,135,0.00341797,0
460,80665,97,0.00292969,0
461,80713,48,0.00195312,0
462,80753,40,0.00195312,0
463,80793,40,0.00195312,0
464,80937,144,0.00195312,0
465,81068,131,0.00195312,0
466,81199,131,0.00195312,0
467,81330,131,0.00195312,0
468,81471,141,0.00390625,0
469,81563,92,0.00292969,0
470,81611,48,0.00195312,0
471,81651,40,0.00195312,0
472,81691,40,0.00195312,0
473,81835,144,0.00195312,0
474,81966,131,0.00195312,0
475,82097,131,0.00195312,0
476,82228,131,0.00195312,0
477,82371,143,0.00390625,0
478,82464,93,0.00292969,0
479,82512,48,0.00195312,0
480,82552,40,0.00195312,0
481,82592,40,0.00195312,0
482,82736,144,0.00195312,0
483,82867,131,0.00195312,0
484,82998,131,0.00195312,0
485,83129,131,0.00195312,0
486,83279,150,0.00390625,0
487,83365,86,0.00244141,0
488,83412,47,0.00195312,0
489,83452,40,0.00195312,0
490,83492,40,0.00195312,0
491,83636,144,0.00195312,0
492,83767,131,0.00195312,0
493,83898,131,0.00195312,0
494,84029,131,0.00195312,0
495,84171,142,0.00390625,0
496,84264,93,0.00292969,0
497,84312,48,0.00195312,0
498,84352,40,0.00195312,0
499,84392,40,0.00195312,0
500,84536,144,0.00195312,0
501,84667,131,0.00195312,0
502,84798,131,0.00195312,0
503,84929,131,0.00195312,0
504,85077,148,0.00390625,0
505,85163,86,0.00244141,0
506,85210,47,0.00195312,0
507,85250,40,0.00195312,0
508,85290,40,0.00195312,0
509,85434,144,0.00195312,0
510,85565,131,0.00195312,0
511,85696,131,0.00195312,0
512,85827,131,0.00195312,0
513,85966,139,0.00390625,0
514,86058,92,0.00292969,0
515,86106,48,0.00195312,0
516,86146,40,0.00195312,0
517,86186,40,0.00195312,0
518,86330,144,0.00195312,0
519,86461,131,0.00195312,0
520,86592,131,0.00195312,0
521,86723,131,0.00195312,0
522,86841,118,0.00292969,0
523,86955,114,0.00439453,0
524,87006,51,0.00195312,0
525,87046,40,0.00195312,0
526,87086,40,0.00195312,0
527,87207,121,0.00195312,0
528,87246,39,0.00195312,0
529,87285,39,0.00195312,0
530,87324,39,0.00195312,0
531,87540,216,0.00976562,0
532,87695,155,0.00195312,0
533,87735,40,0.00195312,0
534,87775,40,0.00195312,0
535,87804,29,0.000976562,0
536,87965,161,0.00341797,0
537,88014,49,0.00195312,0
538,88054,40,0.00195312,0
539,88094,40,0.00195312,0
540,88238,144,0.00195312,0
541,88369,131,0.00195312,0
542,88500,131,0.00195312,0
543,88631,131,0.00195312,0
544,88775,144,0.00390625,0
545,88866,91,0.00292969,0
546,88914,48,0.00195312,0
547,88954,40,0.00195312,0
548,88994,40,0.00195312,0
549,89138,144,0.00195312,0
550,89269,131,0.00195312,0
551,89400,131,0.00195312,0
552,89531,131,0.00195312,0
553,89674,143,0.00390625,0
554,89766,92,0.00292969,0
555,89814,48,0.00195312,0
556,89854,40,0.00195312,0
557,89894,40,0.00195312,0
558,90038,144,0.00195312,0
559,90169,131,0.00195312,0
560,90300,131,0.00195312,0
561,90431,131,0.00195312,0
562,90568,137,0.00390625,0
563,90660,92,0.00292969,0
564,90708,48,0.00195312,0
565,90748,40,0.00195312,0
566,90788,40,0.00195312,0
567,90932,144,0.00195312,0
568,91063,131,0.00195312,0
569,91194,131,0.00195312,0
570,91325,131,0.00195312,0
571,91452,127,0.00390625,0
572,91561,109,0.00292969,0
573,91609,48,0.00195312,0
574,91649,40,0.00195312,0
575,91689,40,0.00195312,0
576,91833,144,0.00195312,0
577,91964,131,0.00195312,0
578,92095,131,0.00195312,0
579,92226,131,0.00195312,0
580,92368,142,0.00390625,0
581,92459,91,0.00292969,0
582,92507,48,0.00195312,0
583,92547,40,0.00195312,0
584,92587,40,0.00195312,0
585,92731,144,0.00195312,0
586,92862,131,0.00195312,0
587,92993,131,0.00195312,0
588,93124,131,0.00195312,0
589,93268,144,0.00390625,0
590,93359,91,0.00292969,0
591,93407,48,0.00195312,0
592,93447,40,0.00195312,0
593,93487,40,0.00195312,0
594,93631,144,0.00195312,0
595,93762,131,0.00195312,0
596,93893,131,0.00195312,0
597,94024,131,0.00195312,0
598,94142,118,0.00292969,0
599,94256,114,0.00439453,0
600,94307,51,0.00195312,0
601,94347,40,0.00195312,0
602,94387,40,0.00195312,0
603,94531,144,0.00195312,0
604,94662,131,0.00195312,0
605,94793,131,0.00195312,0
606,94924,131,0.00195312,0
607,95064,140,0.00390625,0
608,95156,92,0.00292969,0
609,95204,48,0.00195312,0
610,95244,40,0.00195312,0
611,95284,40,0.00195312,0
612,95428,144,0.00195312,0
613,95559,131,0.00195312,0
614,95690,131,0.00195312,0
615,95821,131,0.00195312,0
616,95969,148,0.00390625,0
617,96056,87,0.00244141,0
618,96103,47,0.00195312,0
619,96143,40,0.00195312,0
620,96183,40,0.00195312,0
621,96327,144,0.00195312,0
622,96458,131,0.00195312,0
623,96589,131,0.00195312,0
624,96720,131,0.00195312,0
625,96860,140,0.00390625,0
626,96952,92,0.00292969,0
627,97000,48,0.00195312,0
628,97040,40,0.00195312,0
629,97080,40,0.00195312,0
630,97224,144,0.00195312,0
631,97355,131,0.00195312,0
632,97486,131,0.00195312,0
633,97617,131,0.00195312,0
634,97758,141,0.00390625,0
635,97849,91,0.00292969,0
636,97897,48,0.00195312,0
637,97937,40,0.00195312,0
638,97977,40,0.00195312,0
639,98121,144,0.00195312,0
640,98252,131,0.00195312,0
641,98383,131,0.00195312,0
642,98514,131,0.00195312,0
643,98651,137,0.00390625,0
644,98743,92,0.00292969,0
645,98791,48,0.00195312,0
646,98831,40,0.00195312,0
647,98871,40,0.00195312,0
648,99015,144,0.00195312,0
649,99146,131,0.00195312,0
650,99277,131,0.00195312,0
651,99408,131,0.00195312,0
652,99549,141,0.00390625,0
653,99639,90,0.00292969,0
654,99687,48,0.00195312,0
655,99727,40,0.00195312,0
656,99767,40,0.00195312,0
657,99874,107,0.00195312,0
658,99913,39,0.00195312,0
659,99952,39,0.00195312,0
660,99991,39,0.00195312,0
661,102020,2029,0.0205078,0
662,107131,5111,0.0449219,0
663,107552,421,0.00146484,0
664,107588,36,0.00195312,0
665,107626,38,0.00195312,0
666,107727,101,0.00146484,0
667,108163,436,0.0102539,0
668,108378,215,0.00390625,0
669,108798,420,0.0102539,0
670,109013,215,0.00390625,0
671,109435,422,0.0102539,0
672,109650,215,0.00390625,0
673,110075,425,0.0102539,0
674,110290,215,0.00390625,0
675,110715,425,0.0102539,0
676,110930,215,0.00390625,0
677,111353,423,0.0102539,0
678,111566,213,0.00390625,0
679,111987,421,0.0102539,0
680,112202,215,0.00390625,0
681,112624,422,0.0102539,0
682,112835,211,0.00390625,0
683,113256,421,0.0102539,0
684,113466,210,0.00390625,0
685,113887,421,0.0102539,0
686,114101,214,0.00390625,0
687,114525,424,0.0102539,0
688,114737,212,0.00390625,0
689,115159,422,0.0102539,0
690,115371,212,0.00390625,0
691,115789,418,0.0102539,0
692,116001,212,0.00390625,0
693,116201,200,0.00488281,0
694,116279,78,0.00195312,0
695,116351,72,0.00195312,0
696,116423,72,0.00195312,0
697,116580,157,0.00976562,0
698,116726,146,0.00146484,0
699,116764,38,0.00195312,0
700,116803,39,0.00195312,0
701,116900,97,0.00146484,0
702,117342,442,0.0102539,0
703,117553,211,0.00390625,0
704,117978,425,0.0102539,0
705,118191,213,0.00390625,0
706,118616,425,0.0102539,0
707,118827,211,0.00390625,0
708,119252,425,0.0102539,0
709,119464,212,0.00390625,0
710,119889,425,0.0102539,0
711,120102,213,0.00390625,0
712,120527,425,0.0102539,0
713,120741,214,0.00390625,0
714,121166,425,0.0102539,0
715,121376,210,0.00390625,0
716,121801,425,0.0102539,0
717,122015,214,0.00390625,0
718,122440,425,0.0102539,0
719,122652,212,0.00390625,0
720,123077,425,0.0102539,0
721,123290,213,0.00390625,0
722,123715,425,0.0102539,0
723,123929,214,0.00390625,0
724,124354,425,0.0102539,0
725,124563,209,0.00390625,0
726,124988,425,0.0102539,0
727,125202,214,0.00390625,0
728,125402,200,0.00439453,0
729,125479,77,0.00195312,0
730,125551,72,0.00195312,0
731,125623,72,0.00195312,0
732,125780,157,0.00976562,0
733,125926,146,0.00146484,0
734,125964,38,0.00195312,0
735,126003,39,0.00195312,0
736,126103,100,0.00146484,0
737,126545,442,0.0102539,0
738,126753,208,0.00390625,0
739,127178,425,0.0102539,0
740,127389,211,0.00390625,0
741,127814,425,0.0102539,0
742,128026,212,0.00390625,0
743,128451,425,0.0102539,0
744,128664,213,0.00390625,0
745,129089,425,0.0102539,0
746,129304,215,0.00390625,0
747,129729,425,0.0102539,0
748,129941,212,0.00390625,0
749,130366,425,0.0102539,0
750,130582,216,0.00390625,0
751,131007,425,0.0102539,0
752,131223,216,0.00390625,0
753,131648,425,0.0102539,0
754,131861,213,0.00390625,0
755,132286,425,0.0102539,0
756,132498,212,0.00390625,0
757,132923,425,0.0102539,0
758,133136,213,0.00390625,0
759,133561,425,0.0102539,0
760,133775,214,0.00390625,0
761,134200,425,0.0102539,0
762,134416,216,0.00390625,0
763,134616,200,0.00439453,0
764,134693,77,0.00195312,0
765,134765,72,0.00195312,0
766,134837,72,0.00195312,0
767,134994,157,0.00976562,0
768,135140,146,0.00146484,0
769,135178,38,0.00195312,0
770,135217,39,0.00195312,0
771,135318,101,0.00146484,0
772,135760,442,0.0102539,0
773,135972,212,0.00390625,0
774,136397,425,0.0102539,0
775,136610,213,0.00390625,0
776,137035,425,0.0102539,0
777,137245,210,0.00390625,0
778,137670,425,0.0102539,0
779,137882,212,0.00390625,0
780,138307,425,0.0102539,0
781,138518,211,0.00390625,0
782,138943,425,0.0102539,0
783,139154,211,0.00390625,0
784,139579,425,0.0102539,0
785,139793,214,0.00390625,0
786,140218,425,0.0102539,0
787,140430,212,0.00390625,0
788,140855,425,0.0102539,0
789,141069,214,0.00390625,0
790,141494,425,0.0102539,0
791,141707,213,0.00390625,0
792,142132,425,0.0102539,0
793,142343,211,0.00390625,0
794,142768,425,0.0102539,0
795,142978,210,0.00390625,0
796,143403,425,0.0102539,0
797,143613,210,0.00390625,0
798,143813,200,0.00439453,0
799,143890,77,0.00195312,0
800,143962,72,0.00195312,0
801,144034,72,0.00195312,0
802,146239,2205,0.019043,0
803,151361,5122,0.0449219,0
804,151782,421,0.00146484,0
805,151818,36,0.00195312,0
806,151856,38,0.00195312,0
807,151957,101,0.00146484,0
808,152393,436,0.0102539,0
809,152608,215,0.00390625,0
810,153028,420,0.0102539,0
811,153243,215,0.00390625,0
812,153665,422,0.0102539,0
813,153879,214,0.00390625,0
814,154304,425,0.0102539,0
815,154519,215,0.00390625,0
816,154944,425,0.0102539,0
817,155159,215,0.00390625,0
818,155582,423,0.0102539,0
819,155795,213,0.00390625,0
820,156216,421,0.0102539,0
821,156431,215,0.00390625,0
822,156853,422,0.0102539,0
823,157064,211,0.00390625,0
824,157485,421,0.0102539,0
825,157695,210,0.00390625,0
826,158116,421,0.0102539,0
827,158330,214,0.00390625,0
828,158754,424,0.0102539,0
829,158966,212,0.00390625,0
830,159388,422,0.0102539,0
831,159600,212,0.00390625,0
832,160018,418,0.0102539,0
833,160230,212,0.00390625,0
834,160430,200,0.00488281,0
835,160508,78,0.00195312,0
836,160580,72,0.00195312,0
837,160652,72,0.00195312,0
838,160809,157,0.00976562,0
839,160955,146,0.00146484,0
840,160993,38,0.00195312,0
841,161032,39,0.00195312,0
842,161129,97,0.00146484,0
843,161571,442,0.0102539,0
844,161782,211,0.00390625,0
845,162207,425,0.0102539,0
846,162420,213,0.00390625,0
847,162845,425,0.0102539,0
848,163056,211,0.00390625,0
849,163481,425,0.0102539,0
850,163693,212,0.00390625,0
851,164118,425,0.0102539,0
852,164331,213,0.00390625,0
853,164756,425,0.0102539,0
854,164970,214,0.00390625,0
855,165395,425,0.0102539,0
856,165605,210,0.00390625,0
857,166030,425,0.0102539,0
858,166244,214,0.00390625,0
859,166669,425,0.0102539,0
860,166881,212,0.00390625,0
861,167306,425,0.0102539,0
862,167519,213,0.00390625,0
863,167944,425,0.0102539,0
864,168158,214,0.00390625,0
865,168583,425,0.0102539,0
866,168792,209,0.00390625,0
867,169217,425,0.0102539,0
868,169431,214,0.00390625,0
869,169631,200,0.00439453,0
870,169708,77,0.00195312,0
871,169780,72,0.00195312,0
872,169852,72,0.00195312,0
873,170009,157,0.00976562,0
874,170155,146,0.00146484,0
875,170193,38,0.00195312,0
876,170232,39,0.00195312,0
877,170332,100,0.00146484,0
878,170774,442,0.0102539,0
879,170982,208,0.00390625,0
880,171407,425,0.0102539,0
881,171618,211,0.00390625,0
882,172043,425,0.0102539,0
883,172255,212,0.00390625,0
884,172680,425,0.0102539,0
885,172893,213,0.00390625,0
886,173318,425,0.0102539,0
887,173533,215,0.00390625,0
888,173958,425,0.0102539,0
889,174170,212,0.00390625,0
890,174595,425,0.0102539,0
891,174811,216,0.00390625,0
892,175236,425,0.0102539,0
893,175452,216,0.00390625,0
894,175877,425,0.0102539,0
895,176090,213,0.00390625,0
896,176515,425,0.0102539,0
897,176727,212,0.00390625,0
898,177152,425,0.0102539,0
899,177365,213,0.00390625,0
900,177790,425,0.0102539,0
901,178004,214,0.00390625,0
902,178429,425,0.0102539,0
903,178645,216,0.00390625,0
904,178845,200,0.00439453,0
905,178922,77,0.00195312,0
906,178994,72,0.00195312,0
907,179066,72,0.00195312,0
908,179223,157,0.00976562,0
909,179369,146,0.00146484,0
910,179407,38,0.00195312,0
911,179446,39,0.00195312,0
912,179547,101,0.00146484,0
913,179989,442,0.0102539,0
914,180201,212,0.00390625,0
915,180626,425,0.0102539,0
916,180839,213,0.00390625,0
917,181264,425,0.0102539,0
918,181474,210,0.00390625,0
919,181899,425,0.0102539,0
920,182111,212,0.00390625,0
921,182536,425,0.0102539,0
922,182747,211,0.00390625,0
923,183172,425,0.0102539,0
924,183383,211,0.00390625,0
925,183808,425,0.0102539,0
926,184022,214,0.00390625,0
927,184447,425,0.0102539,0
928,184659,212,0.00390625,0
929,185084,425,0.0102539,0
930,185298,214,0.00390625,0
931,185723,425,0.0102539,0
932,185936,213,0.00390625,0
933,186361,425,0.0102539,0
934,186572,211,0.00390625,0
935,186997,425,0.0102539,0
936,187207,210,0.00390625,0
937,187632,425,0.0102539,0
938,187842,210,0.00390625,0
939,188042,200,0.00439453,0
940,188119,77,0.00195312,0
941,188191,72,0.00195312,0
942,188263,72,0.00195312,0
943,190466,2203,0.019043,0
944,194677,4211,0.0146484,0
945,194855,178,0.00146484,0
946,194891,36,0.00195312,0
947,194930,39,0.00195312,0
948,194959,29,0.000976562,0
949,195124,165,0.00439453,0
950,195173,49,0.00195312,0
951,195211,38,0.00195312,0
952,195249,38,0.00195312,0
953,195393,144,0.00195312,0
954,195524,131,0.00195312,0
955,195655,131,0.00195312,0
956,195786,131,0.00195312,0
957,195931,145,0.00390625,0
958,196022,91,0.00292969,0
959,196068,46,0.00195312,0
960,196106,38,0.00195312,0
961,196144,38,0.00195312,0
962,196288,144,0.00195312,0
963,196419,131,0.00195312,0
964,196550,131,0.00195312,0
965,196681,131,0.00195312,0
966,196827,146,0.00390625,0
967,196918,91,0.00292969,0
968,196964,46,0.00195312,0
969,197002,38,0.00195312,0
970,197040,38,0.00195312,0
971,197184,144,0.00195312,0
972,197315,131,0.00195312,0
973,197446,131,0.00195312,0
974,197577,131,0.00195312,0
975,197716,139,0.00390625,0
976,197806,90,0.00292969,0
977,197852,46,0.00195312,0
978,197890,38,0.00195312,0
979,197928,38,0.00195312,0
980,198072,144,0.00195312,0
981,198203,131,0.00195312,0
982,198334,131,0.00195312,0
983,198465,131,0.00195312,0
984,198612,147,0.00390625,0
985,198701,89,0.00292969,0
986,198747,46,0.00195312,0
987,198785,38,0.00195312,0
988,198823,38,0.00195312,0
989,198967,144,0.00195312,0
990,199098,131,0.00195312,0
991,199229,131,0.00195312,0
992,199360,131,0.00195312,0
993,199501,141,0.00390625,0
994,199591,90,0.00292969,0
995,199637,46,0.00195312,0
996,199675,38,0.00195312,0
997,199713,38,0.00195312,0
998,199857,144,0.00195312,0
999,199988,131,0.00195312,0
1000,200119,131,0.00195312,0
1001,200250,131,0.00195312,0
1002,200394,144,0.00390625,0
1003,200485,91,0.00292969,0
1004,200531,46,0.00195312,0
1005,200569,38,0.00195312,0
1006,200607,38,0.00195312,0
1007,200751,144,0.00195312,0
1008,200882,131,0.00195312,0
1009,201013,131,0.00195312,0
1010,201144,131,0.00195312,0
1011,201286,142,0.00390625,0
1012,201375,89,0.00292969,0
1013,201421,46,0.00195312,0
1014,201459,38,0.00195312,0
1015,201497,38,0.00195312,0
1016,201641,144,0.00195312,0
1017,201772,131,0.00195312,0
1018,201903,131,0.00195312,0
1019,202034,131,0.00195312,0
1020,202176,142,0.00390625,0
1021,202266,90,0.00292969,0
1022,202312,46,0.00195312,0
1023,202350,38,0.00195312,0
1024,202388,38,0.00195312,0
1025,202532,144,0.00195312,0
1026,202663,131,0.00195312,0
1027,202794,131,0.00195312,0
1028,202925,131,0.00195312,0
1029,203065,140,0.00390625,0
1030,203156,91,0.00292969,0
1031,203202,46,0.00195312,0
1032,203240,38,0.00195312,0
1033,203278,38,0.00195312,0
1034,203422,144,0.00195312,0
1035,203553,131,0.00195312,0
1036,203684,131,0.00195312,0
1037,203815,131,0.00195312,0
1038,203957,142,0.00390625,0
1039,204047,90,0.00292969,0
1040,204093,46,0.00195312,0
1041,204131,38,0.00195312,0
1042,204169,38,0.00195312,0
1043,204313,144,0.00195312,0
1044,204444,131,0.00195312,0
1045,204575,131,0.00195312,0
1046,204706,131,0.00195312,0
1047,204852,146,0.00390625,0
1048,204942,90,0.00292969,0
1049,204988,46,0.00195312,0
1050,205026,38,0.00195312,0
1051,205064,38,0.00195312,0
1052,205208,144,0.00195312,0
1053,205339,131,0.00195312,0
1054,205470,131,0.00195312,0
1055,205601,131,0.00195312,0
1056,205739,138,0.00390625,0
1057,205827,88,0.00292969,0
1058,205873,46,0.00195312,0
1059,205911,38,0.00195312,0
1060,205949,38,0.00195312,0
1061,206093,144,0.00195312,0
1062,206224,131,0.00195312,0
1063,206355,131,0.00195312,0
1064,206486,131,0.00195312,0
1065,206627,141,0.00390625,0
1066,206718,91,0.00292969,0
1067,206764,46,0.00195312,0
1068,206802,38,0.00195312,0
1069,206840,38,0.00195312,0
1070,208074,1234,0.0185547,0
1071,212238,4164,0.015625,0
1072,212430,192,0.00146484,0
1073,212466,36,0.00195312,0
1074,212503,37,0.00195312,0
1075,212601,98,0.00146484,0
1076,213035,434,0.0102539,0
1077,213244,209,0.00390625,0
1078,213661,417,0.0102539,0
1079,213872,211,0.00390625,0
1080,214289,417,0.0102539,0
1081,214500,211,0.00390625,0
1082,214917,417,0.0102539,0
1083,215128,211,0.00390625,0
1084,215545,417,0.0102539,0
1085,215755,210,0.00390625,0
1086,216172,417,0.0102539,0
1087,216379,207,0.00390625,0
1088,216796,417,0.0102539,0
1089,217005,209,0.00390625,0
1090,217422,417,0.0102539,0
1091,217632,210,0.00390625,0
1092,218049,417,0.0102539,0
1093,218258,209,0.00390625,0
1094,218675,417,0.0102539,0
1095,218887,212,0.00390625,0
1096,219304,417,0.0102539,0
1097,219514,210,0.00390625,0
1098,219931,417,0.0102539,0
1099,220141,210,0.00390625,0
1100,220558,417,0.0102539,0
1101,220764,206,0.00390625,0
