checkpoints,cycle count,last checkpoint,dirty ratio,cause
1,557,557,0.222656,0
2,9289,8732,0.460938,0
3,11388,2099,0.632812,0
4,12121,733,0.0429688,0
5,12381,260,0.0703125,0
6,12642,261,0.0703125,0
7,12768,126,0.0351562,0
8,12952,184,0.0390625,0
9,13278,326,0.0898438,0
10,14104,826,0.234375,0
11,14645,541,0.152344,0
12,14755,110,0.015625,0
13,14844,89,0.03125,0
14,15081,237,0.0703125,0
15,15481,400,0.109375,0
16,15704,223,0.0546875,0
17,15914,210,0.0703125,0
18,16174,260,0.0742188,0
19,16602,428,0.125,0
20,16758,156,0.0351562,0
21,17485,727,0.199219,0
22,18073,588,0.164062,0
23,18453,380,0.113281,0
24,18553,100,0.0273438,0
25,19452,899,0.269531,0
26,19572,120,0.0117188,0
27,20192,620,0.1875,0
28,20844,652,0.164062,0
29,21142,298,0.0820312,0
30,21454,312,0.117188,0
31,88543,67089,0.484375,0
32,95354,6811,0.417969,0
33,108315,12961,0.316406,0
34,123791,15476,0.621094,0
35,126315,2524,0.683594,0
36,144558,18243,0.316406,0
37,160040,15482,0.621094,0
38,162663,2623,0.6875,0
39,180932,18269,0.316406,0
40,196410,15478,0.621094,0
41,197623,1213,0.167969,0
42,198719,1096,0.0546875,0
43,206784,8065,0.0859375,0
44,207276,492,0.0546875,0
45,207719,443,0.0546875,0
46,208595,876,0.0664062,0
47,209365,770,0.0664062,0
48,210962,1597,0.0703125,0
49,211650,688,0.0703125,0
50,218872,7222,0.0859375,0
51,219371,499,0.0546875,0
52,219941,570,0.0664062,0
53,220377,436,0.0585938,0
54,221133,756,0.0664062,0
55,223511,2378,0.0820312,0
56,230144,6633,0.160156,0
57,230947,803,0.0546875,0
58,239007,8060,0.0859375,0
59,239499,492,0.0546875,0
60,239941,442,0.0546875,0
61,240817,876,0.0664062,0
62,241586,769,0.0664062,0
63,243183,1597,0.0703125,0
64,243871,688,0.0703125,0
65,251093,7222,0.0859375,0
66,251592,499,0.0546875,0
67,252162,570,0.0664062,0
68,252598,436,0.0585938,0
69,253354,756,0.0664062,0
70,255732,2378,0.0820312,0
71,267360,11628,0.253906,0
72,268492,1132,0.0546875,0
73,276554,8062,0.0859375,0
74,277046,492,0.0546875,0
75,277488,442,0.0546875,0
76,278364,876,0.0664062,0
77,279134,770,0.0664062,0
78,280731,1597,0.0703125,0
79,281419,688,0.0703125,0
80,288641,7222,0.0859375,0
81,289140,499,0.0546875,0
82,289710,570,0.0664062,0
83,290146,436,0.0585938,0
84,290902,756,0.0664062,0
85,293280,2378,0.0820312,0
86,299723,6443,0.101562,0
87,300511,788,0.0546875,0
88,308575,8064,0.0859375,0
89,309067,492,0.0546875,0
90,309510,443,0.0546875,0
91,310386,876,0.0664062,0
92,311156,770,0.0664062,0
93,312753,1597,0.0703125,0
94,313441,688,0.0703125,0
95,320663,7222,0.0859375,0
96,321162,499,0.0546875,0
97,321732,570,0.0664062,0
98,322168,436,0.0585938,0
99,322924,756,0.0664062,0
100,325302,2378,0.0820312,0
101,336675,11373,0.183594,0
102,337775,1100,0.0546875,0
103,345839,8064,0.0859375,0
104,346331,492,0.0546875,0
105,346774,443,0.0546875,0
106,347650,876,0.0664062,0
107,348420,770,0.0664062,0
108,350017,1597,0.0703125,0
109,350705,688,0.0703125,0
110,357927,7222,0.0859375,0
111,358426,499,0.0546875,0
112,358996,570,0.0664062,0
113,359432,436,0.0585938,0
114,360188,756,0.0664062,0
115,362566,2378,0.0820312,0
116,369199,6633,0.160156,0
117,370002,803,0.0546875,0
118,378062,8060,0.0859375,0
119,378554,492,0.0546875,0
120,378996,442,0.0546875,0
121,379872,876,0.0664062,0
122,380641,769,0.0664062,0
123,382238,1597,0.0703125,0
124,382926,688,0.0703125,0
125,390148,7222,0.0859375,0
126,390647,499,0.0546875,0
127,391217,570,0.0664062,0
128,391653,436,0.0585938,0
129,392409,756,0.0664062,0
130,394787,2378,0.0820312,0
131,407699,12912,0.25,0
132,414660,6961,0.671875,0
133,428127,13467,0.316406,0
134,443609,15482,0.621094,0
135,444920,1311,0.175781,0
136,446030,1110,0.0546875,0
137,454095,8065,0.0859375,0
138,454587,492,0.0546875,0
139,455030,443,0.0546875,0
140,455906,876,0.0664062,0
141,456676,770,0.0664062,0
142,458273,1597,0.0703125,0
143,458961,688,0.0703125,0
144,466183,7222,0.0859375,0
145,466682,499,0.0546875,0
146,467252,570,0.0664062,0
147,467688,436,0.0585938,0
148,468444,756,0.0664062,0
149,470822,2378,0.0820312,0
150,477265,6443,0.101562,0
151,478053,788,0.0546875,0
152,486117,8064,0.0859375,0
153,486609,492,0.0546875,0
154,487052,443,0.0546875,0
155,487928,876,0.0664062,0
156,488698,770,0.0664062,0
157,490295,1597,0.0703125,0
158,490983,688,0.0703125,0
159,498205,7222,0.0859375,0
160,498704,499,0.0546875,0
161,499274,570,0.0664062,0
162,499710,436,0.0585938,0
163,500466,756,0.0664062,0
164,502844,2378,0.0820312,0
165,525387,22543,0.269531,0
166,624535,99148,0.324219,0
167,690427,65892,0.257812,0
168,692243,1816,0.4375,0
169,698501,6258,0.3125,0
170,711377,12876,0.316406,0
171,726853,15476,0.621094,0
172,729371,2518,0.679688,0
173,747611,18240,0.316406,0
174,763092,15481,0.621094,0
175,765711,2619,0.6875,0
176,783980,18269,0.316406,0
177,799461,15481,0.621094,0
178,800674,1213,0.167969,0
179,801770,1096,0.0546875,0
180,809835,8065,0.0859375,0
181,810327,492,0.0546875,0
182,810770,443,0.0546875,0
183,811646,876,0.0664062,0
184,812416,770,0.0664062,0
185,814013,1597,0.0703125,0
186,814701,688,0.0703125,0
187,821923,7222,0.0859375,0
188,822422,499,0.0546875,0
189,822992,570,0.0664062,0
190,823428,436,0.0585938,0
191,824184,756,0.0664062,0
192,826562,2378,0.0820312,0
193,833195,6633,0.160156,0
194,833998,803,0.0546875,0
195,842058,8060,0.0859375,0
196,842550,492,0.0546875,0
197,842992,442,0.0546875,0
198,843868,876,0.0664062,0
199,844637,769,0.0664062,0
200,846234,1597,0.0703125,0
201,846922,688,0.0703125,0
202,854144,7222,0.0859375,0
203,854643,499,0.0546875,0
204,855213,570,0.0664062,0
205,855649,436,0.0585938,0
206,856405,756,0.0664062,0
207,858783,2378,0.0820312,0
208,870404,11621,0.25,0
209,871533,1129,0.0546875,0
210,879595,8062,0.0859375,0
211,880087,492,0.0546875,0
212,880529,442,0.0546875,0
213,881405,876,0.0664062,0
214,882175,770,0.0664062,0
215,883772,1597,0.0703125,0
216,884460,688,0.0703125,0
217,891682,7222,0.0859375,0
218,892181,499,0.0546875,0
219,892751,570,0.0664062,0
220,893187,436,0.0585938,0
221,893943,756,0.0664062,0
222,896321,2378,0.0820312,0
223,902764,6443,0.101562,0
224,903552,788,0.0546875,0
225,911616,8064,0.0859375,0
226,912108,492,0.0546875,0
227,912551,443,0.0546875,0
228,913427,876,0.0664062,0
229,914197,770,0.0664062,0
230,915794,1597,0.0703125,0
231,916482,688,0.0703125,0
232,923704,7222,0.0859375,0
233,924203,499,0.0546875,0
234,924773,570,0.0664062,0
235,925209,436,0.0585938,0
236,925965,756,0.0664062,0
237,928343,2378,0.0820312,0
238,939723,11380,0.183594,0
239,940823,1100,0.0546875,0
240,948887,8064,0.0859375,0
241,949379,492,0.0546875,0
242,949822,443,0.0546875,0
243,950698,876,0.0664062,0
244,951468,770,0.0664062,0
245,953065,1597,0.0703125,0
246,953753,688,0.0703125,0
247,960975,7222,0.0859375,0
248,961474,499,0.0546875,0
249,962044,570,0.0664062,0
250,962480,436,0.0585938,0
251,963236,756,0.0664062,0
252,965614,2378,0.0820312,0
253,972247,6633,0.160156,0
254,973050,803,0.0546875,0
255,981110,8060,0.0859375,0
256,981602,492,0.0546875,0
257,982044,442,0.0546875,0
258,982920,876,0.0664062,0
259,983689,769,0.0664062,0
260,985286,1597,0.0703125,0
261,985974,688,0.0703125,0
262,993196,7222,0.0859375,0
263,993695,499,0.0546875,0
264,994265,570,0.0664062,0
265,994701,436,0.0585938,0
266,995457,756,0.0664062,0
267,997835,2378,0.0820312,0
268,1010752,12917,0.25,0
269,1017713,6961,0.671875,0
270,1031180,13467,0.316406,0
271,1046661,15481,0.621094,0
272,1047974,1313,0.175781,0
273,1049084,1110,0.0546875,0
274,1057149,8065,0.0859375,0
275,1057641,492,0.0546875,0
276,1058084,443,0.0546875,0
277,1058960,876,0.0664062,0
278,1059730,770,0.0664062,0
279,1061327,1597,0.0703125,0
280,1062015,688,0.0703125,0
281,1069237,7222,0.0859375,0
282,1069736,499,0.0546875,0
283,1070306,570,0.0664062,0
284,1070742,436,0.0585938,0
285,1071498,756,0.0664062,0
286,1073876,2378,0.0820312,0
287,1080319,6443,0.101562,0
288,1081107,788,0.0546875,0
289,1089171,8064,0.0859375,0
290,1089663,492,0.0546875,0
291,1090106,443,0.0546875,0
292,1090982,876,0.0664062,0
293,1091752,770,0.0664062,0
294,1093349,1597,0.0703125,0
295,1094037,688,0.0703125,0
296,1101259,7222,0.0859375,0
297,1101758,499,0.0546875,0
298,1102328,570,0.0664062,0
299,1102764,436,0.0585938,0
300,1103520,756,0.0664062,0
301,1105898,2378,0.0820312,0
302,1128598,22700,0.269531,0
303,1293480,164882,0.363281,0
304,1300623,7143,0.660156,0
305,1314060,13437,0.316406,0
306,1329533,15473,0.621094,0
307,1332050,2517,0.679688,0
308,1350290,18240,0.316406,0
309,1365772,15482,0.621094,0
310,1368393,2621,0.6875,0
311,1386662,18269,0.316406,0
312,1402136,15474,0.621094,0
313,1403355,1219,0.167969,0
314,1404451,1096,0.0546875,0
315,1412516,8065,0.0859375,0
316,1413008,492,0.0546875,0
317,1413451,443,0.0546875,0
318,1414327,876,0.0664062,0
319,1415097,770,0.0664062,0
320,1416694,1597,0.0703125,0
321,1417382,688,0.0703125,0
322,1424604,7222,0.0859375,0
323,1425103,499,0.0546875,0
324,1425673,570,0.0664062,0
325,1426109,436,0.0585938,0
326,1426865,756,0.0664062,0
327,1429243,2378,0.0820312,0
328,1435876,6633,0.160156,0
329,1436679,803,0.0546875,0
330,1444739,8060,0.0859375,0
331,1445231,492,0.0546875,0
332,1445673,442,0.0546875,0
333,1446549,876,0.0664062,0
334,1447318,769,0.0664062,0
335,1448915,1597,0.0703125,0
336,1449603,688,0.0703125,0
337,1456825,7222,0.0859375,0
338,1457324,499,0.0546875,0
339,1457894,570,0.0664062,0
340,1458330,436,0.0585938,0
341,1459086,756,0.0664062,0
342,1461464,2378,0.0820312,0
343,1473085,11621,0.25,0
344,1474214,1129,0.0546875,0
345,1482276,8062,0.0859375,0
346,1482768,492,0.0546875,0
347,1483210,442,0.0546875,0
348,1484086,876,0.0664062,0
349,1484856,770,0.0664062,0
350,1486453,1597,0.0703125,0
351,1487141,688,0.0703125,0
352,1494363,7222,0.0859375,0
353,1494862,499,0.0546875,0
354,1495432,570,0.0664062,0
355,1495868,436,0.0585938,0
356,1496624,756,0.0664062,0
357,1499002,2378,0.0820312,0
358,1505445,6443,0.101562,0
359,1506233,788,0.0546875,0
360,1514297,8064,0.0859375,0
361,1514789,492,0.0546875,0
362,1515232,443,0.0546875,0
363,1516108,876,0.0664062,0
364,1516878,770,0.0664062,0
365,1518475,1597,0.0703125,0
366,1519163,688,0.0703125,0
367,1526385,7222,0.0859375,0
368,1526884,499,0.0546875,0
369,1527454,570,0.0664062,0
370,1527890,436,0.0585938,0
371,1528646,756,0.0664062,0
372,1531024,2378,0.0820312,0
373,1542380,11356,0.183594,0
374,1543480,1100,0.0546875,0
375,1551544,8064,0.0859375,0
376,1552036,492,0.0546875,0
377,1552479,443,0.0546875,0
378,1553355,876,0.0664062,0
379,1554125,770,0.0664062,0
380,1555722,1597,0.0703125,0
381,1556410,688,0.0703125,0
382,1563632,7222,0.0859375,0
383,1564131,499,0.0546875,0
384,1564701,570,0.0664062,0
385,1565137,436,0.0585938,0
386,1565893,756,0.0664062,0
387,1568271,2378,0.0820312,0
388,1574904,6633,0.160156,0
389,1575707,803,0.0546875,0
390,1583767,8060,0.0859375,0
391,1584259,492,0.0546875,0
392,1584701,442,0.0546875,0
393,1585577,876,0.0664062,0
394,1586346,769,0.0664062,0
395,1587943,1597,0.0703125,0
396,1588631,688,0.0703125,0
397,1595853,7222,0.0859375,0
398,1596352,499,0.0546875,0
399,1596922,570,0.0664062,0
400,1597358,436,0.0585938,0
401,1598114,756,0.0664062,0
402,1600492,2378,0.0820312,0
403,1613438,12946,0.25,0
404,1620399,6961,0.671875,0
405,1633866,13467,0.316406,0
406,1649348,15482,0.621094,0
407,1650661,1313,0.175781,0
408,1651771,1110,0.0546875,0
409,1659836,8065,0.0859375,0
410,1660328,492,0.0546875,0
411,1660771,443,0.0546875,0
412,1661647,876,0.0664062,0
413,1662417,770,0.0664062,0
414,1664014,1597,0.0703125,0
415,1664702,688,0.0703125,0
416,1671924,7222,0.0859375,0
417,1672423,499,0.0546875,0
418,1672993,570,0.0664062,0
419,1673429,436,0.0585938,0
420,1674185,756,0.0664062,0
421,1676563,2378,0.0820312,0
422,1683006,6443,0.101562,0
423,1683794,788,0.0546875,0
424,1691858,8064,0.0859375,0
425,1692350,492,0.0546875,0
426,1692793,443,0.0546875,0
427,1693669,876,0.0664062,0
428,1694439,770,0.0664062,0
429,1696036,1597,0.0703125,0
430,1696724,688,0.0703125,0
431,1703946,7222,0.0859375,0
432,1704445,499,0.0546875,0
433,1705015,570,0.0664062,0
434,1705451,436,0.0585938,0
435,1706207,756,0.0664062,0
436,1708585,2378,0.0820312,0
437,1731159,22574,0.269531,0
438,1895994,164835,0.363281,0
439,1903137,7143,0.660156,0
440,1916574,13437,0.316406,0
441,1932049,15475,0.621094,0
442,1934573,2524,0.679688,0
443,1952813,18240,0.316406,0
444,1968294,15481,0.621094,0
445,1970912,2618,0.6875,0
446,1989181,18269,0.316406,0
447,2004662,15481,0.621094,0
448,2005878,1216,0.167969,0
449,2006974,1096,0.0546875,0
450,2015039,8065,0.0859375,0
451,2015531,492,0.0546875,0
452,2015974,443,0.0546875,0
453,2016850,876,0.0664062,0
454,2017620,770,0.0664062,0
455,2019217,1597,0.0703125,0
456,2019905,688,0.0703125,0
457,2027127,7222,0.0859375,0
458,2027626,499,0.0546875,0
459,2028196,570,0.0664062,0
460,2028632,436,0.0585938,0
461,2029388,756,0.0664062,0
462,2031766,2378,0.0820312,0
463,2038399,6633,0.160156,0
464,2039202,803,0.0546875,0
465,2047262,8060,0.0859375,0
466,2047754,492,0.0546875,0
467,2048196,442,0.0546875,0
468,2049072,876,0.0664062,0
469,2049841,769,0.0664062,0
470,2051438,1597,0.0703125,0
471,2052126,688,0.0703125,0
472,2059348,7222,0.0859375,0
473,2059847,499,0.0546875,0
474,2060417,570,0.0664062,0
475,2060853,436,0.0585938,0
476,2061609,756,0.0664062,0
477,2063987,2378,0.0820312,0
478,2075613,11626,0.25,0
479,2076742,1129,0.0546875,0
480,2084804,8062,0.0859375,0
481,2085296,492,0.0546875,0
482,2085738,442,0.0546875,0
483,2086614,876,0.0664062,0
484,2087384,770,0.0664062,0
485,2088981,1597,0.0703125,0
486,2089669,688,0.0703125,0
487,2096891,7222,0.0859375,0
488,2097390,499,0.0546875,0
489,2097960,570,0.0664062,0
490,2098396,436,0.0585938,0
491,2099152,756,0.0664062,0
492,2101530,2378,0.0820312,0
493,2107973,6443,0.101562,0
494,2108761,788,0.0546875,0
495,2116825,8064,0.0859375,0
496,2117317,492,0.0546875,0
497,2117760,443,0.0546875,0
498,2118636,876,0.0664062,0
499,2119406,770,0.0664062,0
500,2121003,1597,0.0703125,0
501,2121691,688,0.0703125,0
502,2128913,7222,0.0859375,0
503,2129412,499,0.0546875,0
504,2129982,570,0.0664062,0
505,2130418,436,0.0585938,0
506,2131174,756,0.0664062,0
507,2133552,2378,0.0820312,0
508,2144929,11377,0.183594,0
509,2146029,1100,0.0546875,0
510,2154093,8064,0.0859375,0
511,2154585,492,0.0546875,0
512,2155028,443,0.0546875,0
513,2155904,876,0.0664062,0
514,2156674,770,0.0664062,0
515,2158271,1597,0.0703125,0
516,2158959,688,0.0703125,0
517,2166181,7222,0.0859375,0
518,2166680,499,0.0546875,0
519,2167250,570,0.0664062,0
520,2167686,436,0.0585938,0
521,2168442,756,0.0664062,0
522,2170820,2378,0.0820312,0
523,2177453,6633,0.160156,0
524,2178256,803,0.0546875,0
525,2186316,8060,0.0859375,0
526,2186808,492,0.0546875,0
527,2187250,442,0.0546875,0
528,2188126,876,0.0664062,0
529,2188895,769,0.0664062,0
530,2190492,1597,0.0703125,0
531,2191180,688,0.0703125,0
532,2198402,7222,0.0859375,0
533,2198901,499,0.0546875,0
534,2199471,570,0.0664062,0
535,2199907,436,0.0585938,0
536,2200663,756,0.0664062,0
537,2203041,2378,0.0820312,0
538,2215961,12920,0.25,0
539,2222922,6961,0.671875,0
540,2236389,13467,0.316406,0
541,2251875,15486,0.621094,0
542,2253189,1314,0.175781,0
543,2254299,1110,0.0546875,0
544,2262364,8065,0.0859375,0
545,2262856,492,0.0546875,0
546,2263299,443,0.0546875,0
547,2264175,876,0.0664062,0
548,2264945,770,0.0664062,0
549,2266542,1597,0.0703125,0
550,2267230,688,0.0703125,0
551,2274452,7222,0.0859375,0
552,2274951,499,0.0546875,0
553,2275521,570,0.0664062,0
554,2275957,436,0.0585938,0
555,2276713,756,0.0664062,0
556,2279091,2378,0.0820312,0
557,2285534,6443,0.101562,0
558,2286322,788,0.0546875,0
559,2294386,8064,0.0859375,0
560,2294878,492,0.0546875,0
561,2295321,443,0.0546875,0
562,2296197,876,0.0664062,0
563,2296967,770,0.0664062,0
564,2298564,1597,0.0703125,0
565,2299252,688,0.0703125,0
566,2306474,7222,0.0859375,0
567,2306973,499,0.0546875,0
568,2307543,570,0.0664062,0
569,2307979,436,0.0585938,0
570,2308735,756,0.0664062,0
571,2311113,2378,0.0820312,0
572,2333673,22560,0.269531,0
573,2498456,164783,0.363281,0
574,2505599,7143,0.660156,0
575,2519036,13437,0.316406,0
576,2534510,15474,0.621094,0
577,2537030,2520,0.679688,0
578,2555270,18240,0.316406,0
579,2570752,15482,0.621094,0
580,2573374,2622,0.6875,0
581,2591643,18269,0.316406,0
582,2607118,15475,0.621094,0
583,2608331,1213,0.167969,0
584,2609427,1096,0.0546875,0
585,2617492,8065,0.0859375,0
586,2617984,492,0.0546875,0
587,2618427,443,0.0546875,0
588,2619303,876,0.0664062,0
589,2620073,770,0.0664062,0
590,2621670,1597,0.0703125,0
591,2622358,688,0.0703125,0
592,2629580,7222,0.0859375,0
593,2630079,499,0.0546875,0
594,2630649,570,0.0664062,0
595,2631085,436,0.0585938,0
596,2631841,756,0.0664062,0
597,2634219,2378,0.0820312,0
598,2640852,6633,0.160156,0
599,2641655,803,0.0546875,0
600,2649715,8060,0.0859375,0
601,2650207,492,0.0546875,0
602,2650649,442,0.0546875,0
603,2651525,876,0.0664062,0
604,2652294,769,0.0664062,0
605,2653891,1597,0.0703125,0
606,2654579,688,0.0703125,0
607,2661801,7222,0.0859375,0
608,2662300,499,0.0546875,0
609,2662870,570,0.0664062,0
610,2663306,436,0.0585938,0
611,2664062,756,0.0664062,0
612,2666440,2378,0.0820312,0
613,2678056,11616,0.25,0
614,2679185,1129,0.0546875,0
615,2687247,8062,0.0859375,0
616,2687739,492,0.0546875,0
617,2688181,442,0.0546875,0
618,2689057,876,0.0664062,0
619,2689827,770,0.0664062,0
620,2691424,1597,0.0703125,0
621,2692112,688,0.0703125,0
622,2699334,7222,0.0859375,0
623,2699833,499,0.0546875,0
624,2700403,570,0.0664062,0
625,2700839,436,0.0585938,0
626,2701595,756,0.0664062,0
627,2703973,2378,0.0820312,0
628,2710416,6443,0.101562,0
629,2711204,788,0.0546875,0
630,2719268,8064,0.0859375,0
631,2719760,492,0.0546875,0
632,2720203,443,0.0546875,0
633,2721079,876,0.0664062,0
634,2721849,770,0.0664062,0
635,2723446,1597,0.0703125,0
636,2724134,688,0.0703125,0
637,2731356,7222,0.0859375,0
638,2731855,499,0.0546875,0
639,2732425,570,0.0664062,0
640,2732861,436,0.0585938,0
641,2733617,756,0.0664062,0
642,2735995,2378,0.0820312,0
643,2747344,11349,0.183594,0
644,2748444,1100,0.0546875,0
645,2756508,8064,0.0859375,0
646,2757000,492,0.0546875,0
647,2757443,443,0.0546875,0
648,2758319,876,0.0664062,0
649,2759089,770,0.0664062,0
650,2760686,1597,0.0703125,0
651,2761374,688,0.0703125,0
652,2768596,7222,0.0859375,0
653,2769095,499,0.0546875,0
654,2769665,570,0.0664062,0
655,2770101,436,0.0585938,0
656,2770857,756,0.0664062,0
657,2773235,2378,0.0820312,0
658,2779868,6633,0.160156,0
659,2780671,803,0.0546875,0
660,2788731,8060,0.0859375,0
661,2789223,492,0.0546875,0
662,2789665,442,0.0546875,0
663,2790541,876,0.0664062,0
664,2791310,769,0.0664062,0
665,2792907,1597,0.0703125,0
666,2793595,688,0.0703125,0
667,2800817,7222,0.0859375,0
668,2801316,499,0.0546875,0
669,2801886,570,0.0664062,0
670,2802322,436,0.0585938,0
671,2803078,756,0.0664062,0
672,2805456,2378,0.0820312,0
673,2818410,12954,0.25,0
674,2825371,6961,0.671875,0
675,2838838,13467,0.316406,0
676,2854317,15479,0.621094,0
677,2855630,1313,0.175781,0
678,2856740,1110,0.0546875,0
679,2864805,8065,0.0859375,0
680,2865297,492,0.0546875,0
681,2865740,443,0.0546875,0
682,2866616,876,0.0664062,0
683,2867386,770,0.0664062,0
684,2868983,1597,0.0703125,0
685,2869671,688,0.0703125,0
686,2876893,7222,0.0859375,0
687,2877392,499,0.0546875,0
688,2877962,570,0.0664062,0
689,2878398,436,0.0585938,0
690,2879154,756,0.0664062,0
691,2881532,2378,0.0820312,0
692,2887975,6443,0.101562,0
693,2888763,788,0.0546875,0
694,2896827,8064,0.0859375,0
695,2897319,492,0.0546875,0
696,2897762,443,0.0546875,0
697,2898638,876,0.0664062,0
698,2899408,770,0.0664062,0
699,2901005,1597,0.0703125,0
700,2901693,688,0.0703125,0
701,2908915,7222,0.0859375,0
702,2909414,499,0.0546875,0
703,2909984,570,0.0664062,0
704,2910420,436,0.0585938,0
705,2911176,756,0.0664062,0
706,2913554,2378,0.0820312,0
707,2936365,22811,0.269531,0
708,3036141,99776,0.335938,0
709,3049158,13017,0.191406,0
710,3049690,532,0.136719,0
711,3050961,1271,0.0859375,0
712,3051788,827,0.234375,0
713,3053262,1474,0.0898438,0
714,3054183,921,0.171875,0
715,3054640,457,0.117188,0
716,3055909,1269,0.0859375,0
717,3056465,556,0.125,0
718,3057321,856,0.0078125,0
719,3057730,409,0.0078125,0
720,3058139,409,0.0078125,0
721,3058548,409,0.0078125,0
722,3058957,409,0.0078125,0
723,3059366,409,0.0078125,0
724,3059775,409,0.0078125,0
725,3060184,409,0.0078125,0
726,3060593,409,0.0078125,0
727,3061002,409,0.0078125,0
728,3061411,409,0.0078125,0
729,3061820,409,0.0078125,0
730,3062229,409,0.0078125,0
731,3062638,409,0.0078125,0
732,3063047,409,0.0078125,0
733,3063456,409,0.0078125,0
734,3063865,409,0.0078125,0
735,3064274,409,0.0078125,0
736,3064683,409,0.0078125,0
737,3065092,409,0.0078125,0
738,3065501,409,0.0078125,0
739,3065910,409,0.0078125,0
740,3066319,409,0.0078125,0
741,3066728,409,0.0078125,0
742,3067137,409,0.0078125,0
743,3067546,409,0.0078125,0
744,3067955,409,0.0078125,0
745,3068364,409,0.0078125,0
746,3068773,409,0.0078125,0
747,3069182,409,0.0078125,0
748,3069591,409,0.0078125,0
749,3070000,409,0.0078125,0
750,3070408,408,0.0078125,0
751,3070816,408,0.0078125,0
752,3071224,408,0.0078125,0
753,3071633,409,0.0078125,0
754,3072042,409,0.0078125,0
755,3072451,409,0.0078125,0
756,3072860,409,0.0078125,0
757,3073269,409,0.0078125,0
758,3073678,409,0.0078125,0
759,3074087,409,0.0078125,0
760,3074496,409,0.0078125,0
761,3074905,409,0.0078125,0
762,3075314,409,0.0078125,0
763,3075723,409,0.0078125,0
764,3076132,409,0.0078125,0
765,3076541,409,0.0078125,0
766,3076950,409,0.0078125,0
767,3077359,409,0.0078125,0
768,3077768,409,0.0078125,0
769,3078177,409,0.0078125,0
770,3078586,409,0.0078125,0
771,3078995,409,0.0078125,0
772,3079404,409,0.0078125,0
773,3079813,409,0.0078125,0
774,3080222,409,0.0078125,0
775,3080631,409,0.0078125,0
776,3081040,409,0.0078125,0
777,3081449,409,0.0078125,0
778,3081981,532,0.136719,0
779,3083250,1269,0.0859375,0
780,3083900,650,0.21875,0
781,3085252,1352,0.0820312,0
782,3089232,3980,0.230469,0
783,3092615,3383,0.238281,0
784,3092986,371,0.144531,0
785,3094389,1403,0.0898438,0
786,3094938,549,0.15625,0
787,3096256,1318,0.0859375,0
788,3096868,612,0.0820312,0
789,3097491,623,0.128906,0
790,3099134,1643,0.183594,0
791,3099997,863,0.207031,0
792,3101599,1602,0.0976562,0
793,3102840,1241,0.246094,0
794,3104471,1631,0.0976562,0
795,3105672,1201,0.246094,0
796,3107296,1624,0.0976562,0
797,3108503,1207,0.246094,0
798,3110002,1499,0.0898438,0
799,3110970,968,0.152344,0
800,3111425,455,0.0117188,0
801,3112952,1527,0.0742188,0
