checkpoints,cycle count,last checkpoint,dirty ratio,cause
1,216538,216538,0.211914,0
2,253729,37191,0.0317383,0
3,283919,30190,0.0126953,0
4,318884,34965,0.0229492,0
5,349232,30348,0.0200195,0
6,419411,70179,0.117676,0
7,450485,31074,0.0126953,0
8,597529,147044,0.0571289,0
9,791932,194403,0.133301,0
10,828351,36419,0.03125,0
11,858538,30187,0.0126953,0
12,893510,34972,0.0229492,0
13,923858,30348,0.0200195,0
14,994037,70179,0.117676,0
15,1025111,31074,0.0126953,0
16,1172277,147166,0.0566406,0
17,1366686,194409,0.133301,0
18,1403105,36419,0.03125,0
19,1433292,30187,0.0126953,0
20,1468240,34948,0.0229492,0
21,1498588,30348,0.0200195,0
22,1568797,70209,0.117676,0
23,1599871,31074,0.0126953,0
24,1746872,147001,0.0566406,0
25,1941282,194410,0.133301,0
26,1977706,36424,0.03125,0
27,2007893,30187,0.0126953,0
28,2042862,34969,0.0229492,0
29,2073210,30348,0.0200195,0
30,2143398,70188,0.117676,0
31,2174472,31074,0.0126953,0
32,2321412,146940,0.0566406,0
33,2515808,194396,0.133301,0
34,2552222,36414,0.03125,0
35,2582409,30187,0.0126953,0
36,2617350,34941,0.0229492,0
37,2647698,30348,0.0200195,0
38,2717912,70214,0.117676,0
39,2748986,31074,0.0126953,0
40,2909879,160893,0.074707,0
41,2912512,2633,0.0322266,0
42,2958269,45757,0.0351562,0
43,2960948,2679,0.0332031,0
44,2963719,2771,0.0332031,0
45,2966490,2771,0.0332031,0
46,2969252,2762,0.0332031,0
