checkpoints,cycle count,last checkpoint,dirty ratio,cause
1,441,441,0.148438,0
2,9156,8715,0.464844,0
3,11314,2158,0.648438,0
4,11926,612,0.0117188,0
5,12013,87,0.015625,0
6,12103,90,0.015625,0
7,12147,44,0.015625,0
8,12190,43,0.015625,0
9,12274,84,0.015625,0
10,12317,43,0.015625,0
11,12407,90,0.015625,0
12,12451,44,0.015625,0
13,12534,83,0.015625,0
14,12578,44,0.015625,0
15,12667,89,0.015625,0
16,12711,44,0.015625,0
17,12754,43,0.015625,0
18,12845,91,0.015625,0
19,12925,80,0.015625,0
20,12998,73,0.015625,0
21,13079,81,0.015625,0
22,13123,44,0.015625,0
23,13166,43,0.015625,0
24,13243,77,0.015625,0
25,13287,44,0.015625,0
26,13370,83,0.015625,0
27,13414,44,0.015625,0
28,13488,74,0.015625,0
29,13532,44,0.015625,0
30,13613,81,0.015625,0
31,13657,44,0.015625,0
32,13700,43,0.015625,0
33,13777,77,0.015625,0
34,13845,68,0.015625,0
35,13920,75,0.015625,0
36,14003,83,0.015625,0
37,14047,44,0.015625,0
38,14090,43,0.015625,0
39,14167,77,0.015625,0
40,14211,44,0.015625,0
41,14287,76,0.015625,0
42,14331,44,0.015625,0
43,14398,67,0.015625,0
44,14442,44,0.015625,0
45,14516,74,0.015625,0
46,14560,44,0.015625,0
47,14603,43,0.015625,0
48,14680,77,0.015625,0
49,14746,66,0.015625,0
50,14804,58,0.0117188,0
51,14827,23,0.0078125,0
52,14868,41,0.0117188,0
53,14941,73,0.015625,0
54,14984,43,0.015625,0
55,15060,76,0.015625,0
56,15104,44,0.015625,0
57,15187,83,0.015625,0
58,15231,44,0.015625,0
59,15305,74,0.015625,0
60,15349,44,0.015625,0
61,15430,81,0.015625,0
62,15474,44,0.015625,0
63,15517,43,0.015625,0
64,15594,77,0.015625,0
65,15669,75,0.015625,0
66,15744,75,0.015625,0
67,15820,76,0.015625,0
68,15864,44,0.015625,0
69,15906,42,0.015625,0
70,15976,70,0.015625,0
71,16019,43,0.015625,0
72,16088,69,0.015625,0
73,16132,44,0.015625,0
74,16201,69,0.015625,0
75,16245,44,0.015625,0
76,16312,67,0.015625,0
77,16355,43,0.015625,0
78,16396,41,0.015625,0
79,16473,77,0.015625,0
80,16546,73,0.015625,0
81,16612,66,0.015625,0
82,16679,67,0.015625,0
83,16723,44,0.015625,0
84,16766,43,0.015625,0
85,16836,70,0.015625,0
86,16880,44,0.015625,0
87,16949,69,0.015625,0
88,16993,44,0.015625,0
89,17060,67,0.015625,0
90,17104,44,0.015625,0
91,17171,67,0.015625,0
92,17215,44,0.015625,0
93,17257,42,0.015625,0
94,17327,70,0.015625,0
95,17395,68,0.015625,0
96,17470,75,0.015625,0
97,17546,76,0.015625,0
98,17590,44,0.015625,0
99,17633,43,0.015625,0
100,17710,77,0.015625,0
101,17754,44,0.015625,0
102,17830,76,0.015625,0
103,17874,44,0.015625,0
104,17941,67,0.015625,0
105,17985,44,0.015625,0
106,18052,67,0.015625,0
107,18096,44,0.015625,0
108,18138,42,0.015625,0
109,18208,70,0.015625,0
110,18274,66,0.015625,0
111,18340,66,0.015625,0
112,18407,67,0.015625,0
113,18451,44,0.015625,0
114,18494,43,0.015625,0
115,18563,69,0.015625,0
116,18607,44,0.015625,0
117,18683,76,0.015625,0
118,18727,44,0.015625,0
119,18794,67,0.015625,0
120,18838,44,0.015625,0
121,18905,67,0.015625,0
122,18949,44,0.015625,0
123,18992,43,0.015625,0
124,19062,70,0.015625,0
125,19130,68,0.015625,0
126,19198,68,0.015625,0
127,19267,69,0.015625,0
128,19311,44,0.015625,0
129,19354,43,0.015625,0
130,19424,70,0.015625,0
131,19467,43,0.015625,0
132,19536,69,0.015625,0
133,19580,44,0.015625,0
134,19649,69,0.015625,0
135,19693,44,0.015625,0
136,19761,68,0.015625,0
137,19805,44,0.015625,0
138,19848,43,0.015625,0
139,19928,80,0.015625,0
140,20001,73,0.015625,0
141,20067,66,0.015625,0
142,20141,74,0.015625,0
143,20185,44,0.015625,0
144,20228,43,0.015625,0
145,20298,70,0.015625,0
146,20342,44,0.015625,0
147,20418,76,0.015625,0
148,20462,44,0.015625,0
149,20529,67,0.015625,0
150,20573,44,0.015625,0
151,20647,74,0.015625,0
152,20691,44,0.015625,0
153,20734,43,0.015625,0
154,20817,83,0.015625,0
155,20892,75,0.015625,0
156,20974,82,0.015625,0
157,21064,90,0.015625,0
158,21108,44,0.015625,0
159,21151,43,0.015625,0
160,21235,84,0.015625,0
161,21279,44,0.015625,0
162,21360,81,0.015625,0
163,21404,44,0.015625,0
164,21478,74,0.015625,0
165,21522,44,0.015625,0
166,21603,81,0.015625,0
167,21647,44,0.015625,0
168,21690,43,0.015625,0
169,21767,77,0.015625,0
170,21841,74,0.015625,0
171,21954,113,0.0625,0
172,88419,66465,0.285156,0
173,90270,1851,0.496094,0
174,92785,2515,0.128906,0
175,108821,16036,0.316406,0
176,123968,15147,0.320312,0
177,125926,1958,0.34375,0
178,127460,1534,0.546875,0
179,130001,2541,0.136719,0
180,145996,15995,0.316406,0
181,161148,15152,0.320312,0
182,163039,1891,0.316406,0
183,164086,1047,0.347656,0
184,166895,2809,0.363281,0
185,183233,16338,0.316406,0
186,198380,15147,0.320312,0
187,200269,1889,0.316406,0
188,200748,479,0.164062,0
189,201835,1087,0.0546875,0
190,221008,19173,0.0859375,0
191,221511,503,0.0507812,0
192,221967,456,0.0664062,0
193,222454,487,0.0664062,0
194,223303,849,0.0742188,0
195,223680,377,0.046875,0
196,224335,655,0.0546875,0
197,224510,175,0.00390625,0
198,226085,1575,0.078125,0
199,232256,6171,0.148438,0
200,233344,1088,0.0664062,0
201,252514,19170,0.0859375,0
202,253017,503,0.0507812,0
203,253473,456,0.0664062,0
204,253960,487,0.0664062,0
205,254808,848,0.0742188,0
206,255185,377,0.046875,0
207,255840,655,0.0546875,0
208,256015,175,0.00390625,0
209,257590,1575,0.078125,0
210,263727,6137,0.148438,0
211,269231,5504,0.191406,0
212,270341,1110,0.0546875,0
213,289508,19167,0.0859375,0
214,290011,503,0.0507812,0
215,290467,456,0.0664062,0
216,290954,487,0.0664062,0
217,291802,848,0.0742188,0
218,292179,377,0.046875,0
219,292834,655,0.0546875,0
220,293009,175,0.00390625,0
221,294584,1575,0.078125,0
222,300717,6133,0.101562,0
223,301642,925,0.0546875,0
224,320812,19170,0.0859375,0
225,321315,503,0.0507812,0
226,321771,456,0.0664062,0
227,322258,487,0.0664062,0
228,323107,849,0.0742188,0
229,323484,377,0.046875,0
230,324139,655,0.0546875,0
231,324314,175,0.00390625,0
232,325889,1575,0.078125,0
233,337095,11206,0.183594,0
234,338189,1094,0.0546875,0
235,357359,19170,0.0859375,0
236,357862,503,0.0507812,0
237,358318,456,0.0664062,0
238,358805,487,0.0664062,0
239,359654,849,0.0742188,0
240,360031,377,0.046875,0
241,360686,655,0.0546875,0
242,360861,175,0.00390625,0
243,362436,1575,0.078125,0
244,368607,6171,0.148438,0
245,369695,1088,0.0664062,0
246,388865,19170,0.0859375,0
247,389368,503,0.0507812,0
248,389824,456,0.0664062,0
249,390311,487,0.0664062,0
250,391159,848,0.0742188,0
251,391536,377,0.046875,0
252,392191,655,0.0546875,0
253,392366,175,0.00390625,0
254,393941,1575,0.078125,0
255,400078,6137,0.148438,0
256,407212,7134,0.226562,0
257,408788,1576,0.464844,0
258,411493,2705,0.105469,0
259,427234,15741,0.316406,0
260,442386,15152,0.320312,0
261,444331,1945,0.320312,0
262,444857,526,0.167969,0
263,445955,1098,0.0546875,0
264,465128,19173,0.0859375,0
265,465631,503,0.0507812,0
266,466087,456,0.0664062,0
267,466574,487,0.0664062,0
268,467423,849,0.0742188,0
269,467800,377,0.046875,0
270,468455,655,0.0546875,0
271,468630,175,0.00390625,0
272,470205,1575,0.078125,0
273,476338,6133,0.101562,0
274,477263,925,0.0546875,0
275,496433,19170,0.0859375,0
276,496936,503,0.0507812,0
277,497392,456,0.0664062,0
278,497879,487,0.0664062,0
279,498728,849,0.0742188,0
280,499105,377,0.046875,0
281,499760,655,0.0546875,0
282,499935,175,0.00390625,0
283,501510,1575,0.078125,0
284,512834,11324,0.148438,0
285,622905,110071,0.34375,0
286,686399,63494,0.210938,0
287,689605,3206,0.171875,0
288,691253,1648,0.496094,0
289,693768,2515,0.128906,0
290,709804,16036,0.316406,0
291,724951,15147,0.320312,0
292,726903,1952,0.339844,0
293,728434,1531,0.546875,0
294,730975,2541,0.136719,0
295,746970,15995,0.316406,0
296,762122,15152,0.320312,0
297,764008,1886,0.316406,0
298,765055,1047,0.347656,0
299,767864,2809,0.363281,0
300,784202,16338,0.316406,0
301,799349,15147,0.320312,0
302,801241,1892,0.316406,0
303,801720,479,0.164062,0
304,802807,1087,0.0546875,0
305,821980,19173,0.0859375,0
306,822483,503,0.0507812,0
307,822939,456,0.0664062,0
308,823426,487,0.0664062,0
309,824275,849,0.0742188,0
310,824652,377,0.046875,0
311,825307,655,0.0546875,0
312,825482,175,0.00390625,0
313,827057,1575,0.078125,0
314,833228,6171,0.148438,0
315,834316,1088,0.0664062,0
316,853486,19170,0.0859375,0
317,853989,503,0.0507812,0
318,854445,456,0.0664062,0
319,854932,487,0.0664062,0
320,855780,848,0.0742188,0
321,856157,377,0.046875,0
322,856812,655,0.0546875,0
323,856987,175,0.00390625,0
324,858562,1575,0.078125,0
325,864699,6137,0.148438,0
326,870196,5497,0.1875,0
327,871303,1107,0.0546875,0
328,890470,19167,0.0859375,0
329,890973,503,0.0507812,0
330,891429,456,0.0664062,0
331,891916,487,0.0664062,0
332,892764,848,0.0742188,0
333,893141,377,0.046875,0
334,893796,655,0.0546875,0
335,893971,175,0.00390625,0
336,895546,1575,0.078125,0
337,901679,6133,0.101562,0
338,902604,925,0.0546875,0
339,921774,19170,0.0859375,0
340,922277,503,0.0507812,0
341,922733,456,0.0664062,0
342,923220,487,0.0664062,0
343,924069,849,0.0742188,0
344,924446,377,0.046875,0
345,925101,655,0.0546875,0
346,925276,175,0.00390625,0
347,926851,1575,0.078125,0
348,938064,11213,0.183594,0
349,939158,1094,0.0546875,0
350,958328,19170,0.0859375,0
351,958831,503,0.0507812,0
352,959287,456,0.0664062,0
353,959774,487,0.0664062,0
354,960623,849,0.0742188,0
355,961000,377,0.046875,0
356,961655,655,0.0546875,0
357,961830,175,0.00390625,0
358,963405,1575,0.078125,0
359,969576,6171,0.148438,0
360,970664,1088,0.0664062,0
361,989834,19170,0.0859375,0
362,990337,503,0.0507812,0
363,990793,456,0.0664062,0
364,991280,487,0.0664062,0
365,992128,848,0.0742188,0
366,992505,377,0.046875,0
367,993160,655,0.0546875,0
368,993335,175,0.00390625,0
369,994910,1575,0.078125,0
370,1001047,6137,0.148438,0
371,1008186,7139,0.226562,0
372,1009762,1576,0.464844,0
373,1012467,2705,0.105469,0
374,1028208,15741,0.316406,0
375,1043360,15152,0.320312,0
376,1045306,1946,0.320312,0
377,1045832,526,0.167969,0
378,1046930,1098,0.0546875,0
379,1066103,19173,0.0859375,0
380,1066606,503,0.0507812,0
381,1067062,456,0.0664062,0
382,1067549,487,0.0664062,0
383,1068398,849,0.0742188,0
384,1068775,377,0.046875,0
385,1069430,655,0.0546875,0
386,1069605,175,0.00390625,0
387,1071180,1575,0.078125,0
388,1077313,6133,0.101562,0
389,1078238,925,0.0546875,0
390,1097408,19170,0.0859375,0
391,1097911,503,0.0507812,0
392,1098367,456,0.0664062,0
393,1098854,487,0.0664062,0
394,1099703,849,0.0742188,0
395,1100080,377,0.046875,0
396,1100735,655,0.0546875,0
397,1100910,175,0.00390625,0
398,1102485,1575,0.078125,0
399,1113810,11325,0.148438,0
400,1226843,113033,0.34375,0
401,1290325,63482,0.265625,0
402,1292141,1816,0.496094,0
403,1294656,2515,0.128906,0
404,1310692,16036,0.316406,0
405,1325839,15147,0.320312,0
406,1327787,1948,0.339844,0
407,1329318,1531,0.546875,0
408,1331859,2541,0.136719,0
409,1347854,15995,0.316406,0
410,1363006,15152,0.320312,0
411,1364895,1889,0.316406,0
412,1365942,1047,0.347656,0
413,1368751,2809,0.363281,0
414,1385089,16338,0.316406,0
415,1400236,15147,0.320312,0
416,1402127,1891,0.316406,0
417,1402606,479,0.164062,0
418,1403693,1087,0.0546875,0
419,1422866,19173,0.0859375,0
420,1423369,503,0.0507812,0
421,1423825,456,0.0664062,0
422,1424312,487,0.0664062,0
423,1425161,849,0.0742188,0
424,1425538,377,0.046875,0
425,1426193,655,0.0546875,0
426,1426368,175,0.00390625,0
427,1427943,1575,0.078125,0
428,1434114,6171,0.148438,0
429,1435202,1088,0.0664062,0
430,1454372,19170,0.0859375,0
431,1454875,503,0.0507812,0
432,1455331,456,0.0664062,0
433,1455818,487,0.0664062,0
434,1456666,848,0.0742188,0
435,1457043,377,0.046875,0
436,1457698,655,0.0546875,0
437,1457873,175,0.00390625,0
438,1459448,1575,0.078125,0
439,1465585,6137,0.148438,0
440,1471082,5497,0.1875,0
441,1472189,1107,0.0546875,0
442,1491356,19167,0.0859375,0
443,1491859,503,0.0507812,0
444,1492315,456,0.0664062,0
445,1492802,487,0.0664062,0
446,1493650,848,0.0742188,0
447,1494027,377,0.046875,0
448,1494682,655,0.0546875,0
449,1494857,175,0.00390625,0
450,1496432,1575,0.078125,0
451,1502565,6133,0.101562,0
452,1503490,925,0.0546875,0
453,1522660,19170,0.0859375,0
454,1523163,503,0.0507812,0
455,1523619,456,0.0664062,0
456,1524106,487,0.0664062,0
457,1524955,849,0.0742188,0
458,1525332,377,0.046875,0
459,1525987,655,0.0546875,0
460,1526162,175,0.00390625,0
461,1527737,1575,0.078125,0
462,1538926,11189,0.183594,0
463,1540020,1094,0.0546875,0
464,1559190,19170,0.0859375,0
465,1559693,503,0.0507812,0
466,1560149,456,0.0664062,0
467,1560636,487,0.0664062,0
468,1561485,849,0.0742188,0
469,1561862,377,0.046875,0
470,1562517,655,0.0546875,0
471,1562692,175,0.00390625,0
472,1564267,1575,0.078125,0
473,1570438,6171,0.148438,0
474,1571526,1088,0.0664062,0
475,1590696,19170,0.0859375,0
476,1591199,503,0.0507812,0
477,1591655,456,0.0664062,0
478,1592142,487,0.0664062,0
479,1592990,848,0.0742188,0
480,1593367,377,0.046875,0
481,1594022,655,0.0546875,0
482,1594197,175,0.00390625,0
483,1595772,1575,0.078125,0
484,1601909,6137,0.148438,0
485,1609077,7168,0.226562,0
486,1610653,1576,0.464844,0
487,1613358,2705,0.105469,0
488,1629099,15741,0.316406,0
489,1644251,15152,0.320312,0
490,1646196,1945,0.320312,0
491,1646724,528,0.167969,0
492,1647822,1098,0.0546875,0
493,1666995,19173,0.0859375,0
494,1667498,503,0.0507812,0
495,1667954,456,0.0664062,0
496,1668441,487,0.0664062,0
497,1669290,849,0.0742188,0
498,1669667,377,0.046875,0
499,1670322,655,0.0546875,0
500,1670497,175,0.00390625,0
501,1672072,1575,0.078125,0
502,1678205,6133,0.101562,0
503,1679130,925,0.0546875,0
504,1698300,19170,0.0859375,0
505,1698803,503,0.0507812,0
506,1699259,456,0.0664062,0
507,1699746,487,0.0664062,0
508,1700595,849,0.0742188,0
509,1700972,377,0.046875,0
510,1701627,655,0.0546875,0
511,1701802,175,0.00390625,0
512,1703377,1575,0.078125,0
513,1714695,11318,0.148438,0
514,1827570,112875,0.34375,0
515,1891044,63474,0.265625,0
516,1892860,1816,0.496094,0
517,1895375,2515,0.128906,0
518,1911411,16036,0.316406,0
519,1926558,15147,0.320312,0
520,1928515,1957,0.339844,0
521,1930046,1531,0.546875,0
522,1932587,2541,0.136719,0
523,1948582,15995,0.316406,0
524,1963734,15152,0.320312,0
525,1965619,1885,0.316406,0
526,1966666,1047,0.347656,0
527,1969475,2809,0.363281,0
528,1985813,16338,0.316406,0
529,2000960,15147,0.320312,0
530,2002855,1895,0.316406,0
531,2003334,479,0.164062,0
532,2004421,1087,0.0546875,0
533,2023594,19173,0.0859375,0
534,2024097,503,0.0507812,0
535,2024553,456,0.0664062,0
536,2025040,487,0.0664062,0
537,2025889,849,0.0742188,0
538,2026266,377,0.046875,0
539,2026921,655,0.0546875,0
540,2027096,175,0.00390625,0
541,2028671,1575,0.078125,0
542,2034842,6171,0.148438,0
543,2035930,1088,0.0664062,0
544,2055100,19170,0.0859375,0
545,2055603,503,0.0507812,0
546,2056059,456,0.0664062,0
547,2056546,487,0.0664062,0
548,2057394,848,0.0742188,0
549,2057771,377,0.046875,0
550,2058426,655,0.0546875,0
551,2058601,175,0.00390625,0
552,2060176,1575,0.078125,0
553,2066313,6137,0.148438,0
554,2071815,5502,0.1875,0
555,2072922,1107,0.0546875,0
556,2092089,19167,0.0859375,0
557,2092592,503,0.0507812,0
558,2093048,456,0.0664062,0
559,2093535,487,0.0664062,0
560,2094383,848,0.0742188,0
561,2094760,377,0.046875,0
562,2095415,655,0.0546875,0
563,2095590,175,0.00390625,0
564,2097165,1575,0.078125,0
565,2103298,6133,0.101562,0
566,2104223,925,0.0546875,0
567,2123393,19170,0.0859375,0
568,2123896,503,0.0507812,0
569,2124352,456,0.0664062,0
570,2124839,487,0.0664062,0
571,2125688,849,0.0742188,0
572,2126065,377,0.046875,0
573,2126720,655,0.0546875,0
574,2126895,175,0.00390625,0
575,2128470,1575,0.078125,0
576,2139680,11210,0.183594,0
577,2140774,1094,0.0546875,0
578,2159944,19170,0.0859375,0
579,2160447,503,0.0507812,0
580,2160903,456,0.0664062,0
581,2161390,487,0.0664062,0
582,2162239,849,0.0742188,0
583,2162616,377,0.046875,0
584,2163271,655,0.0546875,0
585,2163446,175,0.00390625,0
586,2165021,1575,0.078125,0
587,2171192,6171,0.148438,0
588,2172280,1088,0.0664062,0
589,2191450,19170,0.0859375,0
590,2191953,503,0.0507812,0
591,2192409,456,0.0664062,0
592,2192896,487,0.0664062,0
593,2193744,848,0.0742188,0
594,2194121,377,0.046875,0
595,2194776,655,0.0546875,0
596,2194951,175,0.00390625,0
597,2196526,1575,0.078125,0
598,2202663,6137,0.148438,0
599,2209805,7142,0.226562,0
600,2211381,1576,0.464844,0
601,2214086,2705,0.105469,0
602,2229827,15741,0.316406,0
603,2244979,15152,0.320312,0
604,2246931,1952,0.320312,0
605,2247457,526,0.167969,0
606,2248555,1098,0.0546875,0
607,2267728,19173,0.0859375,0
608,2268231,503,0.0507812,0
609,2268687,456,0.0664062,0
610,2269174,487,0.0664062,0
611,2270023,849,0.0742188,0
612,2270400,377,0.046875,0
613,2271055,655,0.0546875,0
614,2271230,175,0.00390625,0
615,2272805,1575,0.078125,0
616,2278938,6133,0.101562,0
617,2279863,925,0.0546875,0
618,2299033,19170,0.0859375,0
619,2299536,503,0.0507812,0
620,2299992,456,0.0664062,0
621,2300479,487,0.0664062,0
622,2301328,849,0.0742188,0
623,2301705,377,0.046875,0
624,2302360,655,0.0546875,0
625,2302535,175,0.00390625,0
626,2304110,1575,0.078125,0
627,2315436,11326,0.148438,0
628,2428242,112806,0.34375,0
629,2491711,63469,0.265625,0
630,2493527,1816,0.496094,0
631,2496042,2515,0.128906,0
632,2512078,16036,0.316406,0
633,2527225,15147,0.320312,0
634,2529177,1952,0.339844,0
635,2530708,1531,0.546875,0
636,2533249,2541,0.136719,0
637,2549244,15995,0.316406,0
638,2564396,15152,0.320312,0
639,2566284,1888,0.316406,0
640,2567333,1049,0.347656,0
641,2570142,2809,0.363281,0
642,2586480,16338,0.316406,0
643,2601627,15147,0.320312,0
644,2603513,1886,0.316406,0
645,2603992,479,0.164062,0
646,2605079,1087,0.0546875,0
647,2624252,19173,0.0859375,0
648,2624755,503,0.0507812,0
649,2625211,456,0.0664062,0
650,2625698,487,0.0664062,0
651,2626547,849,0.0742188,0
652,2626924,377,0.046875,0
653,2627579,655,0.0546875,0
654,2627754,175,0.00390625,0
655,2629329,1575,0.078125,0
656,2635500,6171,0.148438,0
657,2636588,1088,0.0664062,0
658,2655758,19170,0.0859375,0
659,2656261,503,0.0507812,0
660,2656717,456,0.0664062,0
661,2657204,487,0.0664062,0
662,2658052,848,0.0742188,0
663,2658429,377,0.046875,0
664,2659084,655,0.0546875,0
665,2659259,175,0.00390625,0
666,2660834,1575,0.078125,0
667,2666971,6137,0.148438,0
668,2672463,5492,0.1875,0
669,2673570,1107,0.0546875,0
670,2692737,19167,0.0859375,0
671,2693240,503,0.0507812,0
672,2693696,456,0.0664062,0
673,2694183,487,0.0664062,0
674,2695031,848,0.0742188,0
675,2695408,377,0.046875,0
676,2696063,655,0.0546875,0
677,2696238,175,0.00390625,0
678,2697813,1575,0.078125,0
679,2703946,6133,0.101562,0
680,2704871,925,0.0546875,0
681,2724041,19170,0.0859375,0
682,2724544,503,0.0507812,0
683,2725000,456,0.0664062,0
684,2725487,487,0.0664062,0
685,2726336,849,0.0742188,0
686,2726713,377,0.046875,0
687,2727368,655,0.0546875,0
688,2727543,175,0.00390625,0
689,2729118,1575,0.078125,0
690,2740300,11182,0.183594,0
691,2741394,1094,0.0546875,0
692,2760564,19170,0.0859375,0
693,2761067,503,0.0507812,0
694,2761523,456,0.0664062,0
695,2762010,487,0.0664062,0
696,2762859,849,0.0742188,0
697,2763236,377,0.046875,0
698,2763891,655,0.0546875,0
699,2764066,175,0.00390625,0
700,2765641,1575,0.078125,0
701,2771812,6171,0.148438,0
702,2772900,1088,0.0664062,0
703,2792070,19170,0.0859375,0
704,2792573,503,0.0507812,0
705,2793029,456,0.0664062,0
706,2793516,487,0.0664062,0
707,2794364,848,0.0742188,0
708,2794741,377,0.046875,0
709,2795396,655,0.0546875,0
710,2795571,175,0.00390625,0
711,2797146,1575,0.078125,0
712,2803283,6137,0.148438,0
713,2810459,7176,0.226562,0
714,2812035,1576,0.464844,0
715,2814740,2705,0.105469,0
716,2830481,15741,0.316406,0
717,2845633,15152,0.320312,0
718,2847577,1944,0.320312,0
719,2848103,526,0.167969,0
720,2849201,1098,0.0546875,0
721,2868374,19173,0.0859375,0
722,2868877,503,0.0507812,0
723,2869333,456,0.0664062,0
724,2869820,487,0.0664062,0
725,2870669,849,0.0742188,0
726,2871046,377,0.046875,0
727,2871701,655,0.0546875,0
728,2871876,175,0.00390625,0
729,2873451,1575,0.078125,0
730,2879584,6133,0.101562,0
731,2880509,925,0.0546875,0
732,2899679,19170,0.0859375,0
733,2900182,503,0.0507812,0
734,2900638,456,0.0664062,0
735,2901125,487,0.0664062,0
736,2901974,849,0.0742188,0
737,2902351,377,0.046875,0
738,2903006,655,0.0546875,0
739,2903181,175,0.00390625,0
740,2904756,1575,0.078125,0
741,2916101,11345,0.148438,0
742,3026559,110458,0.351562,0
743,3028523,1964,0.0234375,0
744,3029853,1330,0.0195312,0
745,3031164,1311,0.0195312,0
746,3032475,1311,0.0195312,0
747,3033786,1311,0.0195312,0
748,3035097,1311,0.0195312,0
749,3036408,1311,0.0195312,0
750,3037719,1311,0.0195312,0
751,3039030,1311,0.0195312,0
752,3040341,1311,0.0195312,0
753,3041651,1310,0.0195312,0
754,3042270,619,0.136719,0
755,3042651,381,0.0234375,0
756,3042865,214,0.0273438,0
757,3043140,275,0.03125,0
758,3043416,276,0.03125,0
759,3043692,276,0.03125,0
760,3043937,245,0.0195312,0
761,3044172,235,0.09375,0
762,3044753,581,0.160156,0
763,3045146,393,0.0234375,0
764,3045360,214,0.0273438,0
765,3045635,275,0.03125,0
766,3045911,276,0.03125,0
767,3046187,276,0.03125,0
768,3046432,245,0.0195312,0
769,3046537,105,0.015625,0
770,3046759,222,0.09375,0
771,3047057,298,0.0234375,0
772,3047207,150,0.0234375,0
773,3047341,134,0.0195312,0
774,3047654,313,0.144531,0
775,3048025,371,0.0234375,0
776,3048239,214,0.0273438,0
777,3048514,275,0.03125,0
778,3048790,276,0.03125,0
779,3049066,276,0.03125,0
780,3049679,613,0.132812,0
781,3051218,1539,0.0117188,0
782,3053015,1797,0.0195312,0
783,3054814,1799,0.0195312,0
784,3056613,1799,0.0195312,0
785,3058412,1799,0.0195312,0
786,3060211,1799,0.0195312,0
787,3062010,1799,0.0195312,0
788,3063809,1799,0.0195312,0
789,3065608,1799,0.0195312,0
790,3067407,1799,0.0195312,0
791,3069206,1799,0.0195312,0
792,3071005,1799,0.0195312,0
793,3072804,1799,0.0195312,0
794,3074603,1799,0.0195312,0
795,3076402,1799,0.0195312,0
796,3077575,1173,0.140625,0
797,3078041,466,0.03125,0
798,3078317,276,0.03125,0
799,3078593,276,0.03125,0
800,3078869,276,0.03125,0
801,3079570,701,0.222656,0
802,3080063,493,0.0234375,0
803,3080277,214,0.0273438,0
804,3080552,275,0.03125,0
805,3080828,276,0.03125,0
806,3081104,276,0.03125,0
807,3082510,1406,0.0390625,0
808,3082796,286,0.03125,0
809,3083068,272,0.03125,0
810,3083340,272,0.03125,0
811,3083612,272,0.03125,0
812,3083884,272,0.03125,0
813,3084156,272,0.03125,0
814,3084428,272,0.03125,0
815,3084700,272,0.03125,0
816,3084972,272,0.03125,0
817,3085244,272,0.03125,0
818,3085480,236,0.0507812,0
819,3085675,195,0.0234375,0
820,3085886,211,0.0273438,0
821,3086157,271,0.03125,0
822,3086429,272,0.03125,0
823,3086701,272,0.03125,0
824,3086973,272,0.03125,0
825,3087245,272,0.03125,0
826,3087517,272,0.03125,0
827,3087789,272,0.03125,0
828,3088061,272,0.03125,0
829,3088333,272,0.03125,0
830,3088605,272,0.03125,0
831,3088877,272,0.03125,0
832,3089149,272,0.03125,0
833,3089441,292,0.0351562,0
834,3089659,218,0.132812,0
835,3090049,390,0.0234375,0
836,3090323,274,0.03125,0
837,3090599,276,0.03125,0
838,3090875,276,0.03125,0
839,3091151,276,0.03125,0
840,3091710,559,0.15625,0
841,3092090,380,0.0234375,0
842,3092304,214,0.0273438,0
843,3092579,275,0.03125,0
844,3092855,276,0.03125,0
845,3093131,276,0.03125,0
846,3093558,427,0.0390625,0
847,3094015,457,0.152344,0
848,3094388,373,0.0234375,0
849,3094602,214,0.0273438,0
850,3094877,275,0.03125,0
851,3095153,276,0.03125,0
852,3095429,276,0.03125,0
853,3095819,390,0.0429688,0
854,3096105,286,0.0976562,0
855,3096448,343,0.0351562,0
856,3097034,586,0.214844,0
857,3097565,531,0.0234375,0
858,3097779,214,0.0273438,0
859,3098054,275,0.03125,0
860,3098330,276,0.03125,0
861,3098606,276,0.03125,0
862,3098995,389,0.0429688,0
863,3099281,286,0.0976562,0
864,3099624,343,0.0351562,0
865,3099940,316,0.144531,0
866,3100625,685,0.0976562,0
867,3100966,341,0.0273438,0
868,3101241,275,0.03125,0
869,3101517,276,0.03125,0
870,3101793,276,0.03125,0
871,3102191,398,0.0429688,0
872,3102476,285,0.0976562,0
873,3102819,343,0.0351562,0
874,3103410,591,0.214844,0
875,3103941,531,0.0234375,0
876,3104155,214,0.0273438,0
877,3104430,275,0.03125,0
878,3104706,276,0.03125,0
879,3104982,276,0.03125,0
880,3105373,391,0.0429688,0
881,3105658,285,0.0976562,0
882,3106001,343,0.0351562,0
883,3106587,586,0.214844,0
884,3107118,531,0.0234375,0
885,3107332,214,0.0273438,0
886,3107607,275,0.03125,0
887,3107883,276,0.03125,0
888,3108159,276,0.03125,0
889,3108549,390,0.0429688,0
890,3108835,286,0.0976562,0
891,3109178,343,0.0351562,0
892,3109498,320,0.0429688,0
893,3109846,348,0.0117188,0
894,3110371,525,0.0195312,0
895,3110898,527,0.0195312,0
896,3111424,526,0.0195312,0
