checkpoints,cycle count,last checkpoint,dirty ratio,cause
1,3362,3362,0.578125,0
2,4288,926,0.117188,0
3,4636,348,0.0546875,0
4,5572,936,0.25,0
5,6211,639,0.117188,0
6,6523,312,0.0546875,0
7,7388,865,0.226562,0
8,7973,585,0.109375,0
9,8356,383,0.0703125,0
10,9343,987,0.265625,0
11,9805,462,0.046875,0
12,9934,129,0.03125,0
13,10057,123,0.03125,0
14,10229,172,0.0546875,0
15,10497,268,0.0703125,0
16,11333,836,0.195312,0
17,11644,311,0.0546875,0
18,11774,130,0.03125,0
19,12145,371,0.09375,0
20,12795,650,0.148438,0
21,14922,2127,0.882812,0
22,28205,13283,0.398438,0
23,29516,1311,0.234375,0
24,30376,860,0.234375,0
25,31236,860,0.234375,0
26,32096,860,0.234375,0
27,32956,860,0.234375,0
28,33816,860,0.234375,0
29,34676,860,0.234375,0
30,35882,1206,0.234375,0
31,37385,1503,0.234375,0
32,38888,1503,0.234375,0
33,40391,1503,0.234375,0
34,41597,1206,0.234375,0
35,43100,1503,0.234375,0
36,44603,1503,0.234375,0
37,46106,1503,0.234375,0
38,47609,1503,0.234375,0
39,49112,1503,0.234375,0
40,50615,1503,0.234375,0
41,52118,1503,0.234375,0
42,53621,1503,0.234375,0
43,55124,1503,0.234375,0
44,56627,1503,0.234375,0
45,58130,1503,0.234375,0
46,59633,1503,0.234375,0
47,61136,1503,0.234375,0
48,62639,1503,0.234375,0
49,64142,1503,0.234375,0
50,65645,1503,0.234375,0
51,67148,1503,0.234375,0
52,68651,1503,0.234375,0
53,70154,1503,0.234375,0
54,71657,1503,0.234375,0
55,73160,1503,0.234375,0
56,74663,1503,0.234375,0
57,76166,1503,0.234375,0
58,77669,1503,0.234375,0
59,79172,1503,0.234375,0
60,80675,1503,0.234375,0
61,82178,1503,0.234375,0
62,83681,1503,0.234375,0
63,85184,1503,0.234375,0
64,86687,1503,0.234375,0
65,88190,1503,0.234375,0
66,89693,1503,0.234375,0
67,91196,1503,0.234375,0
68,92699,1503,0.234375,0
69,94202,1503,0.234375,0
70,95705,1503,0.234375,0
71,97208,1503,0.234375,0
72,98711,1503,0.234375,0
73,100454,1743,0.328125,0
74,103394,2940,0.242188,0
75,104543,1149,0.703125,0
76,108353,3810,0.3125,0
77,115801,7448,0.21875,0
78,130745,14944,0.34375,0
79,143553,12808,0.632812,0
80,144131,578,0.164062,0
81,145012,881,0.625,0
82,148756,3744,0.3125,0
83,156204,7448,0.21875,0
84,171157,14953,0.34375,0
85,183971,12814,0.632812,0
86,184648,677,0.171875,0
87,185552,904,0.625,0
88,189296,3744,0.3125,0
89,196744,7448,0.21875,0
90,211688,14944,0.34375,0
91,224498,12810,0.632812,0
92,229031,4533,0.226562,0
93,233941,4910,0.171875,0
94,234323,382,0.101562,0
95,234836,513,0.109375,0
96,235283,447,0.101562,0
97,235739,456,0.132812,0
98,236278,539,0.125,0
99,236787,509,0.132812,0
100,238618,1831,0.140625,0
101,239340,722,0.140625,0
102,246569,7229,0.171875,0
103,247072,503,0.101562,0
104,247528,456,0.132812,0
105,248015,487,0.132812,0
106,249003,988,0.148438,0
107,249248,245,0.078125,0
108,249889,641,0.109375,0
109,250064,175,0.0078125,0
110,251639,1575,0.15625,0
111,257814,6175,0.296875,0
112,258902,1088,0.132812,0
113,266688,7786,0.171875,0
114,267070,382,0.101562,0
115,267583,513,0.109375,0
116,268029,446,0.101562,0
117,268485,456,0.132812,0
118,269024,539,0.125,0
119,269533,509,0.132812,0
120,271364,1831,0.140625,0
121,272086,722,0.140625,0
122,279315,7229,0.171875,0
123,279818,503,0.101562,0
124,280274,456,0.132812,0
125,280761,487,0.132812,0
126,281749,988,0.148438,0
127,281994,245,0.078125,0
128,282635,641,0.109375,0
129,282810,175,0.0078125,0
130,284385,1575,0.15625,0
131,290526,6141,0.296875,0
132,295768,5242,0.0859375,0
133,304975,9207,0.171875,0
134,305551,576,0.109375,0
135,305997,446,0.101562,0
136,306453,456,0.132812,0
137,306992,539,0.125,0
138,307501,509,0.132812,0
139,309332,1831,0.140625,0
140,310054,722,0.140625,0
141,317283,7229,0.171875,0
142,317786,503,0.101562,0
143,318242,456,0.132812,0
144,318729,487,0.132812,0
145,319717,988,0.148438,0
146,319962,245,0.078125,0
147,320603,641,0.109375,0
148,320778,175,0.0078125,0
149,322353,1575,0.15625,0
150,328486,6133,0.203125,0
151,329411,925,0.109375,0
152,337195,7784,0.171875,0
153,337577,382,0.101562,0
154,338090,513,0.109375,0
155,338537,447,0.101562,0
156,338993,456,0.132812,0
157,339532,539,0.125,0
158,340041,509,0.132812,0
159,341872,1831,0.140625,0
160,342594,722,0.140625,0
161,349823,7229,0.171875,0
162,350326,503,0.101562,0
163,350782,456,0.132812,0
164,351269,487,0.132812,0
165,352257,988,0.148438,0
166,352502,245,0.078125,0
167,353143,641,0.109375,0
168,353318,175,0.0078125,0
169,354893,1575,0.15625,0
170,366099,11206,0.367188,0
171,367193,1094,0.109375,0
172,374977,7784,0.171875,0
173,375359,382,0.101562,0
174,375872,513,0.109375,0
175,376319,447,0.101562,0
176,376775,456,0.132812,0
177,377314,539,0.125,0
178,377823,509,0.132812,0
179,379654,1831,0.140625,0
180,380376,722,0.140625,0
181,387605,7229,0.171875,0
182,388108,503,0.101562,0
183,388564,456,0.132812,0
184,389051,487,0.132812,0
185,390039,988,0.148438,0
186,390284,245,0.078125,0
187,390925,641,0.109375,0
188,391100,175,0.0078125,0
189,392675,1575,0.15625,0
190,398850,6175,0.296875,0
191,399938,1088,0.132812,0
192,407724,7786,0.171875,0
193,408106,382,0.101562,0
194,408619,513,0.109375,0
195,409065,446,0.101562,0
196,409521,456,0.132812,0
197,410060,539,0.125,0
198,410569,509,0.132812,0
199,412400,1831,0.140625,0
200,413122,722,0.140625,0
201,420351,7229,0.171875,0
202,420854,503,0.101562,0
203,421310,456,0.132812,0
204,421797,487,0.132812,0
205,422785,988,0.148438,0
206,423030,245,0.078125,0
207,423671,641,0.109375,0
208,423846,175,0.0078125,0
209,425421,1575,0.15625,0
210,431562,6141,0.296875,0
211,438489,6927,0.304688,0
212,439657,1168,0.625,0
213,443401,3744,0.3125,0
214,450849,7448,0.21875,0
215,465802,14953,0.34375,0
216,478616,12814,0.632812,0
217,483257,4641,0.226562,0
218,488171,4914,0.171875,0
219,488553,382,0.101562,0
220,489066,513,0.109375,0
221,489513,447,0.101562,0
222,489969,456,0.132812,0
223,490508,539,0.125,0
224,491017,509,0.132812,0
225,492848,1831,0.140625,0
226,493570,722,0.140625,0
227,500799,7229,0.171875,0
228,501302,503,0.101562,0
229,501758,456,0.132812,0
230,502245,487,0.132812,0
231,503233,988,0.148438,0
232,503478,245,0.078125,0
233,504119,641,0.109375,0
234,504294,175,0.0078125,0
235,505869,1575,0.15625,0
236,512002,6133,0.203125,0
237,512927,925,0.109375,0
238,520711,7784,0.171875,0
239,521093,382,0.101562,0
240,521606,513,0.109375,0
241,522053,447,0.101562,0
242,522509,456,0.132812,0
243,523048,539,0.125,0
244,523557,509,0.132812,0
245,525388,1831,0.140625,0
246,526110,722,0.140625,0
247,533339,7229,0.171875,0
248,533842,503,0.101562,0
249,534298,456,0.132812,0
250,534785,487,0.132812,0
251,535773,988,0.148438,0
252,536018,245,0.078125,0
253,536659,641,0.109375,0
254,536834,175,0.0078125,0
255,538409,1575,0.15625,0
256,549704,11295,0.296875,0
257,551084,1380,0.132812,0
258,565953,14869,0.304688,0
259,566822,869,0.179688,0
260,567243,421,0.078125,0
261,567746,503,0.140625,0
262,568173,427,0.09375,0
263,568814,641,0.15625,0
264,569293,479,0.109375,0
265,569462,169,0.0234375,0
266,569901,439,0.132812,0
267,570728,827,0.195312,0
268,571086,358,0.0546875,0
269,571542,456,0.117188,0
270,571908,366,0.09375,0
271,572672,764,0.1875,0
272,573068,396,0.0625,0
273,573360,292,0.078125,0
274,573758,398,0.117188,0
275,574491,733,0.15625,0
276,574678,187,0.03125,0
277,574770,92,0.03125,0
278,574856,86,0.0234375,0
279,574918,62,0.015625,0
280,574994,76,0.0234375,0
281,575383,389,0.109375,0
282,575843,460,0.125,0
283,580831,4988,0.109375,0
284,600087,19256,0.234375,0
285,601696,1609,0.234375,0
286,603305,1609,0.234375,0
287,604914,1609,0.234375,0
288,612860,7946,0.234375,0
289,614475,1615,0.234375,0
290,616090,1615,0.234375,0
291,617705,1615,0.234375,0
292,632210,14505,0.234375,0
293,633825,1615,0.234375,0
294,635440,1615,0.234375,0
295,637055,1615,0.234375,0
296,644975,7920,0.234375,0
297,646590,1615,0.234375,0
298,648205,1615,0.234375,0
299,649820,1615,0.234375,0
300,656775,6955,0.320312,0
301,657439,664,0.117188,0
302,658064,625,0.164062,0
303,658474,410,0.09375,0
304,658968,494,0.109375,0
305,659408,440,0.117188,0
306,659843,435,0.09375,0
307,660156,313,0.078125,0
308,660748,592,0.140625,0
309,661192,444,0.109375,0
310,661514,322,0.0625,0
311,661883,369,0.101562,0
312,662594,711,0.1875,0
313,663037,443,0.0859375,0
314,663570,533,0.132812,0
315,663853,283,0.0703125,0
316,664607,754,0.171875,0
317,664877,270,0.0546875,0
318,665046,169,0.046875,0
319,665400,354,0.101562,0
320,665853,453,0.125,0
321,670933,5080,0.34375,0
322,673895,2962,0.234375,0
323,675101,1206,0.234375,0
324,675961,860,0.234375,0
325,676821,860,0.234375,0
326,677681,860,0.234375,0
327,678541,860,0.234375,0
328,679401,860,0.234375,0
329,680261,860,0.234375,0
330,681467,1206,0.234375,0
331,682970,1503,0.234375,0
332,684473,1503,0.234375,0
333,685976,1503,0.234375,0
334,687182,1206,0.234375,0
335,688685,1503,0.234375,0
336,690188,1503,0.234375,0
337,691691,1503,0.234375,0
338,693194,1503,0.234375,0
339,694697,1503,0.234375,0
340,696200,1503,0.234375,0
341,697703,1503,0.234375,0
342,699206,1503,0.234375,0
343,700709,1503,0.234375,0
344,702212,1503,0.234375,0
345,703715,1503,0.234375,0
346,705218,1503,0.234375,0
347,706721,1503,0.234375,0
348,708224,1503,0.234375,0
349,709727,1503,0.234375,0
350,711230,1503,0.234375,0
351,712733,1503,0.234375,0
352,714236,1503,0.234375,0
353,715739,1503,0.234375,0
354,717242,1503,0.234375,0
355,718745,1503,0.234375,0
356,720248,1503,0.234375,0
357,721751,1503,0.234375,0
358,723254,1503,0.234375,0
359,724757,1503,0.234375,0
360,726260,1503,0.234375,0
361,727763,1503,0.234375,0
362,729266,1503,0.234375,0
363,730769,1503,0.234375,0
364,732272,1503,0.234375,0
365,733775,1503,0.234375,0
366,735278,1503,0.234375,0
367,736781,1503,0.234375,0
368,738284,1503,0.234375,0
369,739787,1503,0.234375,0
370,741290,1503,0.234375,0
371,742793,1503,0.234375,0
372,744296,1503,0.234375,0
373,746036,1740,0.328125,0
374,748974,2938,0.242188,0
375,750123,1149,0.703125,0
376,753933,3810,0.3125,0
377,761381,7448,0.21875,0
378,776325,14944,0.34375,0
379,789133,12808,0.632812,0
380,789705,572,0.15625,0
381,790583,878,0.625,0
382,794327,3744,0.3125,0
383,801775,7448,0.21875,0
384,816728,14953,0.34375,0
385,829541,12813,0.632812,0
386,830214,673,0.171875,0
387,831118,904,0.625,0
388,834862,3744,0.3125,0
389,842310,7448,0.21875,0
390,857254,14944,0.34375,0
391,870067,12813,0.632812,0
392,874600,4533,0.226562,0
393,879510,4910,0.171875,0
394,879892,382,0.101562,0
395,880405,513,0.109375,0
396,880852,447,0.101562,0
397,881308,456,0.132812,0
398,881847,539,0.125,0
399,882356,509,0.132812,0
400,884187,1831,0.140625,0
401,884909,722,0.140625,0
402,892138,7229,0.171875,0
403,892641,503,0.101562,0
404,893097,456,0.132812,0
405,893584,487,0.132812,0
406,894572,988,0.148438,0
407,894817,245,0.078125,0
408,895458,641,0.109375,0
409,895633,175,0.0078125,0
410,897208,1575,0.15625,0
411,903383,6175,0.296875,0
412,904471,1088,0.132812,0
413,912257,7786,0.171875,0
414,912639,382,0.101562,0
415,913152,513,0.109375,0
416,913598,446,0.101562,0
417,914054,456,0.132812,0
418,914593,539,0.125,0
419,915102,509,0.132812,0
420,916933,1831,0.140625,0
421,917655,722,0.140625,0
422,924884,7229,0.171875,0
423,925387,503,0.101562,0
424,925843,456,0.132812,0
425,926330,487,0.132812,0
426,927318,988,0.148438,0
427,927563,245,0.078125,0
428,928204,641,0.109375,0
429,928379,175,0.0078125,0
430,929954,1575,0.15625,0
431,936095,6141,0.296875,0
432,941330,5235,0.078125,0
433,950534,9204,0.171875,0
434,951110,576,0.109375,0
435,951556,446,0.101562,0
436,952012,456,0.132812,0
437,952551,539,0.125,0
438,953060,509,0.132812,0
439,954891,1831,0.140625,0
440,955613,722,0.140625,0
441,962842,7229,0.171875,0
442,963345,503,0.101562,0
443,963801,456,0.132812,0
444,964288,487,0.132812,0
445,965276,988,0.148438,0
446,965521,245,0.078125,0
447,966162,641,0.109375,0
448,966337,175,0.0078125,0
449,967912,1575,0.15625,0
450,974045,6133,0.203125,0
451,974970,925,0.109375,0
452,982754,7784,0.171875,0
453,983136,382,0.101562,0
454,983649,513,0.109375,0
455,984096,447,0.101562,0
456,984552,456,0.132812,0
457,985091,539,0.125,0
458,985600,509,0.132812,0
459,987431,1831,0.140625,0
460,988153,722,0.140625,0
461,995382,7229,0.171875,0
462,995885,503,0.101562,0
463,996341,456,0.132812,0
464,996828,487,0.132812,0
465,997816,988,0.148438,0
466,998061,245,0.078125,0
467,998702,641,0.109375,0
468,998877,175,0.0078125,0
469,1000452,1575,0.15625,0
470,1011665,11213,0.367188,0
471,1012759,1094,0.109375,0
472,1020543,7784,0.171875,0
473,1020925,382,0.101562,0
474,1021438,513,0.109375,0
475,1021885,447,0.101562,0
476,1022341,456,0.132812,0
477,1022880,539,0.125,0
478,1023389,509,0.132812,0
479,1025220,1831,0.140625,0
480,1025942,722,0.140625,0
481,1033171,7229,0.171875,0
482,1033674,503,0.101562,0
483,1034130,456,0.132812,0
484,1034617,487,0.132812,0
485,1035605,988,0.148438,0
486,1035850,245,0.078125,0
487,1036491,641,0.109375,0
488,1036666,175,0.0078125,0
489,1038241,1575,0.15625,0
490,1044416,6175,0.296875,0
491,1045504,1088,0.132812,0
492,1053290,7786,0.171875,0
493,1053672,382,0.101562,0
494,1054185,513,0.109375,0
495,1054631,446,0.101562,0
496,1055087,456,0.132812,0
497,1055626,539,0.125,0
498,1056135,509,0.132812,0
499,1057966,1831,0.140625,0
500,1058688,722,0.140625,0
501,1065917,7229,0.171875,0
502,1066420,503,0.101562,0
503,1066876,456,0.132812,0
504,1067363,487,0.132812,0
505,1068351,988,0.148438,0
506,1068596,245,0.078125,0
507,1069237,641,0.109375,0
508,1069412,175,0.0078125,0
509,1070987,1575,0.15625,0
510,1077128,6141,0.296875,0
511,1084060,6932,0.304688,0
512,1085228,1168,0.625,0
513,1088972,3744,0.3125,0
514,1096420,7448,0.21875,0
515,1111373,14953,0.34375,0
516,1124186,12813,0.632812,0
517,1128829,4643,0.226562,0
518,1133743,4914,0.171875,0
519,1134125,382,0.101562,0
520,1134638,513,0.109375,0
521,1135085,447,0.101562,0
522,1135541,456,0.132812,0
523,1136080,539,0.125,0
524,1136589,509,0.132812,0
525,1138420,1831,0.140625,0
526,1139142,722,0.140625,0
527,1146371,7229,0.171875,0
528,1146874,503,0.101562,0
529,1147330,456,0.132812,0
530,1147817,487,0.132812,0
531,1148805,988,0.148438,0
532,1149050,245,0.078125,0
533,1149691,641,0.109375,0
534,1149866,175,0.0078125,0
535,1151441,1575,0.15625,0
536,1157574,6133,0.203125,0
537,1158499,925,0.109375,0
538,1166283,7784,0.171875,0
539,1166665,382,0.101562,0
540,1167178,513,0.109375,0
541,1167625,447,0.101562,0
542,1168081,456,0.132812,0
543,1168620,539,0.125,0
544,1169129,509,0.132812,0
545,1170960,1831,0.140625,0
546,1171682,722,0.140625,0
547,1178911,7229,0.171875,0
548,1179414,503,0.101562,0
549,1179870,456,0.132812,0
550,1180357,487,0.132812,0
551,1181345,988,0.148438,0
552,1181590,245,0.078125,0
553,1182231,641,0.109375,0
554,1182406,175,0.0078125,0
555,1183981,1575,0.15625,0
556,1195277,11296,0.296875,0
557,1196659,1382,0.132812,0
558,1211682,15023,0.304688,0
559,1212447,765,0.148438,0
560,1212766,319,0.0625,0
561,1213043,277,0.0703125,0
562,1213706,663,0.171875,0
563,1214586,880,0.210938,0
564,1214988,402,0.078125,0
565,1215167,179,0.0390625,0
566,1215657,490,0.125,0
567,1216294,637,0.164062,0
568,1216486,192,0.03125,0
569,1216794,308,0.0703125,0
570,1217032,238,0.0546875,0
571,1217577,545,0.15625,0
572,1218056,479,0.078125,0
573,1218353,297,0.0859375,0
574,1218839,486,0.117188,0
575,1219435,596,0.164062,0
576,1220204,769,0.15625,0
577,1220391,187,0.03125,0
578,1220477,86,0.03125,0
579,1220563,86,0.0234375,0
580,1220625,62,0.015625,0
581,1220701,76,0.0234375,0
582,1221026,325,0.09375,0
583,1221540,514,0.132812,0
584,1226526,4986,0.109375,0
585,1245782,19256,0.234375,0
586,1247391,1609,0.234375,0
587,1249000,1609,0.234375,0
588,1250609,1609,0.234375,0
589,1258555,7946,0.234375,0
590,1260170,1615,0.234375,0
591,1261785,1615,0.234375,0
592,1263400,1615,0.234375,0
593,1277905,14505,0.234375,0
594,1279520,1615,0.234375,0
595,1281135,1615,0.234375,0
596,1282750,1615,0.234375,0
597,1290670,7920,0.234375,0
598,1292285,1615,0.234375,0
599,1293900,1615,0.234375,0
600,1295515,1615,0.234375,0
601,1302470,6955,0.320312,0
602,1303134,664,0.117188,0
603,1303759,625,0.164062,0
604,1304169,410,0.09375,0
605,1304663,494,0.109375,0
606,1305103,440,0.117188,0
607,1305538,435,0.09375,0
608,1305851,313,0.078125,0
609,1306443,592,0.140625,0
610,1306887,444,0.109375,0
611,1307209,322,0.0625,0
612,1307578,369,0.101562,0
613,1308289,711,0.1875,0
614,1308732,443,0.0859375,0
615,1309265,533,0.132812,0
616,1309548,283,0.0703125,0
617,1310302,754,0.171875,0
618,1310572,270,0.0546875,0
619,1310741,169,0.046875,0
620,1311095,354,0.101562,0
621,1311548,453,0.125,0
622,1316842,5294,0.34375,0
623,1319573,2731,0.234375,0
624,1320779,1206,0.234375,0
625,1321639,860,0.234375,0
626,1322499,860,0.234375,0
627,1323359,860,0.234375,0
628,1324219,860,0.234375,0
629,1325079,860,0.234375,0
630,1325939,860,0.234375,0
631,1327145,1206,0.234375,0
632,1328648,1503,0.234375,0
633,1330151,1503,0.234375,0
634,1331654,1503,0.234375,0
635,1332860,1206,0.234375,0
636,1334363,1503,0.234375,0
637,1335866,1503,0.234375,0
638,1337369,1503,0.234375,0
639,1338872,1503,0.234375,0
640,1340375,1503,0.234375,0
641,1341878,1503,0.234375,0
642,1343381,1503,0.234375,0
643,1344884,1503,0.234375,0
644,1346387,1503,0.234375,0
645,1347890,1503,0.234375,0
646,1349393,1503,0.234375,0
647,1350896,1503,0.234375,0
648,1352399,1503,0.234375,0
649,1353902,1503,0.234375,0
650,1355405,1503,0.234375,0
651,1356908,1503,0.234375,0
652,1358411,1503,0.234375,0
653,1359914,1503,0.234375,0
654,1361417,1503,0.234375,0
655,1362920,1503,0.234375,0
656,1364423,1503,0.234375,0
657,1365926,1503,0.234375,0
658,1367429,1503,0.234375,0
659,1368932,1503,0.234375,0
660,1370435,1503,0.234375,0
661,1371938,1503,0.234375,0
662,1373441,1503,0.234375,0
663,1374944,1503,0.234375,0
664,1376447,1503,0.234375,0
665,1377950,1503,0.234375,0
666,1379453,1503,0.234375,0
667,1380956,1503,0.234375,0
668,1382459,1503,0.234375,0
669,1383962,1503,0.234375,0
670,1385465,1503,0.234375,0
671,1386968,1503,0.234375,0
672,1388471,1503,0.234375,0
673,1389974,1503,0.234375,0
674,1391720,1746,0.328125,0
675,1394663,2943,0.242188,0
676,1395812,1149,0.703125,0
677,1399622,3810,0.3125,0
678,1407070,7448,0.21875,0
679,1422014,14944,0.34375,0
680,1434819,12805,0.632812,0
681,1435390,571,0.15625,0
682,1436268,878,0.625,0
683,1440012,3744,0.3125,0
684,1447460,7448,0.21875,0
685,1462413,14953,0.34375,0
686,1475227,12814,0.632812,0
687,1475902,675,0.171875,0
688,1476806,904,0.625,0
689,1480550,3744,0.3125,0
690,1487998,7448,0.21875,0
691,1502942,14944,0.34375,0
692,1515748,12806,0.632812,0
693,1520287,4539,0.226562,0
694,1525197,4910,0.171875,0
695,1525579,382,0.101562,0
696,1526092,513,0.109375,0
697,1526539,447,0.101562,0
698,1526995,456,0.132812,0
699,1527534,539,0.125,0
700,1528043,509,0.132812,0
701,1529874,1831,0.140625,0
702,1530596,722,0.140625,0
703,1537825,7229,0.171875,0
704,1538328,503,0.101562,0
705,1538784,456,0.132812,0
706,1539271,487,0.132812,0
707,1540259,988,0.148438,0
708,1540504,245,0.078125,0
709,1541145,641,0.109375,0
710,1541320,175,0.0078125,0
711,1542895,1575,0.15625,0
712,1549070,6175,0.296875,0
713,1550158,1088,0.132812,0
714,1557944,7786,0.171875,0
715,1558326,382,0.101562,0
716,1558839,513,0.109375,0
717,1559285,446,0.101562,0
718,1559741,456,0.132812,0
719,1560280,539,0.125,0
720,1560789,509,0.132812,0
721,1562620,1831,0.140625,0
722,1563342,722,0.140625,0
723,1570571,7229,0.171875,0
724,1571074,503,0.101562,0
725,1571530,456,0.132812,0
726,1572017,487,0.132812,0
727,1573005,988,0.148438,0
728,1573250,245,0.078125,0
729,1573891,641,0.109375,0
730,1574066,175,0.0078125,0
731,1575641,1575,0.15625,0
732,1581782,6141,0.296875,0
733,1587015,5233,0.078125,0
734,1596214,9199,0.179688,0
735,1596797,583,0.109375,0
736,1597243,446,0.101562,0
737,1597699,456,0.132812,0
738,1598238,539,0.125,0
739,1598747,509,0.132812,0
740,1600578,1831,0.140625,0
741,1601300,722,0.140625,0
742,1608529,7229,0.171875,0
743,1609032,503,0.101562,0
744,1609488,456,0.132812,0
745,1609975,487,0.132812,0
746,1610963,988,0.148438,0
747,1611208,245,0.078125,0
748,1611849,641,0.109375,0
749,1612024,175,0.0078125,0
750,1613599,1575,0.15625,0
751,1619732,6133,0.203125,0
752,1620657,925,0.109375,0
753,1628441,7784,0.171875,0
754,1628823,382,0.101562,0
755,1629336,513,0.109375,0
756,1629783,447,0.101562,0
757,1630239,456,0.132812,0
758,1630778,539,0.125,0
759,1631287,509,0.132812,0
760,1633118,1831,0.140625,0
761,1633840,722,0.140625,0
762,1641069,7229,0.171875,0
763,1641572,503,0.101562,0
764,1642028,456,0.132812,0
765,1642515,487,0.132812,0
766,1643503,988,0.148438,0
767,1643748,245,0.078125,0
768,1644389,641,0.109375,0
769,1644564,175,0.0078125,0
770,1646139,1575,0.15625,0
771,1657328,11189,0.367188,0
772,1658422,1094,0.109375,0
773,1666206,7784,0.171875,0
774,1666588,382,0.101562,0
775,1667101,513,0.109375,0
776,1667548,447,0.101562,0
777,1668004,456,0.132812,0
778,1668543,539,0.125,0
779,1669052,509,0.132812,0
780,1670883,1831,0.140625,0
781,1671605,722,0.140625,0
782,1678834,7229,0.171875,0
783,1679337,503,0.101562,0
784,1679793,456,0.132812,0
785,1680280,487,0.132812,0
786,1681268,988,0.148438,0
787,1681513,245,0.078125,0
788,1682154,641,0.109375,0
789,1682329,175,0.0078125,0
790,1683904,1575,0.15625,0
791,1690079,6175,0.296875,0
792,1691167,1088,0.132812,0
793,1698953,7786,0.171875,0
794,1699335,382,0.101562,0
795,1699848,513,0.109375,0
796,1700294,446,0.101562,0
797,1700750,456,0.132812,0
798,1701289,539,0.125,0
799,1701798,509,0.132812,0
800,1703629,1831,0.140625,0
801,1704351,722,0.140625,0
802,1711580,7229,0.171875,0
803,1712083,503,0.101562,0
804,1712539,456,0.132812,0
805,1713026,487,0.132812,0
806,1714014,988,0.148438,0
807,1714259,245,0.078125,0
808,1714900,641,0.109375,0
809,1715075,175,0.0078125,0
810,1716650,1575,0.15625,0
811,1722791,6141,0.296875,0
812,1729752,6961,0.304688,0
813,1730920,1168,0.625,0
814,1734664,3744,0.3125,0
815,1742112,7448,0.21875,0
816,1757065,14953,0.34375,0
817,1769879,12814,0.632812,0
818,1774522,4643,0.226562,0
819,1779436,4914,0.171875,0
820,1779818,382,0.101562,0
821,1780331,513,0.109375,0
822,1780778,447,0.101562,0
823,1781234,456,0.132812,0
824,1781773,539,0.125,0
825,1782282,509,0.132812,0
826,1784113,1831,0.140625,0
827,1784835,722,0.140625,0
828,1792064,7229,0.171875,0
829,1792567,503,0.101562,0
830,1793023,456,0.132812,0
831,1793510,487,0.132812,0
832,1794498,988,0.148438,0
833,1794743,245,0.078125,0
834,1795384,641,0.109375,0
835,1795559,175,0.0078125,0
836,1797134,1575,0.15625,0
837,1803267,6133,0.203125,0
838,1804192,925,0.109375,0
839,1811976,7784,0.171875,0
840,1812358,382,0.101562,0
841,1812871,513,0.109375,0
842,1813318,447,0.101562,0
843,1813774,456,0.132812,0
844,1814313,539,0.125,0
845,1814822,509,0.132812,0
846,1816653,1831,0.140625,0
847,1817375,722,0.140625,0
848,1824604,7229,0.171875,0
849,1825107,503,0.101562,0
850,1825563,456,0.132812,0
851,1826050,487,0.132812,0
852,1827038,988,0.148438,0
853,1827283,245,0.078125,0
854,1827924,641,0.109375,0
855,1828099,175,0.0078125,0
856,1829674,1575,0.15625,0
857,1840963,11289,0.296875,0
858,1842348,1385,0.132812,0
859,1857320,14972,0.320312,0
860,1857906,586,0.09375,0
861,1858251,345,0.078125,0
862,1858580,329,0.0859375,0
863,1859242,662,0.171875,0
864,1859566,324,0.0546875,0
865,1860121,555,0.132812,0
866,1860477,356,0.0859375,0
867,1860676,199,0.0390625,0
868,1861248,572,0.15625,0
869,1861802,554,0.140625,0
870,1861999,197,0.0390625,0
871,1862377,378,0.0859375,0
872,1863068,691,0.15625,0
873,1863494,426,0.09375,0
874,1863886,392,0.109375,0
875,1864416,530,0.125,0
876,1864961,545,0.132812,0
877,1865693,732,0.15625,0
878,1865880,187,0.03125,0
879,1865972,92,0.03125,0
880,1866058,86,0.0234375,0
881,1866120,62,0.015625,0
882,1866196,76,0.0234375,0
883,1866482,286,0.078125,0
884,1866917,435,0.109375,0
885,1870210,3293,0.046875,0
886,1872034,1824,0.109375,0
887,1891290,19256,0.234375,0
888,1892899,1609,0.234375,0
889,1894508,1609,0.234375,0
890,1896117,1609,0.234375,0
891,1904063,7946,0.234375,0
892,1905678,1615,0.234375,0
893,1907293,1615,0.234375,0
894,1908908,1615,0.234375,0
895,1923413,14505,0.234375,0
896,1925028,1615,0.234375,0
897,1926643,1615,0.234375,0
898,1928258,1615,0.234375,0
899,1936178,7920,0.234375,0
900,1937793,1615,0.234375,0
901,1939408,1615,0.234375,0
902,1941023,1615,0.234375,0
903,1947978,6955,0.320312,0
904,1948642,664,0.117188,0
905,1949267,625,0.164062,0
906,1949677,410,0.09375,0
907,1950171,494,0.109375,0
908,1950611,440,0.117188,0
909,1951046,435,0.09375,0
910,1951359,313,0.078125,0
911,1951951,592,0.140625,0
912,1952395,444,0.109375,0
913,1952717,322,0.0625,0
914,1953086,369,0.101562,0
915,1953797,711,0.1875,0
916,1954240,443,0.0859375,0
917,1954773,533,0.132812,0
918,1955056,283,0.0703125,0
919,1955810,754,0.171875,0
920,1956080,270,0.0546875,0
921,1956249,169,0.046875,0
922,1956603,354,0.101562,0
923,1957056,453,0.125,0
924,1962352,5296,0.34375,0
925,1965083,2731,0.234375,0
926,1966289,1206,0.234375,0
927,1967149,860,0.234375,0
928,1968009,860,0.234375,0
929,1968869,860,0.234375,0
930,1969729,860,0.234375,0
931,1970589,860,0.234375,0
932,1971449,860,0.234375,0
933,1972655,1206,0.234375,0
934,1974158,1503,0.234375,0
935,1975661,1503,0.234375,0
936,1977164,1503,0.234375,0
937,1978370,1206,0.234375,0
938,1979873,1503,0.234375,0
939,1981376,1503,0.234375,0
940,1982879,1503,0.234375,0
941,1984382,1503,0.234375,0
942,1985885,1503,0.234375,0
943,1987388,1503,0.234375,0
944,1988891,1503,0.234375,0
945,1990394,1503,0.234375,0
946,1991897,1503,0.234375,0
947,1993400,1503,0.234375,0
948,1994903,1503,0.234375,0
949,1996406,1503,0.234375,0
950,1997909,1503,0.234375,0
951,1999412,1503,0.234375,0
952,2000915,1503,0.234375,0
953,2002418,1503,0.234375,0
954,2003921,1503,0.234375,0
955,2005424,1503,0.234375,0
956,2006927,1503,0.234375,0
957,2008430,1503,0.234375,0
958,2009933,1503,0.234375,0
959,2011436,1503,0.234375,0
960,2012939,1503,0.234375,0
961,2014442,1503,0.234375,0
962,2015945,1503,0.234375,0
963,2017448,1503,0.234375,0
964,2018951,1503,0.234375,0
965,2020454,1503,0.234375,0
966,2021957,1503,0.234375,0
967,2023460,1503,0.234375,0
968,2024963,1503,0.234375,0
969,2026466,1503,0.234375,0
970,2027969,1503,0.234375,0
971,2029472,1503,0.234375,0
972,2030975,1503,0.234375,0
973,2032478,1503,0.234375,0
974,2033981,1503,0.234375,0
975,2035484,1503,0.234375,0
976,2037224,1740,0.328125,0
977,2040165,2941,0.242188,0
978,2041314,1149,0.703125,0
979,2045124,3810,0.3125,0
980,2052572,7448,0.21875,0
981,2067516,14944,0.34375,0
982,2080323,12807,0.632812,0
983,2080901,578,0.15625,0
984,2081779,878,0.625,0
985,2085523,3744,0.3125,0
986,2092971,7448,0.21875,0
987,2107924,14953,0.34375,0
988,2120737,12813,0.632812,0
989,2121409,672,0.171875,0
990,2122313,904,0.625,0
991,2126057,3744,0.3125,0
992,2133505,7448,0.21875,0
993,2148449,14944,0.34375,0
994,2161262,12813,0.632812,0
995,2165798,4536,0.226562,0
996,2170708,4910,0.171875,0
997,2171090,382,0.101562,0
998,2171603,513,0.109375,0
999,2172050,447,0.101562,0
1000,2172506,456,0.132812,0
1001,2173045,539,0.125,0
1002,2173554,509,0.132812,0
1003,2175385,1831,0.140625,0
1004,2176107,722,0.140625,0
1005,2183336,7229,0.171875,0
1006,2183839,503,0.101562,0
1007,2184295,456,0.132812,0
1008,2184782,487,0.132812,0
1009,2185770,988,0.148438,0
1010,2186015,245,0.078125,0
1011,2186656,641,0.109375,0
1012,2186831,175,0.0078125,0
1013,2188406,1575,0.15625,0
1014,2194581,6175,0.296875,0
1015,2195669,1088,0.132812,0
1016,2203455,7786,0.171875,0
1017,2203837,382,0.101562,0
1018,2204350,513,0.109375,0
1019,2204796,446,0.101562,0
1020,2205252,456,0.132812,0
1021,2205791,539,0.125,0
1022,2206300,509,0.132812,0
1023,2208131,1831,0.140625,0
1024,2208853,722,0.140625,0
1025,2216082,7229,0.171875,0
1026,2216585,503,0.101562,0
1027,2217041,456,0.132812,0
1028,2217528,487,0.132812,0
1029,2218516,988,0.148438,0
1030,2218761,245,0.078125,0
1031,2219402,641,0.109375,0
1032,2219577,175,0.0078125,0
1033,2221152,1575,0.15625,0
1034,2227293,6141,0.296875,0
1035,2232533,5240,0.078125,0
1036,2241737,9204,0.171875,0
1037,2242313,576,0.109375,0
1038,2242759,446,0.101562,0
1039,2243215,456,0.132812,0
1040,2243754,539,0.125,0
1041,2244263,509,0.132812,0
1042,2246094,1831,0.140625,0
1043,2246816,722,0.140625,0
1044,2254045,7229,0.171875,0
1045,2254548,503,0.101562,0
1046,2255004,456,0.132812,0
1047,2255491,487,0.132812,0
1048,2256479,988,0.148438,0
1049,2256724,245,0.078125,0
1050,2257365,641,0.109375,0
1051,2257540,175,0.0078125,0
1052,2259115,1575,0.15625,0
1053,2265248,6133,0.203125,0
1054,2266173,925,0.109375,0
1055,2273957,7784,0.171875,0
1056,2274339,382,0.101562,0
1057,2274852,513,0.109375,0
1058,2275299,447,0.101562,0
1059,2275755,456,0.132812,0
1060,2276294,539,0.125,0
1061,2276803,509,0.132812,0
1062,2278634,1831,0.140625,0
1063,2279356,722,0.140625,0
1064,2286585,7229,0.171875,0
1065,2287088,503,0.101562,0
1066,2287544,456,0.132812,0
1067,2288031,487,0.132812,0
1068,2289019,988,0.148438,0
1069,2289264,245,0.078125,0
1070,2289905,641,0.109375,0
1071,2290080,175,0.0078125,0
1072,2291655,1575,0.15625,0
1073,2302865,11210,0.367188,0
1074,2303959,1094,0.109375,0
1075,2311743,7784,0.171875,0
1076,2312125,382,0.101562,0
1077,2312638,513,0.109375,0
1078,2313085,447,0.101562,0
1079,2313541,456,0.132812,0
1080,2314080,539,0.125,0
1081,2314589,509,0.132812,0
1082,2316420,1831,0.140625,0
1083,2317142,722,0.140625,0
1084,2324371,7229,0.171875,0
1085,2324874,503,0.101562,0
1086,2325330,456,0.132812,0
1087,2325817,487,0.132812,0
1088,2326805,988,0.148438,0
1089,2327050,245,0.078125,0
1090,2327691,641,0.109375,0
1091,2327866,175,0.0078125,0
1092,2329441,1575,0.15625,0
1093,2335616,6175,0.296875,0
1094,2336704,1088,0.132812,0
1095,2344490,7786,0.171875,0
1096,2344872,382,0.101562,0
1097,2345385,513,0.109375,0
1098,2345831,446,0.101562,0
1099,2346287,456,0.132812,0
1100,2346826,539,0.125,0
1101,2347335,509,0.132812,0
1102,2349166,1831,0.140625,0
1103,2349888,722,0.140625,0
1104,2357117,7229,0.171875,0
1105,2357620,503,0.101562,0
1106,2358076,456,0.132812,0
1107,2358563,487,0.132812,0
1108,2359551,988,0.148438,0
1109,2359796,245,0.078125,0
1110,2360437,641,0.109375,0
1111,2360612,175,0.0078125,0
1112,2362187,1575,0.15625,0
1113,2368328,6141,0.296875,0
1114,2375263,6935,0.304688,0
1115,2376431,1168,0.625,0
1116,2380175,3744,0.3125,0
1117,2387623,7448,0.21875,0
1118,2402576,14953,0.34375,0
1119,2415394,12818,0.632812,0
1120,2420038,4644,0.226562,0
1121,2424952,4914,0.171875,0
1122,2425334,382,0.101562,0
1123,2425847,513,0.109375,0
1124,2426294,447,0.101562,0
1125,2426750,456,0.132812,0
1126,2427289,539,0.125,0
1127,2427798,509,0.132812,0
1128,2429629,1831,0.140625,0
1129,2430351,722,0.140625,0
1130,2437580,7229,0.171875,0
1131,2438083,503,0.101562,0
1132,2438539,456,0.132812,0
1133,2439026,487,0.132812,0
1134,2440014,988,0.148438,0
1135,2440259,245,0.078125,0
1136,2440900,641,0.109375,0
1137,2441075,175,0.0078125,0
1138,2442650,1575,0.15625,0
1139,2448783,6133,0.203125,0
1140,2449708,925,0.109375,0
1141,2457492,7784,0.171875,0
1142,2457874,382,0.101562,0
1143,2458387,513,0.109375,0
1144,2458834,447,0.101562,0
1145,2459290,456,0.132812,0
1146,2459829,539,0.125,0
1147,2460338,509,0.132812,0
1148,2462169,1831,0.140625,0
1149,2462891,722,0.140625,0
1150,2470120,7229,0.171875,0
1151,2470623,503,0.101562,0
1152,2471079,456,0.132812,0
1153,2471566,487,0.132812,0
1154,2472554,988,0.148438,0
1155,2472799,245,0.078125,0
1156,2473440,641,0.109375,0
1157,2473615,175,0.0078125,0
1158,2475190,1575,0.15625,0
1159,2486487,11297,0.296875,0
1160,2487866,1379,0.132812,0
1161,2502744,14878,0.304688,0
1162,2503698,954,0.195312,0
1163,2504154,456,0.0859375,0
1164,2504789,635,0.164062,0
1165,2505463,674,0.164062,0
1166,2505765,302,0.0546875,0
1167,2506045,280,0.0625,0
1168,2506163,118,0.0234375,0
1169,2506594,431,0.125,0
1170,2507199,605,0.140625,0
1171,2507552,353,0.078125,0
1172,2507801,249,0.0546875,0
1173,2508412,611,0.179688,0
1174,2509123,711,0.140625,0
1175,2509412,289,0.0703125,0
1176,2509821,409,0.09375,0
1177,2510372,551,0.148438,0
1178,2511131,759,0.15625,0
1179,2511318,187,0.03125,0
1180,2511410,92,0.03125,0
1181,2511496,86,0.0234375,0
1182,2511558,62,0.015625,0
1183,2511634,76,0.0234375,0
1184,2511959,325,0.09375,0
1185,2512473,514,0.132812,0
1186,2517459,4986,0.109375,0
1187,2536715,19256,0.234375,0
1188,2538324,1609,0.234375,0
1189,2539933,1609,0.234375,0
1190,2541542,1609,0.234375,0
1191,2549488,7946,0.234375,0
1192,2551103,1615,0.234375,0
1193,2552718,1615,0.234375,0
1194,2554333,1615,0.234375,0
1195,2568838,14505,0.234375,0
1196,2570453,1615,0.234375,0
1197,2572068,1615,0.234375,0
1198,2573683,1615,0.234375,0
1199,2581603,7920,0.234375,0
1200,2583218,1615,0.234375,0
1201,2584833,1615,0.234375,0
1202,2586448,1615,0.234375,0
1203,2593403,6955,0.320312,0
1204,2594067,664,0.117188,0
1205,2594692,625,0.164062,0
1206,2595102,410,0.09375,0
1207,2595596,494,0.109375,0
1208,2596036,440,0.117188,0
1209,2596471,435,0.09375,0
1210,2596784,313,0.078125,0
1211,2597376,592,0.140625,0
1212,2597820,444,0.109375,0
1213,2598142,322,0.0625,0
1214,2598511,369,0.101562,0
1215,2599222,711,0.1875,0
1216,2599665,443,0.0859375,0
1217,2600198,533,0.132812,0
1218,2600481,283,0.0703125,0
1219,2601235,754,0.171875,0
1220,2601505,270,0.0546875,0
1221,2601674,169,0.046875,0
1222,2602028,354,0.101562,0
1223,2602481,453,0.125,0
1224,2607779,5298,0.34375,0
1225,2610510,2731,0.234375,0
1226,2611716,1206,0.234375,0
1227,2612576,860,0.234375,0
1228,2613436,860,0.234375,0
1229,2614296,860,0.234375,0
1230,2615156,860,0.234375,0
1231,2616016,860,0.234375,0
1232,2616876,860,0.234375,0
1233,2618082,1206,0.234375,0
1234,2619585,1503,0.234375,0
1235,2621088,1503,0.234375,0
1236,2622591,1503,0.234375,0
1237,2623797,1206,0.234375,0
1238,2625300,1503,0.234375,0
1239,2626803,1503,0.234375,0
1240,2628306,1503,0.234375,0
1241,2629809,1503,0.234375,0
1242,2631312,1503,0.234375,0
1243,2632815,1503,0.234375,0
1244,2634318,1503,0.234375,0
1245,2635821,1503,0.234375,0
1246,2637324,1503,0.234375,0
1247,2638827,1503,0.234375,0
1248,2640330,1503,0.234375,0
1249,2641833,1503,0.234375,0
1250,2643336,1503,0.234375,0
1251,2644839,1503,0.234375,0
1252,2646342,1503,0.234375,0
1253,2647845,1503,0.234375,0
1254,2649348,1503,0.234375,0
1255,2650851,1503,0.234375,0
1256,2652354,1503,0.234375,0
1257,2653857,1503,0.234375,0
1258,2655360,1503,0.234375,0
1259,2656863,1503,0.234375,0
1260,2658366,1503,0.234375,0
1261,2659869,1503,0.234375,0
1262,2661372,1503,0.234375,0
1263,2662875,1503,0.234375,0
1264,2664378,1503,0.234375,0
1265,2665881,1503,0.234375,0
1266,2667384,1503,0.234375,0
1267,2668887,1503,0.234375,0
1268,2670390,1503,0.234375,0
1269,2671893,1503,0.234375,0
1270,2673396,1503,0.234375,0
1271,2674899,1503,0.234375,0
1272,2676402,1503,0.234375,0
1273,2677905,1503,0.234375,0
1274,2679408,1503,0.234375,0
1275,2680911,1503,0.234375,0
1276,2682653,1742,0.328125,0
1277,2685587,2934,0.242188,0
1278,2686736,1149,0.703125,0
1279,2690546,3810,0.3125,0
1280,2697994,7448,0.21875,0
1281,2712938,14944,0.34375,0
1282,2725744,12806,0.632812,0
1283,2726318,574,0.15625,0
1284,2727196,878,0.625,0
1285,2730940,3744,0.3125,0
1286,2738388,7448,0.21875,0
1287,2753341,14953,0.34375,0
1288,2766155,12814,0.632812,0
1289,2766831,676,0.171875,0
1290,2767735,904,0.625,0
1291,2771479,3744,0.3125,0
1292,2778927,7448,0.21875,0
1293,2793871,14944,0.34375,0
1294,2806678,12807,0.632812,0
1295,2811211,4533,0.226562,0
1296,2816121,4910,0.171875,0
1297,2816503,382,0.101562,0
1298,2817016,513,0.109375,0
1299,2817463,447,0.101562,0
1300,2817919,456,0.132812,0
1301,2818458,539,0.125,0
1302,2818967,509,0.132812,0
1303,2820798,1831,0.140625,0
1304,2821520,722,0.140625,0
1305,2828749,7229,0.171875,0
1306,2829252,503,0.101562,0
1307,2829708,456,0.132812,0
1308,2830195,487,0.132812,0
1309,2831183,988,0.148438,0
1310,2831428,245,0.078125,0
1311,2832069,641,0.109375,0
1312,2832244,175,0.0078125,0
1313,2833819,1575,0.15625,0
1314,2839994,6175,0.296875,0
1315,2841082,1088,0.132812,0
1316,2848868,7786,0.171875,0
1317,2849250,382,0.101562,0
1318,2849763,513,0.109375,0
1319,2850209,446,0.101562,0
1320,2850665,456,0.132812,0
1321,2851204,539,0.125,0
1322,2851713,509,0.132812,0
1323,2853544,1831,0.140625,0
1324,2854266,722,0.140625,0
1325,2861495,7229,0.171875,0
1326,2861998,503,0.101562,0
1327,2862454,456,0.132812,0
1328,2862941,487,0.132812,0
1329,2863929,988,0.148438,0
1330,2864174,245,0.078125,0
1331,2864815,641,0.109375,0
1332,2864990,175,0.0078125,0
1333,2866565,1575,0.15625,0
1334,2872706,6141,0.296875,0
1335,2878198,5492,0.375,0
1336,2879305,1107,0.109375,0
1337,2887088,7783,0.171875,0
1338,2887470,382,0.101562,0
1339,2887983,513,0.109375,0
1340,2888429,446,0.101562,0
1341,2888885,456,0.132812,0
1342,2889424,539,0.125,0
1343,2889933,509,0.132812,0
1344,2891764,1831,0.140625,0
1345,2892486,722,0.140625,0
1346,2899715,7229,0.171875,0
1347,2900218,503,0.101562,0
1348,2900674,456,0.132812,0
1349,2901161,487,0.132812,0
1350,2902149,988,0.148438,0
1351,2902394,245,0.078125,0
1352,2903035,641,0.109375,0
1353,2903210,175,0.0078125,0
1354,2904785,1575,0.15625,0
1355,2910918,6133,0.203125,0
1356,2911843,925,0.109375,0
1357,2919627,7784,0.171875,0
1358,2920009,382,0.101562,0
1359,2920522,513,0.109375,0
1360,2920969,447,0.101562,0
1361,2921425,456,0.132812,0
1362,2921964,539,0.125,0
1363,2922473,509,0.132812,0
1364,2924304,1831,0.140625,0
1365,2925026,722,0.140625,0
1366,2932255,7229,0.171875,0
1367,2932758,503,0.101562,0
1368,2933214,456,0.132812,0
1369,2933701,487,0.132812,0
1370,2934689,988,0.148438,0
1371,2934934,245,0.078125,0
1372,2935575,641,0.109375,0
1373,2935750,175,0.0078125,0
1374,2937325,1575,0.15625,0
1375,2948507,11182,0.367188,0
1376,2949601,1094,0.109375,0
1377,2957385,7784,0.171875,0
1378,2957767,382,0.101562,0
1379,2958280,513,0.109375,0
1380,2958727,447,0.101562,0
1381,2959183,456,0.132812,0
1382,2959722,539,0.125,0
1383,2960231,509,0.132812,0
1384,2962062,1831,0.140625,0
1385,2962784,722,0.140625,0
1386,2970013,7229,0.171875,0
1387,2970516,503,0.101562,0
1388,2970972,456,0.132812,0
1389,2971459,487,0.132812,0
1390,2972447,988,0.148438,0
1391,2972692,245,0.078125,0
1392,2973333,641,0.109375,0
1393,2973508,175,0.0078125,0
1394,2975083,1575,0.15625,0
1395,2981258,6175,0.296875,0
1396,2982346,1088,0.132812,0
1397,2990132,7786,0.171875,0
1398,2990514,382,0.101562,0
1399,2991027,513,0.109375,0
1400,2991473,446,0.101562,0
1401,2991929,456,0.132812,0
1402,2992468,539,0.125,0
1403,2992977,509,0.132812,0
1404,2994808,1831,0.140625,0
1405,2995530,722,0.140625,0
1406,3002759,7229,0.171875,0
1407,3003262,503,0.101562,0
1408,3003718,456,0.132812,0
1409,3004205,487,0.132812,0
1410,3005193,988,0.148438,0
1411,3005438,245,0.078125,0
1412,3006079,641,0.109375,0
1413,3006254,175,0.0078125,0
1414,3007829,1575,0.15625,0
1415,3013970,6141,0.296875,0
1416,3020939,6969,0.304688,0
1417,3022107,1168,0.625,0
1418,3025851,3744,0.3125,0
1419,3033299,7448,0.21875,0
1420,3048252,14953,0.34375,0
1421,3061063,12811,0.632812,0
1422,3065706,4643,0.226562,0
1423,3070620,4914,0.171875,0
1424,3071002,382,0.101562,0
1425,3071515,513,0.109375,0
1426,3071962,447,0.101562,0
1427,3072418,456,0.132812,0
1428,3072957,539,0.125,0
1429,3073466,509,0.132812,0
1430,3075297,1831,0.140625,0
1431,3076019,722,0.140625,0
1432,3083248,7229,0.171875,0
1433,3083751,503,0.101562,0
1434,3084207,456,0.132812,0
1435,3084694,487,0.132812,0
1436,3085682,988,0.148438,0
1437,3085927,245,0.078125,0
1438,3086568,641,0.109375,0
1439,3086743,175,0.0078125,0
1440,3088318,1575,0.15625,0
1441,3094451,6133,0.203125,0
1442,3095376,925,0.109375,0
1443,3103160,7784,0.171875,0
1444,3103542,382,0.101562,0
1445,3104055,513,0.109375,0
1446,3104502,447,0.101562,0
1447,3104958,456,0.132812,0
1448,3105497,539,0.125,0
1449,3106006,509,0.132812,0
1450,3107837,1831,0.140625,0
1451,3108559,722,0.140625,0
1452,3115788,7229,0.171875,0
1453,3116291,503,0.101562,0
1454,3116747,456,0.132812,0
1455,3117234,487,0.132812,0
1456,3118222,988,0.148438,0
1457,3118467,245,0.078125,0
1458,3119108,641,0.109375,0
1459,3119283,175,0.0078125,0
1460,3120858,1575,0.15625,0
1461,3132174,11316,0.296875,0
1462,3133558,1384,0.132812,0
1463,3148755,15197,0.320312,0
1464,3149525,770,0.15625,0
1465,3150006,481,0.109375,0
1466,3150632,626,0.164062,0
1467,3151507,875,0.195312,0
1468,3151935,428,0.09375,0
1469,3152107,172,0.0234375,0
1470,3152678,571,0.164062,0
1471,3153271,593,0.148438,0
1472,3153620,349,0.0703125,0
1473,3153887,267,0.0625,0
1474,3154411,524,0.148438,0
1475,3154938,527,0.09375,0
1476,3155142,204,0.0546875,0
1477,3155764,622,0.164062,0
1478,3156344,580,0.148438,0
1479,3157110,766,0.15625,0
1480,3157297,187,0.03125,0
1481,3157389,92,0.03125,0
1482,3157475,86,0.0234375,0
1483,3157537,62,0.015625,0
1484,3157613,76,0.0234375,0
1485,3158000,387,0.109375,0
1486,3158462,462,0.125,0
1487,3163449,4987,0.109375,0
1488,3182705,19256,0.234375,0
1489,3184314,1609,0.234375,0
1490,3185923,1609,0.234375,0
1491,3187532,1609,0.234375,0
1492,3195478,7946,0.234375,0
1493,3197093,1615,0.234375,0
1494,3198708,1615,0.234375,0
1495,3200323,1615,0.234375,0
1496,3214828,14505,0.234375,0
1497,3216443,1615,0.234375,0
1498,3218058,1615,0.234375,0
1499,3219673,1615,0.234375,0
1500,3227593,7920,0.234375,0
1501,3229208,1615,0.234375,0
1502,3230823,1615,0.234375,0
1503,3232438,1615,0.234375,0
1504,3239393,6955,0.320312,0
1505,3240057,664,0.117188,0
1506,3240682,625,0.164062,0
1507,3241092,410,0.09375,0
1508,3241586,494,0.109375,0
1509,3242026,440,0.117188,0
1510,3242461,435,0.09375,0
1511,3242774,313,0.078125,0
1512,3243366,592,0.140625,0
1513,3243810,444,0.109375,0
1514,3244132,322,0.0625,0
1515,3244501,369,0.101562,0
1516,3245212,711,0.1875,0
1517,3245655,443,0.0859375,0
1518,3246188,533,0.132812,0
1519,3246471,283,0.0703125,0
1520,3247225,754,0.171875,0
1521,3247495,270,0.0546875,0
1522,3247664,169,0.046875,0
1523,3248018,354,0.101562,0
1524,3248471,453,0.125,0
1525,3253968,5497,0.046875,0
1526,3269939,15971,0.414062,0
1527,3272122,2183,0.34375,0
1528,3273296,1174,0.414062,0
1529,3275336,2040,0.28125,0
1530,3276234,898,0.015625,0
1531,3276699,465,0.015625,0
1532,3277164,465,0.015625,0
1533,3277629,465,0.015625,0
1534,3278094,465,0.015625,0
1535,3278559,465,0.015625,0
1536,3279024,465,0.015625,0
1537,3279489,465,0.015625,0
1538,3279954,465,0.015625,0
1539,3280419,465,0.015625,0
1540,3280884,465,0.015625,0
1541,3281349,465,0.015625,0
1542,3281814,465,0.015625,0
1543,3282279,465,0.015625,0
1544,3282744,465,0.015625,0
1545,3283209,465,0.015625,0
1546,3283674,465,0.015625,0
1547,3284139,465,0.015625,0
1548,3284604,465,0.015625,0
1549,3285069,465,0.015625,0
1550,3285534,465,0.015625,0
1551,3285999,465,0.015625,0
1552,3286464,465,0.015625,0
1553,3286929,465,0.015625,0
1554,3287394,465,0.015625,0
1555,3287859,465,0.015625,0
1556,3288324,465,0.015625,0
1557,3288789,465,0.015625,0
1558,3289254,465,0.015625,0
1559,3289719,465,0.015625,0
1560,3290184,465,0.015625,0
1561,3290649,465,0.015625,0
1562,3291114,465,0.015625,0
1563,3291580,466,0.015625,0
1564,3292045,465,0.015625,0
1565,3292510,465,0.015625,0
1566,3292976,466,0.015625,0
1567,3293441,465,0.015625,0
1568,3293905,464,0.015625,0
1569,3294370,465,0.015625,0
1570,3294836,466,0.015625,0
1571,3295301,465,0.015625,0
1572,3295765,464,0.015625,0
1573,3296230,465,0.015625,0
1574,3296696,466,0.015625,0
1575,3297161,465,0.015625,0
1576,3297625,464,0.015625,0
1577,3298090,465,0.015625,0
1578,3298556,466,0.015625,0
1579,3299021,465,0.015625,0
1580,3299485,464,0.015625,0
1581,3299950,465,0.015625,0
1582,3300416,466,0.015625,0
1583,3300881,465,0.015625,0
1584,3301345,464,0.015625,0
1585,3301810,465,0.015625,0
1586,3302276,466,0.015625,0
1587,3302741,465,0.015625,0
1588,3303205,464,0.015625,0
1589,3303670,465,0.015625,0
1590,3306129,2459,0.4375,0
1591,3307891,1762,0.09375,0
1592,3316958,9067,0.421875,0
1593,3319086,2128,0.296875,0
1594,3321243,2157,0.421875,0
1595,3324905,3662,0.40625,0
1596,3327680,2775,0.429688,0
1597,3329669,1989,0.421875,0
