checkpoints,cycle count,last checkpoint,dirty ratio,cause
1,280311,280311,0.273438,0
2,288069,7758,0.15625,0
3,294060,5991,0.164062,0
4,299675,5615,0.171875,0
5,305747,6072,0.164062,0
6,308340,2593,0.1875,0
7,314162,5822,0.148438,0
8,319604,5442,0.164062,0
9,325775,6171,0.164062,0
10,331390,5615,0.171875,0
11,337462,6072,0.164062,0
12,344992,7530,0.367188,0
13,351449,6457,0.148438,0
14,356575,5126,0.164062,0
15,362746,6171,0.164062,0
16,368361,5615,0.171875,0
17,374433,6072,0.164062,0
18,377189,2756,0.304688,0
19,383054,5865,0.148438,0
20,388496,5442,0.164062,0
21,394667,6171,0.164062,0
22,400282,5615,0.171875,0
23,406354,6072,0.164062,0
24,413804,7450,0.335938,0
25,416265,2461,0.648438,0
26,417122,857,0.351562,0
27,424145,7023,0.132812,0
28,442754,18609,0.25,0
29,455662,12908,0.671875,0
30,457789,2127,0.273438,0
31,462749,4960,0.148438,0
32,467875,5126,0.164062,0
33,474046,6171,0.164062,0
34,479661,5615,0.171875,0
35,485733,6072,0.164062,0
36,488326,2593,0.1875,0
37,494148,5822,0.148438,0
38,499590,5442,0.164062,0
39,505761,6171,0.164062,0
40,511376,5615,0.171875,0
41,517448,6072,0.164062,0
42,525689,8241,0.335938,0
43,552279,26590,0.484375,0
44,553680,1401,0.34375,0
45,636652,82972,0.515625,0
46,702869,66217,0.664062,0
47,703998,1129,0.492188,0
48,711075,7077,0.132812,0
49,729675,18600,0.25,0
50,742574,12899,0.671875,0
51,743548,974,0.640625,0
52,744186,638,0.25,0
53,751146,6960,0.132812,0
54,769755,18609,0.25,0
55,782616,12861,0.671875,0
56,783737,1121,0.664062,0
57,784392,655,0.25,0
58,791352,6960,0.132812,0
59,809952,18600,0.25,0
60,822859,12907,0.671875,0
61,827998,5139,0.171875,0
62,834169,6171,0.171875,0
63,840455,6286,0.171875,0
64,846630,6175,0.171875,0
65,852702,6072,0.164062,0
66,855458,2756,0.304688,0
67,861323,5865,0.148438,0
68,866765,5442,0.164062,0
69,872936,6171,0.164062,0
70,878551,5615,0.171875,0
71,884623,6072,0.164062,0
72,892082,7459,0.335938,0
73,924122,32040,0.179688,0
74,929757,5635,0.148438,0
75,935199,5442,0.164062,0
76,941370,6171,0.164062,0
77,946985,5615,0.171875,0
78,953057,6072,0.164062,0
79,960594,7537,0.367188,0
80,967051,6457,0.148438,0
81,972177,5126,0.164062,0
82,978348,6171,0.164062,0
83,983963,5615,0.171875,0
84,990035,6072,0.164062,0
85,992791,2756,0.304688,0
86,998656,5865,0.148438,0
87,1004098,5442,0.164062,0
88,1010269,6171,0.164062,0
89,1015884,5615,0.171875,0
90,1021956,6072,0.164062,0
91,1029406,7450,0.335938,0
92,1031872,2466,0.648438,0
93,1032729,857,0.351562,0
94,1039752,7023,0.132812,0
95,1058361,18609,0.25,0
96,1071270,12909,0.671875,0
97,1073397,2127,0.273438,0
98,1078357,4960,0.148438,0
99,1083483,5126,0.164062,0
100,1089654,6171,0.164062,0
101,1095269,5615,0.171875,0
102,1101341,6072,0.164062,0
103,1103934,2593,0.1875,0
104,1109756,5822,0.148438,0
105,1115198,5442,0.164062,0
106,1121369,6171,0.164062,0
107,1126984,5615,0.171875,0
108,1133056,6072,0.164062,0
109,1141300,8244,0.335938,0
110,1168028,26728,0.484375,0
111,1169424,1396,0.34375,0
112,1252428,83004,0.507812,0
113,1318601,66173,0.664062,0
114,1319730,1129,0.492188,0
115,1326807,7077,0.132812,0
116,1345407,18600,0.25,0
117,1358302,12895,0.671875,0
118,1359276,974,0.640625,0
119,1359914,638,0.25,0
120,1366874,6960,0.132812,0
121,1385483,18609,0.25,0
122,1398347,12864,0.671875,0
123,1399468,1121,0.664062,0
124,1400123,655,0.25,0
125,1407083,6960,0.132812,0
126,1425683,18600,0.25,0
127,1438589,12906,0.671875,0
128,1443728,5139,0.171875,0
129,1449899,6171,0.171875,0
130,1456185,6286,0.171875,0
131,1462360,6175,0.171875,0
132,1468432,6072,0.164062,0
133,1471188,2756,0.304688,0
134,1477053,5865,0.148438,0
135,1482495,5442,0.164062,0
136,1488666,6171,0.164062,0
137,1494281,5615,0.171875,0
138,1500353,6072,0.164062,0
139,1507797,7444,0.335938,0
140,1512740,4943,0.195312,0
141,1519133,6393,0.171875,0
142,1525419,6286,0.171875,0
143,1531594,6175,0.171875,0
144,1537666,6072,0.164062,0
145,1540259,2593,0.1875,0
146,1546081,5822,0.148438,0
147,1551523,5442,0.164062,0
148,1557694,6171,0.164062,0
149,1563309,5615,0.171875,0
150,1569381,6072,0.164062,0
151,1576894,7513,0.367188,0
152,1583351,6457,0.148438,0
153,1588477,5126,0.164062,0
154,1594648,6171,0.164062,0
155,1600263,5615,0.171875,0
156,1606335,6072,0.164062,0
157,1609091,2756,0.304688,0
158,1614956,5865,0.148438,0
159,1620398,5442,0.164062,0
160,1626569,6171,0.164062,0
161,1632184,5615,0.171875,0
162,1638256,6072,0.164062,0
163,1646798,8542,0.453125,0
164,1648692,1894,0.8125,0
165,1659814,11122,0.21875,0
166,1674700,14886,0.25,0
167,1687608,12908,0.671875,0
168,1690417,2809,0.25,0
169,1694697,4280,0.148438,0
170,1699823,5126,0.164062,0
171,1705994,6171,0.164062,0
172,1711609,5615,0.171875,0
173,1717681,6072,0.164062,0
174,1720274,2593,0.1875,0
175,1726096,5822,0.148438,0
176,1731538,5442,0.164062,0
177,1737709,6171,0.164062,0
178,1743324,5615,0.171875,0
179,1749396,6072,0.164062,0
180,1757636,8240,0.335938,0
181,1784202,26566,0.484375,0
182,1785597,1395,0.34375,0
183,1868603,83006,0.507812,0
184,1934768,66165,0.664062,0
185,1935897,1129,0.492188,0
186,1942974,7077,0.132812,0
187,1961574,18600,0.25,0
188,1974478,12904,0.671875,0
189,1975452,974,0.640625,0
190,1976090,638,0.25,0
191,1983050,6960,0.132812,0
192,2001659,18609,0.25,0
193,2014519,12860,0.671875,0
194,2015640,1121,0.664062,0
195,2016295,655,0.25,0
196,2023255,6960,0.132812,0
197,2041855,18600,0.25,0
198,2054765,12910,0.671875,0
199,2059904,5139,0.171875,0
200,2066075,6171,0.171875,0
201,2072361,6286,0.171875,0
202,2078536,6175,0.171875,0
203,2084608,6072,0.164062,0
204,2087364,2756,0.304688,0
205,2093229,5865,0.148438,0
206,2098671,5442,0.164062,0
207,2104842,6171,0.164062,0
208,2110457,5615,0.171875,0
209,2116529,6072,0.164062,0
210,2123993,7464,0.335938,0
211,2156033,32040,0.179688,0
212,2161668,5635,0.148438,0
213,2167110,5442,0.164062,0
214,2173281,6171,0.164062,0
215,2178896,5615,0.171875,0
216,2184968,6072,0.164062,0
217,2192502,7534,0.367188,0
218,2198959,6457,0.148438,0
219,2204085,5126,0.164062,0
220,2210256,6171,0.164062,0
221,2215871,5615,0.171875,0
222,2221943,6072,0.164062,0
223,2224699,2756,0.304688,0
224,2230564,5865,0.148438,0
225,2236006,5442,0.164062,0
226,2242177,6171,0.164062,0
227,2247792,5615,0.171875,0
228,2253864,6072,0.164062,0
229,2261314,7450,0.335938,0
230,2263783,2469,0.648438,0
231,2264640,857,0.351562,0
232,2271663,7023,0.132812,0
233,2290272,18609,0.25,0
234,2303187,12915,0.671875,0
235,2305314,2127,0.273438,0
236,2310274,4960,0.148438,0
237,2315400,5126,0.164062,0
238,2321571,6171,0.164062,0
239,2327186,5615,0.171875,0
240,2333258,6072,0.164062,0
241,2335851,2593,0.1875,0
242,2341673,5822,0.148438,0
243,2347115,5442,0.164062,0
244,2353286,6171,0.164062,0
245,2358901,5615,0.171875,0
246,2364973,6072,0.164062,0
247,2373215,8242,0.335938,0
248,2399715,26500,0.484375,0
249,2401111,1396,0.34375,0
250,2484119,83008,0.507812,0
251,2550279,66160,0.664062,0
252,2551408,1129,0.492188,0
253,2558485,7077,0.132812,0
254,2577085,18600,0.25,0
255,2589984,12899,0.671875,0
256,2590958,974,0.640625,0
257,2591596,638,0.25,0
258,2598556,6960,0.132812,0
259,2617165,18609,0.25,0
260,2630028,12863,0.671875,0
261,2631129,1101,0.648438,0
262,2631779,650,0.257812,0
263,2638766,6987,0.132812,0
264,2657366,18600,0.25,0
265,2670267,12901,0.671875,0
266,2675406,5139,0.171875,0
267,2681577,6171,0.171875,0
268,2687863,6286,0.171875,0
269,2694038,6175,0.171875,0
270,2700110,6072,0.164062,0
271,2702866,2756,0.304688,0
272,2708731,5865,0.148438,0
273,2714173,5442,0.164062,0
274,2720344,6171,0.164062,0
275,2725959,5615,0.171875,0
276,2732031,6072,0.164062,0
277,2739470,7439,0.335938,0
278,2744413,4943,0.195312,0
279,2750806,6393,0.171875,0
280,2757092,6286,0.171875,0
281,2763267,6175,0.171875,0
282,2769339,6072,0.164062,0
283,2771932,2593,0.1875,0
284,2777754,5822,0.148438,0
285,2783196,5442,0.164062,0
286,2789367,6171,0.164062,0
287,2794982,5615,0.171875,0
288,2801054,6072,0.164062,0
289,2808560,7506,0.367188,0
290,2815017,6457,0.148438,0
291,2820143,5126,0.164062,0
292,2826314,6171,0.164062,0
293,2831929,5615,0.171875,0
294,2838001,6072,0.164062,0
295,2840757,2756,0.304688,0
296,2846622,5865,0.148438,0
297,2852064,5442,0.164062,0
298,2858235,6171,0.164062,0
299,2863850,5615,0.171875,0
300,2869922,6072,0.164062,0
301,2878480,8558,0.453125,0
302,2880366,1886,0.8125,0
303,2891488,11122,0.21875,0
304,2906374,14886,0.25,0
305,2919281,12907,0.671875,0
306,2921408,2127,0.273438,0
307,2926368,4960,0.148438,0
308,2931494,5126,0.164062,0
309,2937665,6171,0.164062,0
310,2943280,5615,0.171875,0
311,2949352,6072,0.164062,0
312,2951945,2593,0.1875,0
313,2957767,5822,0.148438,0
314,2963209,5442,0.164062,0
315,2969380,6171,0.164062,0
316,2974995,5615,0.171875,0
317,2981067,6072,0.164062,0
318,2989333,8266,0.335938,0
319,3016112,26779,0.484375,0
320,3017512,1400,0.34375,0
321,3100732,83220,0.398438,0
322,3101342,610,0.015625,0
323,3101649,307,0.015625,0
324,3101956,307,0.015625,0
325,3102263,307,0.015625,0
326,3102570,307,0.015625,0
327,3102877,307,0.015625,0
328,3103183,306,0.015625,0
329,3103489,306,0.015625,0
330,3103795,306,0.015625,0
331,3104102,307,0.015625,0
332,3104409,307,0.015625,0
333,3104716,307,0.015625,0
334,3105023,307,0.015625,0
335,3105330,307,0.015625,0
336,3105637,307,0.015625,0
337,3105944,307,0.015625,0
338,3106251,307,0.015625,0
339,3106558,307,0.015625,0
340,3106865,307,0.015625,0
341,3107172,307,0.015625,0
342,3107479,307,0.015625,0
343,3107786,307,0.015625,0
344,3108093,307,0.015625,0
345,3108400,307,0.015625,0
346,3108707,307,0.015625,0
347,3109014,307,0.015625,0
348,3109321,307,0.015625,0
349,3109628,307,0.015625,0
350,3109935,307,0.015625,0
351,3110242,307,0.015625,0
352,3110549,307,0.015625,0
353,3110856,307,0.015625,0
354,3111163,307,0.015625,0
355,3111470,307,0.015625,0
356,3111777,307,0.015625,0
357,3112084,307,0.015625,0
358,3112391,307,0.015625,0
359,3112698,307,0.015625,0
360,3113005,307,0.015625,0
361,3113312,307,0.015625,0
362,3113619,307,0.015625,0
363,3113926,307,0.015625,0
364,3114233,307,0.015625,0
365,3116223,1990,0.46875,0
366,3117121,898,0.34375,0
367,3119925,2804,0.515625,0
368,3146949,27024,0.421875,0
369,3149182,2233,0.484375,0
370,3162257,13075,0.46875,0
371,3164729,2472,0.476562,0
372,3167859,3130,0.414062,0
373,3169528,1669,0.34375,0
