checkpoints,cycle count,last checkpoint,dirty ratio,cause
1,339183,339183,0.828125,0
2,345746,6563,0.28125,0
3,350976,5230,0.3125,0
4,356830,5854,0.34375,0
5,362877,6047,0.328125,0
6,368962,6085,0.328125,0
7,371578,2616,0.375,0
8,377555,5977,0.296875,0
9,383153,5598,0.3125,0
10,389007,5854,0.34375,0
11,395054,6047,0.328125,0
12,401139,6085,0.328125,0
13,408842,7703,0.734375,0
14,415356,6514,0.28125,0
15,420586,5230,0.3125,0
16,426440,5854,0.34375,0
17,432487,6047,0.328125,0
18,438572,6085,0.328125,0
19,441254,2682,0.578125,0
20,441653,399,0.21875,0
21,447469,5816,0.296875,0
22,453067,5598,0.3125,0
23,458921,5854,0.34375,0
24,464968,6047,0.328125,0
25,471053,6085,0.328125,0
26,473697,2644,0.578125,0
27,478875,5178,0.125,0
28,480582,1707,0.328125,0
29,481586,1004,1,0
30,481986,400,0.265625,0
31,524015,42029,1,0
32,524866,851,0.296875,0
33,526660,1794,0.53125,0
34,531730,5070,0.28125,0
35,536960,5230,0.3125,0
36,542814,5854,0.34375,0
37,548861,6047,0.328125,0
38,554946,6085,0.328125,0
39,557562,2616,0.375,0
40,563539,5977,0.296875,0
41,569137,5598,0.3125,0
42,574991,5854,0.34375,0
43,581038,6047,0.328125,0
44,587123,6085,0.328125,0
45,594958,7835,0.515625,0
46,595810,852,0.203125,0
47,596578,768,0.171875,0
48,597140,562,0.140625,0
49,599304,2164,0.359375,0
50,600191,887,0.1875,0
51,602039,1848,0.265625,0
52,603493,1454,0.25,0
53,604252,759,0.171875,0
54,606910,2658,0.328125,0
55,607955,1045,0.203125,0
56,608752,797,0.3125,0
57,614611,5859,0.359375,0
58,614876,265,0.046875,0
59,615206,330,0.15625,0
60,615808,602,0.28125,0
61,616257,449,0.15625,0
62,616717,460,0.203125,0
63,617089,372,0.171875,0
64,617495,406,0.1875,0
65,617668,173,0.046875,0
66,618052,384,0.203125,0
67,618794,742,0.28125,0
68,619119,325,0.140625,0
69,619283,164,0.078125,0
70,619486,203,0.0625,0
71,619583,97,0.046875,0
72,619955,372,0.203125,0
73,620396,441,0.203125,0
74,620628,232,0.03125,0
75,621241,613,0.328125,0
76,621660,419,0.125,0
77,621788,128,0.046875,0
78,622331,543,0.3125,0
79,622787,456,0.078125,0
80,622914,127,0.0625,0
81,622982,68,0.046875,0
82,623334,352,0.15625,0
83,623457,123,0.046875,0
84,623732,275,0.109375,0
85,623842,110,0.046875,0
86,624408,566,0.21875,0
87,625751,1343,0.171875,0
88,629771,4020,0.21875,0
89,630713,942,0.46875,0
90,632028,1315,0.46875,0
91,633204,1176,0.46875,0
92,634376,1172,0.46875,0
93,635552,1176,0.46875,0
94,636724,1172,0.46875,0
95,637900,1176,0.46875,0
96,639072,1172,0.46875,0
97,640596,1524,0.46875,0
98,641815,1219,0.46875,0
99,643050,1235,0.46875,0
100,644175,1125,0.46875,0
101,645410,1235,0.46875,0
102,646535,1125,0.46875,0
103,647770,1235,0.46875,0
104,648895,1125,0.46875,0
105,650130,1235,0.46875,0
106,651382,1252,0.28125,0
107,652227,845,0.46875,0
108,653397,1170,0.46875,0
109,654595,1198,0.46875,0
110,655765,1170,0.46875,0
111,656963,1198,0.46875,0
112,658133,1170,0.46875,0
113,659331,1198,0.46875,0
114,660870,1539,0.46875,0
115,662067,1197,0.46875,0
116,663324,1257,0.46875,0
117,664422,1098,0.46875,0
118,665679,1257,0.46875,0
119,666777,1098,0.46875,0
120,668034,1257,0.46875,0
121,669132,1098,0.46875,0
122,670389,1257,0.46875,0
123,671665,1276,0.203125,0
124,672366,701,0.46875,0
125,673515,1149,0.46875,0
126,674734,1219,0.46875,0
127,675883,1149,0.46875,0
128,677102,1219,0.46875,0
129,678251,1149,0.46875,0
130,679470,1219,0.46875,0
131,681010,1540,0.46875,0
132,682185,1175,0.46875,0
133,683462,1277,0.46875,0
134,684546,1084,0.46875,0
135,685823,1277,0.46875,0
136,686907,1084,0.46875,0
137,688184,1277,0.46875,0
138,689268,1084,0.46875,0
139,690545,1277,0.46875,0
140,691520,975,0.46875,0
141,692851,1331,0.46875,0
142,693986,1135,0.46875,0
143,695212,1226,0.46875,0
144,696347,1135,0.46875,0
145,697573,1226,0.46875,0
146,698708,1135,0.46875,0
147,699934,1226,0.46875,0
148,701482,1548,0.46875,0
149,702643,1161,0.1875,0
150,703351,708,0.46875,0
151,704473,1122,0.46875,0
152,705694,1221,0.46875,0
153,706816,1122,0.46875,0
154,708037,1221,0.46875,0
155,709159,1122,0.46875,0
156,710380,1221,0.46875,0
157,711937,1557,0.46875,0
158,713068,1131,0.46875,0
159,714348,1280,0.46875,0
160,715398,1050,0.46875,0
161,716678,1280,0.46875,0
162,717728,1050,0.46875,0
163,719008,1280,0.46875,0
164,720058,1050,0.46875,0
165,721338,1280,0.46875,0
166,721838,500,0.453125,0
167,722619,781,0.015625,0
168,723257,638,0.46875,0
169,724367,1110,0.46875,0
170,725574,1207,0.46875,0
171,726684,1110,0.46875,0
172,727891,1207,0.46875,0
173,729001,1110,0.46875,0
174,730208,1207,0.46875,0
175,731782,1574,0.453125,0
176,732884,1102,0.46875,0
177,734156,1272,0.46875,0
178,735206,1050,0.46875,0
179,736478,1272,0.46875,0
180,737528,1050,0.46875,0
181,738800,1272,0.46875,0
182,739850,1050,0.46875,0
183,741122,1272,0.46875,0
184,741730,608,0.453125,0
185,742352,622,0.046875,0
186,743027,675,0.484375,0
187,748501,5474,0.15625,0
188,749021,520,0.203125,0
189,749633,612,0.265625,0
190,750006,373,0.125,0
191,750480,474,0.203125,0
192,750791,311,0.109375,0
193,751256,465,0.234375,0
194,751559,303,0.109375,0
195,751774,215,0.0625,0
196,751961,187,0.09375,0
197,752292,331,0.15625,0
198,752763,471,0.1875,0
199,753217,454,0.203125,0
200,753538,321,0.109375,0
201,753820,282,0.15625,0
202,754351,531,0.203125,0
203,754503,152,0.046875,0
204,754870,367,0.203125,0
205,755232,362,0.171875,0
206,755866,634,0.234375,0
207,756076,210,0.09375,0
208,756459,383,0.078125,0
209,756707,248,0.09375,0
210,756810,103,0.046875,0
211,756980,170,0.078125,0
212,757082,102,0.0625,0
213,757175,93,0.046875,0
214,757383,208,0.125,0
215,757907,524,0.25,0
216,758317,410,0.1875,0
217,761322,3005,0.09375,0
218,763432,2110,0.234375,0
219,764016,584,0.4375,0
220,765502,1486,0.46875,0
221,767092,1590,0.46875,0
222,768270,1178,0.46875,0
223,769635,1365,0.21875,0
224,770145,510,0.46875,0
225,771283,1138,0.46875,0
226,772413,1130,0.46875,0
227,773551,1138,0.46875,0
228,774681,1130,0.46875,0
229,775819,1138,0.46875,0
230,776949,1130,0.46875,0
231,778287,1338,0.21875,0
232,778804,517,0.46875,0
233,779997,1193,0.46875,0
234,781083,1086,0.46875,0
235,782276,1193,0.46875,0
236,783362,1086,0.46875,0
237,784555,1193,0.46875,0
238,785641,1086,0.46875,0
239,786986,1345,0.21875,0
240,787503,517,0.46875,0
241,788697,1194,0.46875,0
242,789782,1085,0.46875,0
243,790976,1194,0.46875,0
244,792061,1085,0.46875,0
245,793255,1194,0.46875,0
246,794340,1085,0.46875,0
247,795534,1194,0.46875,0
248,796619,1085,0.46875,0
249,797813,1194,0.46875,0
250,798898,1085,0.46875,0
251,800092,1194,0.46875,0
252,801177,1085,0.46875,0
253,802371,1194,0.46875,0
254,803456,1085,0.46875,0
255,804650,1194,0.46875,0
256,805735,1085,0.46875,0
257,806929,1194,0.46875,0
258,808014,1085,0.46875,0
259,809208,1194,0.46875,0
260,810293,1085,0.46875,0
261,811487,1194,0.46875,0
262,812572,1085,0.46875,0
263,813766,1194,0.46875,0
264,814851,1085,0.46875,0
265,816045,1194,0.46875,0
266,817130,1085,0.46875,0
267,818324,1194,0.46875,0
268,819409,1085,0.46875,0
269,820603,1194,0.46875,0
270,821688,1085,0.46875,0
271,822882,1194,0.46875,0
272,823967,1085,0.46875,0
273,825161,1194,0.46875,0
274,826246,1085,0.46875,0
275,827440,1194,0.46875,0
276,828525,1085,0.46875,0
277,829719,1194,0.46875,0
278,830804,1085,0.46875,0
279,831998,1194,0.46875,0
280,833083,1085,0.46875,0
281,834277,1194,0.46875,0
282,835362,1085,0.46875,0
283,836556,1194,0.46875,0
284,837641,1085,0.46875,0
285,838835,1194,0.46875,0
286,839920,1085,0.46875,0
287,841114,1194,0.46875,0
288,842199,1085,0.46875,0
289,843393,1194,0.46875,0
290,844478,1085,0.46875,0
291,845672,1194,0.46875,0
292,846757,1085,0.46875,0
293,847951,1194,0.46875,0
294,849036,1085,0.46875,0
295,850230,1194,0.46875,0
296,851315,1085,0.46875,0
297,852509,1194,0.46875,0
298,853594,1085,0.46875,0
299,854788,1194,0.46875,0
300,855873,1085,0.46875,0
301,857067,1194,0.46875,0
302,858152,1085,0.46875,0
303,859346,1194,0.46875,0
304,860431,1085,0.46875,0
305,861625,1194,0.46875,0
306,862710,1085,0.46875,0
307,863904,1194,0.46875,0
308,864989,1085,0.46875,0
309,866183,1194,0.46875,0
310,867268,1085,0.46875,0
311,868462,1194,0.46875,0
312,869547,1085,0.46875,0
313,870741,1194,0.46875,0
314,871826,1085,0.46875,0
315,873020,1194,0.46875,0
316,874105,1085,0.46875,0
317,875299,1194,0.46875,0
318,876384,1085,0.46875,0
319,879582,3198,0.484375,0
320,880584,1002,1,0
321,880984,400,0.265625,0
322,922999,42015,1,0
323,923846,847,0.296875,0
324,924041,195,0.28125,0
325,924895,854,1,0
326,925296,401,0.265625,0
327,967310,42014,1,0
328,968121,811,0.28125,0
329,968450,329,0.328125,0
330,969315,865,1,0
331,969716,401,0.265625,0
332,1011716,42000,1,0
333,1012571,855,0.296875,0
334,1017487,4916,0.328125,0
335,1023749,6262,0.328125,0
336,1024293,544,0.265625,0
337,1030400,6107,0.34375,0
338,1036447,6047,0.328125,0
339,1042532,6085,0.328125,0
340,1045214,2682,0.578125,0
341,1045613,399,0.21875,0
342,1051429,5816,0.296875,0
343,1057027,5598,0.3125,0
344,1062881,5854,0.34375,0
345,1068928,6047,0.328125,0
346,1075013,6085,0.328125,0
347,1077657,2644,0.578125,0
348,1082844,5187,0.125,0
349,1087337,4493,0.40625,0
350,1093705,6368,0.34375,0
351,1094679,974,0.3125,0
352,1100807,6128,0.34375,0
353,1106854,6047,0.328125,0
354,1112939,6085,0.328125,0
355,1115555,2616,0.375,0
356,1121532,5977,0.296875,0
357,1127130,5598,0.3125,0
358,1132984,5854,0.34375,0
359,1139031,6047,0.328125,0
360,1145116,6085,0.328125,0
361,1152826,7710,0.734375,0
362,1159340,6514,0.28125,0
363,1164570,5230,0.3125,0
364,1170424,5854,0.34375,0
365,1176471,6047,0.328125,0
366,1182556,6085,0.328125,0
367,1185238,2682,0.578125,0
368,1185637,399,0.21875,0
369,1191453,5816,0.296875,0
370,1197051,5598,0.3125,0
371,1202905,5854,0.34375,0
372,1208952,6047,0.328125,0
373,1215037,6085,0.328125,0
374,1217681,2644,0.578125,0
375,1222859,5178,0.125,0
376,1224571,1712,0.328125,0
377,1225575,1004,1,0
378,1225975,400,0.265625,0
379,1268004,42029,1,0
380,1268856,852,0.296875,0
381,1270650,1794,0.53125,0
382,1275720,5070,0.28125,0
383,1280950,5230,0.3125,0
384,1286804,5854,0.34375,0
385,1292851,6047,0.328125,0
386,1298936,6085,0.328125,0
387,1301552,2616,0.375,0
388,1307529,5977,0.296875,0
389,1313127,5598,0.3125,0
390,1318981,5854,0.34375,0
391,1325028,6047,0.328125,0
392,1331113,6085,0.328125,0
393,1338949,7836,0.515625,0
394,1339803,854,0.203125,0
395,1340571,768,0.171875,0
396,1341231,660,0.15625,0
397,1343398,2167,0.359375,0
398,1344348,950,0.1875,0
399,1346818,2470,0.328125,0
400,1347757,939,0.1875,0
401,1349452,1695,0.28125,0
402,1350850,1398,0.21875,0
403,1351712,862,0.171875,0
404,1352563,851,0.1875,0
405,1352994,431,0.25,0
406,1358801,5807,0.328125,0
407,1358954,153,0.03125,0
408,1359228,274,0.109375,0
409,1359428,200,0.09375,0
410,1359594,166,0.0625,0
411,1360017,423,0.1875,0
412,1360501,484,0.1875,0
413,1361160,659,0.28125,0
414,1361296,136,0.03125,0
415,1361456,160,0.078125,0
416,1361604,148,0.046875,0
417,1361694,90,0.046875,0
418,1361917,223,0.125,0
419,1362462,545,0.25,0
420,1363027,565,0.21875,0
421,1363254,227,0.109375,0
422,1363403,149,0.0625,0
423,1363714,311,0.125,0
424,1363827,113,0.046875,0
425,1363899,72,0.046875,0
426,1364237,338,0.171875,0
427,1364488,251,0.109375,0
428,1364866,378,0.140625,0
429,1365161,295,0.140625,0
430,1365575,414,0.21875,0
431,1365959,384,0.125,0
432,1366062,103,0.046875,0
433,1366558,496,0.296875,0
434,1367011,453,0.078125,0
435,1367138,127,0.0625,0
436,1367206,68,0.046875,0
437,1367558,352,0.15625,0
438,1367681,123,0.046875,0
439,1367956,275,0.109375,0
440,1368066,110,0.046875,0
441,1368608,542,0.25,0
442,1369473,865,0.1875,0
443,1373976,4503,0.21875,0
444,1374918,942,0.46875,0
445,1376233,1315,0.46875,0
446,1377409,1176,0.46875,0
447,1378581,1172,0.46875,0
448,1379757,1176,0.46875,0
449,1380929,1172,0.46875,0
450,1382105,1176,0.46875,0
451,1383277,1172,0.46875,0
452,1384801,1524,0.46875,0
453,1386020,1219,0.46875,0
454,1387255,1235,0.46875,0
455,1388380,1125,0.46875,0
456,1389615,1235,0.46875,0
457,1390740,1125,0.46875,0
458,1391975,1235,0.46875,0
459,1393100,1125,0.46875,0
460,1394335,1235,0.46875,0
461,1395587,1252,0.28125,0
462,1396432,845,0.46875,0
463,1397602,1170,0.46875,0
464,1398800,1198,0.46875,0
465,1399970,1170,0.46875,0
466,1401168,1198,0.46875,0
467,1402338,1170,0.46875,0
468,1403536,1198,0.46875,0
469,1405075,1539,0.46875,0
470,1406272,1197,0.46875,0
471,1407529,1257,0.46875,0
472,1408627,1098,0.46875,0
473,1409884,1257,0.46875,0
474,1410982,1098,0.46875,0
475,1412239,1257,0.46875,0
476,1413337,1098,0.46875,0
477,1414594,1257,0.46875,0
478,1415870,1276,0.203125,0
479,1416571,701,0.46875,0
480,1417720,1149,0.46875,0
481,1418939,1219,0.46875,0
482,1420088,1149,0.46875,0
483,1421307,1219,0.46875,0
484,1422456,1149,0.46875,0
485,1423675,1219,0.46875,0
486,1425215,1540,0.46875,0
487,1426390,1175,0.46875,0
488,1427667,1277,0.46875,0
489,1428751,1084,0.46875,0
490,1430028,1277,0.46875,0
491,1431112,1084,0.46875,0
492,1432389,1277,0.46875,0
493,1433473,1084,0.46875,0
494,1434750,1277,0.46875,0
495,1435725,975,0.46875,0
496,1437056,1331,0.46875,0
497,1438191,1135,0.46875,0
498,1439417,1226,0.46875,0
499,1440552,1135,0.46875,0
500,1441778,1226,0.46875,0
501,1442913,1135,0.46875,0
502,1444139,1226,0.46875,0
503,1445687,1548,0.46875,0
504,1446848,1161,0.1875,0
505,1447556,708,0.46875,0
506,1448678,1122,0.46875,0
507,1449899,1221,0.46875,0
508,1451021,1122,0.46875,0
509,1452242,1221,0.46875,0
510,1453364,1122,0.46875,0
511,1454585,1221,0.46875,0
512,1456142,1557,0.46875,0
513,1457273,1131,0.46875,0
514,1458553,1280,0.46875,0
515,1459603,1050,0.46875,0
516,1460883,1280,0.46875,0
517,1461933,1050,0.46875,0
518,1463213,1280,0.46875,0
519,1464263,1050,0.46875,0
520,1465543,1280,0.46875,0
521,1466043,500,0.453125,0
522,1466824,781,0.015625,0
523,1467462,638,0.46875,0
524,1468572,1110,0.46875,0
525,1469779,1207,0.46875,0
526,1470889,1110,0.46875,0
527,1472096,1207,0.46875,0
528,1473206,1110,0.46875,0
529,1474413,1207,0.46875,0
530,1475987,1574,0.453125,0
531,1477089,1102,0.46875,0
532,1478361,1272,0.46875,0
533,1479411,1050,0.46875,0
534,1480683,1272,0.46875,0
535,1481733,1050,0.46875,0
536,1483005,1272,0.46875,0
537,1484055,1050,0.46875,0
538,1485327,1272,0.46875,0
539,1485935,608,0.453125,0
540,1486557,622,0.046875,0
541,1487232,675,0.484375,0
542,1492706,5474,0.15625,0
543,1493226,520,0.203125,0
544,1493838,612,0.265625,0
545,1494211,373,0.125,0
546,1494685,474,0.203125,0
547,1494996,311,0.109375,0
548,1495461,465,0.234375,0
549,1495764,303,0.109375,0
550,1495979,215,0.0625,0
551,1496166,187,0.09375,0
552,1496497,331,0.15625,0
553,1496968,471,0.1875,0
554,1497422,454,0.203125,0
555,1497743,321,0.109375,0
556,1498025,282,0.15625,0
557,1498556,531,0.203125,0
558,1498708,152,0.046875,0
559,1499075,367,0.203125,0
560,1499437,362,0.171875,0
561,1500071,634,0.234375,0
562,1500281,210,0.09375,0
563,1500664,383,0.078125,0
564,1500912,248,0.09375,0
565,1501015,103,0.046875,0
566,1501185,170,0.078125,0
567,1501287,102,0.0625,0
568,1501380,93,0.046875,0
569,1501588,208,0.125,0
570,1502112,524,0.25,0
571,1502522,410,0.1875,0
572,1505527,3005,0.09375,0
573,1507623,2096,0.21875,0
574,1508204,581,0.4375,0
575,1509690,1486,0.46875,0
576,1511280,1590,0.46875,0
577,1512458,1178,0.46875,0
578,1513823,1365,0.21875,0
579,1514333,510,0.46875,0
580,1515471,1138,0.46875,0
581,1516601,1130,0.46875,0
582,1517739,1138,0.46875,0
583,1518869,1130,0.46875,0
584,1520007,1138,0.46875,0
585,1521137,1130,0.46875,0
586,1522475,1338,0.21875,0
587,1522992,517,0.46875,0
588,1524185,1193,0.46875,0
589,1525271,1086,0.46875,0
590,1526464,1193,0.46875,0
591,1527550,1086,0.46875,0
592,1528743,1193,0.46875,0
593,1529829,1086,0.46875,0
594,1531174,1345,0.21875,0
595,1531691,517,0.46875,0
596,1532885,1194,0.46875,0
597,1533970,1085,0.46875,0
598,1535164,1194,0.46875,0
599,1536249,1085,0.46875,0
600,1537443,1194,0.46875,0
601,1538528,1085,0.46875,0
602,1539722,1194,0.46875,0
603,1540807,1085,0.46875,0
604,1542001,1194,0.46875,0
605,1543086,1085,0.46875,0
606,1544280,1194,0.46875,0
607,1545365,1085,0.46875,0
608,1546559,1194,0.46875,0
609,1547644,1085,0.46875,0
610,1548838,1194,0.46875,0
611,1549923,1085,0.46875,0
612,1551117,1194,0.46875,0
613,1552202,1085,0.46875,0
614,1553396,1194,0.46875,0
615,1554481,1085,0.46875,0
616,1555675,1194,0.46875,0
617,1556760,1085,0.46875,0
618,1557954,1194,0.46875,0
619,1559039,1085,0.46875,0
620,1560233,1194,0.46875,0
621,1561318,1085,0.46875,0
622,1562512,1194,0.46875,0
623,1563597,1085,0.46875,0
624,1564791,1194,0.46875,0
625,1565876,1085,0.46875,0
626,1567070,1194,0.46875,0
627,1568155,1085,0.46875,0
628,1569349,1194,0.46875,0
629,1570434,1085,0.46875,0
630,1571628,1194,0.46875,0
631,1572713,1085,0.46875,0
632,1573907,1194,0.46875,0
633,1574992,1085,0.46875,0
634,1576186,1194,0.46875,0
635,1577271,1085,0.46875,0
636,1578465,1194,0.46875,0
637,1579550,1085,0.46875,0
638,1580744,1194,0.46875,0
639,1581829,1085,0.46875,0
640,1583023,1194,0.46875,0
641,1584108,1085,0.46875,0
642,1585302,1194,0.46875,0
643,1586387,1085,0.46875,0
644,1587581,1194,0.46875,0
645,1588666,1085,0.46875,0
646,1589860,1194,0.46875,0
647,1590945,1085,0.46875,0
648,1592139,1194,0.46875,0
649,1593224,1085,0.46875,0
650,1594418,1194,0.46875,0
651,1595503,1085,0.46875,0
652,1596697,1194,0.46875,0
653,1597782,1085,0.46875,0
654,1598976,1194,0.46875,0
655,1600061,1085,0.46875,0
656,1601255,1194,0.46875,0
657,1602340,1085,0.46875,0
658,1603534,1194,0.46875,0
659,1604619,1085,0.46875,0
660,1605813,1194,0.46875,0
661,1606898,1085,0.46875,0
662,1608092,1194,0.46875,0
663,1609177,1085,0.46875,0
664,1610371,1194,0.46875,0
665,1611456,1085,0.46875,0
666,1612650,1194,0.46875,0
667,1613735,1085,0.46875,0
668,1614929,1194,0.46875,0
669,1616014,1085,0.46875,0
670,1617208,1194,0.46875,0
671,1618293,1085,0.46875,0
672,1619487,1194,0.46875,0
673,1620572,1085,0.46875,0
674,1623781,3209,0.484375,0
675,1624783,1002,1,0
676,1625183,400,0.265625,0
677,1667198,42015,1,0
678,1668041,843,0.296875,0
679,1668236,195,0.28125,0
680,1669090,854,1,0
681,1669491,401,0.265625,0
682,1711505,42014,1,0
683,1712319,814,0.28125,0
684,1712648,329,0.328125,0
685,1713513,865,1,0
686,1713914,401,0.265625,0
687,1755914,42000,1,0
688,1756768,854,0.296875,0
689,1761684,4916,0.328125,0
690,1767946,6262,0.328125,0
691,1768490,544,0.265625,0
692,1774597,6107,0.34375,0
693,1780644,6047,0.328125,0
694,1786729,6085,0.328125,0
695,1789411,2682,0.578125,0
696,1789810,399,0.21875,0
697,1795626,5816,0.296875,0
698,1801224,5598,0.3125,0
699,1807078,5854,0.34375,0
700,1813125,6047,0.328125,0
701,1819210,6085,0.328125,0
702,1821854,2644,0.578125,0
703,1827039,5185,0.125,0
704,1827306,267,0.375,0
705,1833780,6474,0.28125,0
706,1839010,5230,0.3125,0
707,1844864,5854,0.34375,0
708,1850911,6047,0.328125,0
709,1856996,6085,0.328125,0
710,1859612,2616,0.375,0
711,1865589,5977,0.296875,0
712,1871187,5598,0.3125,0
713,1877041,5854,0.34375,0
714,1883088,6047,0.328125,0
715,1889173,6085,0.328125,0
716,1896859,7686,0.734375,0
717,1903373,6514,0.28125,0
718,1908603,5230,0.3125,0
719,1914457,5854,0.34375,0
720,1920504,6047,0.328125,0
721,1926589,6085,0.328125,0
722,1929271,2682,0.578125,0
723,1929670,399,0.21875,0
724,1935486,5816,0.296875,0
725,1941084,5598,0.3125,0
726,1946938,5854,0.34375,0
727,1952985,6047,0.328125,0
728,1959070,6085,0.328125,0
729,1961714,2644,0.578125,0
730,1966915,5201,0.125,0
731,1968633,1718,0.328125,0
732,1969637,1004,1,0
733,1970037,400,0.265625,0
734,2012066,42029,1,0
735,2012917,851,0.296875,0
736,2013170,253,0.1875,0
737,2044965,31795,0.390625,0
738,2050949,5984,0.296875,0
739,2056547,5598,0.3125,0
740,2062401,5854,0.34375,0
741,2068448,6047,0.328125,0
742,2074533,6085,0.328125,0
743,2082362,7829,0.515625,0
744,2083219,857,0.203125,0
745,2083987,768,0.171875,0
746,2084553,566,0.140625,0
747,2085931,1378,0.28125,0
748,2087450,1519,0.25,0
749,2089815,2365,0.3125,0
750,2091476,1661,0.25,0
751,2092809,1333,0.234375,0
752,2094397,1588,0.265625,0
753,2095851,1454,0.25,0
754,2096254,403,0.15625,0
755,2101546,5292,0.109375,0
756,2102155,609,0.28125,0
757,2102592,437,0.1875,0
758,2102861,269,0.09375,0
759,2103515,654,0.328125,0
760,2103748,233,0.0625,0
761,2104158,410,0.1875,0
762,2104481,323,0.140625,0
763,2104712,231,0.109375,0
764,2104822,110,0.046875,0
765,2105045,223,0.125,0
766,2105621,576,0.265625,0
767,2106175,554,0.21875,0
768,2106387,212,0.09375,0
769,2106524,137,0.078125,0
770,2106747,223,0.078125,0
771,2106844,97,0.046875,0
772,2106916,72,0.046875,0
773,2107437,521,0.28125,0
774,2107954,517,0.171875,0
775,2108229,275,0.125,0
776,2108820,591,0.25,0
777,2109044,224,0.0625,0
778,2109119,75,0.046875,0
779,2109426,307,0.15625,0
780,2109687,261,0.125,0
781,2109884,197,0.09375,0
782,2110200,316,0.03125,0
783,2110310,110,0.0625,0
784,2110710,400,0.1875,0
785,2110843,133,0.046875,0
786,2111118,275,0.109375,0
787,2111228,110,0.046875,0
788,2111794,566,0.21875,0
789,2113137,1343,0.171875,0
790,2117151,4014,0.21875,0
791,2118093,942,0.46875,0
792,2119408,1315,0.46875,0
793,2120584,1176,0.46875,0
794,2121756,1172,0.46875,0
795,2122932,1176,0.46875,0
796,2124104,1172,0.46875,0
797,2125280,1176,0.46875,0
798,2126452,1172,0.46875,0
799,2127976,1524,0.46875,0
800,2129195,1219,0.46875,0
801,2130430,1235,0.46875,0
802,2131555,1125,0.46875,0
803,2132790,1235,0.46875,0
804,2133915,1125,0.46875,0
805,2135150,1235,0.46875,0
806,2136275,1125,0.46875,0
807,2137510,1235,0.46875,0
808,2138762,1252,0.28125,0
809,2139607,845,0.46875,0
810,2140777,1170,0.46875,0
811,2141975,1198,0.46875,0
812,2143145,1170,0.46875,0
813,2144343,1198,0.46875,0
814,2145513,1170,0.46875,0
815,2146711,1198,0.46875,0
816,2148250,1539,0.46875,0
817,2149447,1197,0.46875,0
818,2150704,1257,0.46875,0
819,2151802,1098,0.46875,0
820,2153059,1257,0.46875,0
821,2154157,1098,0.46875,0
822,2155414,1257,0.46875,0
823,2156512,1098,0.46875,0
824,2157769,1257,0.46875,0
825,2159045,1276,0.203125,0
826,2159746,701,0.46875,0
827,2160895,1149,0.46875,0
828,2162114,1219,0.46875,0
829,2163263,1149,0.46875,0
830,2164482,1219,0.46875,0
831,2165631,1149,0.46875,0
832,2166850,1219,0.46875,0
833,2168390,1540,0.46875,0
834,2169565,1175,0.46875,0
835,2170842,1277,0.46875,0
836,2171926,1084,0.46875,0
837,2173203,1277,0.46875,0
838,2174287,1084,0.46875,0
839,2175564,1277,0.46875,0
840,2176648,1084,0.46875,0
841,2177925,1277,0.46875,0
842,2178900,975,0.46875,0
843,2180231,1331,0.46875,0
844,2181366,1135,0.46875,0
845,2182592,1226,0.46875,0
846,2183727,1135,0.46875,0
847,2184953,1226,0.46875,0
848,2186088,1135,0.46875,0
849,2187314,1226,0.46875,0
850,2188862,1548,0.46875,0
851,2190023,1161,0.1875,0
852,2190731,708,0.46875,0
853,2191853,1122,0.46875,0
854,2193074,1221,0.46875,0
855,2194196,1122,0.46875,0
856,2195417,1221,0.46875,0
857,2196539,1122,0.46875,0
858,2197760,1221,0.46875,0
859,2199317,1557,0.46875,0
860,2200448,1131,0.46875,0
861,2201728,1280,0.46875,0
862,2202778,1050,0.46875,0
863,2204058,1280,0.46875,0
864,2205108,1050,0.46875,0
865,2206388,1280,0.46875,0
866,2207438,1050,0.46875,0
867,2208718,1280,0.46875,0
868,2209218,500,0.453125,0
869,2209999,781,0.015625,0
870,2210637,638,0.46875,0
871,2211747,1110,0.46875,0
872,2212954,1207,0.46875,0
873,2214064,1110,0.46875,0
874,2215271,1207,0.46875,0
875,2216381,1110,0.46875,0
876,2217588,1207,0.46875,0
877,2219162,1574,0.453125,0
878,2220264,1102,0.46875,0
879,2221536,1272,0.46875,0
880,2222586,1050,0.46875,0
881,2223858,1272,0.46875,0
882,2224908,1050,0.46875,0
883,2226180,1272,0.46875,0
884,2227230,1050,0.46875,0
885,2228502,1272,0.46875,0
886,2229110,608,0.453125,0
887,2229732,622,0.046875,0
888,2230407,675,0.484375,0
889,2235881,5474,0.15625,0
890,2236401,520,0.203125,0
891,2237013,612,0.265625,0
892,2237386,373,0.125,0
893,2237860,474,0.203125,0
894,2238171,311,0.109375,0
895,2238636,465,0.234375,0
896,2238939,303,0.109375,0
897,2239154,215,0.0625,0
898,2239341,187,0.09375,0
899,2239672,331,0.15625,0
900,2240143,471,0.1875,0
901,2240597,454,0.203125,0
902,2240918,321,0.109375,0
903,2241200,282,0.15625,0
904,2241731,531,0.203125,0
905,2241883,152,0.046875,0
906,2242250,367,0.203125,0
907,2242612,362,0.171875,0
908,2243246,634,0.234375,0
909,2243456,210,0.09375,0
910,2243839,383,0.078125,0
911,2244087,248,0.09375,0
912,2244190,103,0.046875,0
913,2244360,170,0.078125,0
914,2244462,102,0.0625,0
915,2244555,93,0.046875,0
916,2244763,208,0.125,0
917,2245287,524,0.25,0
918,2245697,410,0.1875,0
919,2248702,3005,0.09375,0
920,2250800,2098,0.21875,0
921,2251381,581,0.4375,0
922,2252867,1486,0.46875,0
923,2254457,1590,0.46875,0
924,2255635,1178,0.46875,0
925,2257000,1365,0.21875,0
926,2257510,510,0.46875,0
927,2258648,1138,0.46875,0
928,2259778,1130,0.46875,0
929,2260916,1138,0.46875,0
930,2262046,1130,0.46875,0
931,2263184,1138,0.46875,0
932,2264314,1130,0.46875,0
933,2265652,1338,0.21875,0
934,2266169,517,0.46875,0
935,2267362,1193,0.46875,0
936,2268448,1086,0.46875,0
937,2269641,1193,0.46875,0
938,2270727,1086,0.46875,0
939,2271920,1193,0.46875,0
940,2273006,1086,0.46875,0
941,2274351,1345,0.21875,0
942,2274868,517,0.46875,0
943,2276062,1194,0.46875,0
944,2277147,1085,0.46875,0
945,2278341,1194,0.46875,0
946,2279426,1085,0.46875,0
947,2280620,1194,0.46875,0
948,2281705,1085,0.46875,0
949,2282899,1194,0.46875,0
950,2283984,1085,0.46875,0
951,2285178,1194,0.46875,0
952,2286263,1085,0.46875,0
953,2287457,1194,0.46875,0
954,2288542,1085,0.46875,0
955,2289736,1194,0.46875,0
956,2290821,1085,0.46875,0
957,2292015,1194,0.46875,0
958,2293100,1085,0.46875,0
959,2294294,1194,0.46875,0
960,2295379,1085,0.46875,0
961,2296573,1194,0.46875,0
962,2297658,1085,0.46875,0
963,2298852,1194,0.46875,0
964,2299937,1085,0.46875,0
965,2301131,1194,0.46875,0
966,2302216,1085,0.46875,0
967,2303410,1194,0.46875,0
968,2304495,1085,0.46875,0
969,2305689,1194,0.46875,0
970,2306774,1085,0.46875,0
971,2307968,1194,0.46875,0
972,2309053,1085,0.46875,0
973,2310247,1194,0.46875,0
974,2311332,1085,0.46875,0
975,2312526,1194,0.46875,0
976,2313611,1085,0.46875,0
977,2314805,1194,0.46875,0
978,2315890,1085,0.46875,0
979,2317084,1194,0.46875,0
980,2318169,1085,0.46875,0
981,2319363,1194,0.46875,0
982,2320448,1085,0.46875,0
983,2321642,1194,0.46875,0
984,2322727,1085,0.46875,0
985,2323921,1194,0.46875,0
986,2325006,1085,0.46875,0
987,2326200,1194,0.46875,0
988,2327285,1085,0.46875,0
989,2328479,1194,0.46875,0
990,2329564,1085,0.46875,0
991,2330758,1194,0.46875,0
992,2331843,1085,0.46875,0
993,2333037,1194,0.46875,0
994,2334122,1085,0.46875,0
995,2335316,1194,0.46875,0
996,2336401,1085,0.46875,0
997,2337595,1194,0.46875,0
998,2338680,1085,0.46875,0
999,2339874,1194,0.46875,0
1000,2340959,1085,0.46875,0
1001,2342153,1194,0.46875,0
1002,2343238,1085,0.46875,0
1003,2344432,1194,0.46875,0
1004,2345517,1085,0.46875,0
1005,2346711,1194,0.46875,0
1006,2347796,1085,0.46875,0
1007,2348990,1194,0.46875,0
1008,2350075,1085,0.46875,0
1009,2351269,1194,0.46875,0
1010,2352354,1085,0.46875,0
1011,2353548,1194,0.46875,0
1012,2354633,1085,0.46875,0
1013,2355827,1194,0.46875,0
1014,2356912,1085,0.46875,0
1015,2358106,1194,0.46875,0
1016,2359191,1085,0.46875,0
1017,2360385,1194,0.46875,0
1018,2361470,1085,0.46875,0
1019,2362664,1194,0.46875,0
1020,2363749,1085,0.46875,0
1021,2366950,3201,0.484375,0
1022,2367952,1002,1,0
1023,2368352,400,0.265625,0
1024,2410367,42015,1,0
1025,2411219,852,0.296875,0
1026,2411414,195,0.28125,0
1027,2412268,854,1,0
1028,2412669,401,0.265625,0
1029,2454683,42014,1,0
1030,2455493,810,0.28125,0
1031,2455822,329,0.328125,0
1032,2456687,865,1,0
1033,2457088,401,0.265625,0
1034,2499088,42000,1,0
1035,2499946,858,0.296875,0
1036,2504862,4916,0.328125,0
1037,2511124,6262,0.328125,0
1038,2511668,544,0.265625,0
1039,2517775,6107,0.34375,0
1040,2523822,6047,0.328125,0
1041,2529907,6085,0.328125,0
1042,2532589,2682,0.578125,0
1043,2532988,399,0.21875,0
1044,2538804,5816,0.296875,0
1045,2544402,5598,0.3125,0
1046,2550256,5854,0.34375,0
1047,2556303,6047,0.328125,0
1048,2562388,6085,0.328125,0
1049,2565032,2644,0.578125,0
1050,2570224,5192,0.125,0
1051,2574717,4493,0.40625,0
1052,2581085,6368,0.34375,0
1053,2582059,974,0.3125,0
1054,2588187,6128,0.34375,0
1055,2594234,6047,0.328125,0
1056,2600319,6085,0.328125,0
1057,2602935,2616,0.375,0
1058,2608912,5977,0.296875,0
1059,2614510,5598,0.3125,0
1060,2620364,5854,0.34375,0
1061,2626411,6047,0.328125,0
1062,2632496,6085,0.328125,0
1063,2640203,7707,0.734375,0
1064,2646717,6514,0.28125,0
1065,2651947,5230,0.3125,0
1066,2657801,5854,0.34375,0
1067,2663848,6047,0.328125,0
1068,2669933,6085,0.328125,0
1069,2672615,2682,0.578125,0
1070,2673014,399,0.21875,0
1071,2678830,5816,0.296875,0
1072,2684428,5598,0.3125,0
1073,2690282,5854,0.34375,0
1074,2696329,6047,0.328125,0
1075,2702414,6085,0.328125,0
1076,2705058,2644,0.578125,0
1077,2710236,5178,0.125,0
1078,2711951,1715,0.328125,0
1079,2712955,1004,1,0
1080,2713355,400,0.265625,0
1081,2755384,42029,1,0
1082,2756242,858,0.296875,0
1083,2758036,1794,0.53125,0
1084,2763106,5070,0.28125,0
1085,2768336,5230,0.3125,0
1086,2774190,5854,0.34375,0
1087,2780237,6047,0.328125,0
1088,2786322,6085,0.328125,0
1089,2788938,2616,0.375,0
1090,2794915,5977,0.296875,0
1091,2800513,5598,0.3125,0
1092,2806367,5854,0.34375,0
1093,2812414,6047,0.328125,0
1094,2818499,6085,0.328125,0
1095,2826336,7837,0.515625,0
1096,2827187,851,0.203125,0
1097,2827955,768,0.171875,0
1098,2828540,585,0.15625,0
1099,2829997,1457,0.296875,0
1100,2831316,1319,0.25,0
1101,2831866,550,0.140625,0
1102,2833255,1389,0.28125,0
1103,2833990,735,0.15625,0
1104,2835188,1198,0.203125,0
1105,2836840,1652,0.25,0
1106,2838849,2009,0.296875,0
1107,2839861,1012,0.203125,0
1108,2840242,381,0.171875,0
1109,2845903,5661,0.296875,0
1110,2846426,523,0.21875,0
1111,2846756,330,0.125,0
1112,2847177,421,0.1875,0
1113,2847626,449,0.1875,0
1114,2848106,480,0.21875,0
1115,2848541,435,0.203125,0
1116,2848854,313,0.125,0
1117,2849000,146,0.046875,0
1118,2849476,476,0.25,0
1119,2849991,515,0.203125,0
1120,2850485,494,0.203125,0
1121,2850671,186,0.03125,0
1122,2850747,76,0.046875,0
1123,2851119,372,0.203125,0
1124,2851599,480,0.203125,0
1125,2851886,287,0.078125,0
1126,2851975,89,0.046875,0
1127,2852334,359,0.171875,0
1128,2852611,277,0.140625,0
1129,2852953,342,0.109375,0
1130,2853542,589,0.328125,0
1131,2854012,470,0.078125,0
1132,2854139,127,0.0625,0
1133,2854543,404,0.1875,0
1134,2854676,133,0.046875,0
1135,2854951,275,0.109375,0
1136,2855061,110,0.046875,0
1137,2855603,542,0.25,0
1138,2856468,865,0.1875,0
1139,2860971,4503,0.21875,0
1140,2861913,942,0.46875,0
1141,2863228,1315,0.46875,0
1142,2864404,1176,0.46875,0
1143,2865576,1172,0.46875,0
1144,2866752,1176,0.46875,0
1145,2867924,1172,0.46875,0
1146,2869100,1176,0.46875,0
1147,2870272,1172,0.46875,0
1148,2871796,1524,0.46875,0
1149,2873015,1219,0.46875,0
1150,2874250,1235,0.46875,0
1151,2875375,1125,0.46875,0
1152,2876610,1235,0.46875,0
1153,2877735,1125,0.46875,0
1154,2878970,1235,0.46875,0
1155,2880095,1125,0.46875,0
1156,2881330,1235,0.46875,0
1157,2882582,1252,0.28125,0
1158,2883427,845,0.46875,0
1159,2884597,1170,0.46875,0
1160,2885795,1198,0.46875,0
1161,2886965,1170,0.46875,0
1162,2888163,1198,0.46875,0
1163,2889333,1170,0.46875,0
1164,2890531,1198,0.46875,0
1165,2892070,1539,0.46875,0
1166,2893267,1197,0.46875,0
1167,2894524,1257,0.46875,0
1168,2895622,1098,0.46875,0
1169,2896879,1257,0.46875,0
1170,2897977,1098,0.46875,0
1171,2899234,1257,0.46875,0
1172,2900332,1098,0.46875,0
1173,2901589,1257,0.46875,0
1174,2902865,1276,0.203125,0
1175,2903566,701,0.46875,0
1176,2904715,1149,0.46875,0
1177,2905934,1219,0.46875,0
1178,2907083,1149,0.46875,0
1179,2908302,1219,0.46875,0
1180,2909451,1149,0.46875,0
1181,2910670,1219,0.46875,0
1182,2912210,1540,0.46875,0
1183,2913385,1175,0.46875,0
1184,2914662,1277,0.46875,0
1185,2915746,1084,0.46875,0
1186,2917023,1277,0.46875,0
1187,2918107,1084,0.46875,0
1188,2919384,1277,0.46875,0
1189,2920468,1084,0.46875,0
1190,2921745,1277,0.46875,0
1191,2922720,975,0.46875,0
1192,2924051,1331,0.46875,0
1193,2925186,1135,0.46875,0
1194,2926412,1226,0.46875,0
1195,2927547,1135,0.46875,0
1196,2928773,1226,0.46875,0
1197,2929908,1135,0.46875,0
1198,2931134,1226,0.46875,0
1199,2932682,1548,0.46875,0
1200,2933843,1161,0.1875,0
1201,2934551,708,0.46875,0
1202,2935673,1122,0.46875,0
1203,2936894,1221,0.46875,0
1204,2938016,1122,0.46875,0
1205,2939237,1221,0.46875,0
1206,2940359,1122,0.46875,0
1207,2941580,1221,0.46875,0
1208,2943137,1557,0.46875,0
1209,2944268,1131,0.46875,0
1210,2945548,1280,0.46875,0
1211,2946598,1050,0.46875,0
1212,2947878,1280,0.46875,0
1213,2948928,1050,0.46875,0
1214,2950208,1280,0.46875,0
1215,2951258,1050,0.46875,0
1216,2952538,1280,0.46875,0
1217,2953038,500,0.453125,0
1218,2953819,781,0.015625,0
1219,2954457,638,0.46875,0
1220,2955567,1110,0.46875,0
1221,2956774,1207,0.46875,0
1222,2957884,1110,0.46875,0
1223,2959091,1207,0.46875,0
1224,2960201,1110,0.46875,0
1225,2961408,1207,0.46875,0
1226,2962982,1574,0.453125,0
1227,2964084,1102,0.46875,0
1228,2965356,1272,0.46875,0
1229,2966406,1050,0.46875,0
1230,2967678,1272,0.46875,0
1231,2968728,1050,0.46875,0
1232,2970000,1272,0.46875,0
1233,2971050,1050,0.46875,0
1234,2972322,1272,0.46875,0
1235,2972930,608,0.453125,0
1236,2973552,622,0.046875,0
1237,2974227,675,0.484375,0
1238,2979701,5474,0.15625,0
1239,2980221,520,0.203125,0
1240,2980833,612,0.265625,0
1241,2981206,373,0.125,0
1242,2981680,474,0.203125,0
1243,2981991,311,0.109375,0
1244,2982456,465,0.234375,0
1245,2982759,303,0.109375,0
1246,2982974,215,0.0625,0
1247,2983161,187,0.09375,0
1248,2983492,331,0.15625,0
1249,2983963,471,0.1875,0
1250,2984417,454,0.203125,0
1251,2984738,321,0.109375,0
1252,2985020,282,0.15625,0
1253,2985551,531,0.203125,0
1254,2985703,152,0.046875,0
1255,2986070,367,0.203125,0
1256,2986432,362,0.171875,0
1257,2987066,634,0.234375,0
1258,2987276,210,0.09375,0
1259,2987659,383,0.078125,0
1260,2987907,248,0.09375,0
1261,2988010,103,0.046875,0
1262,2988180,170,0.078125,0
1263,2988282,102,0.0625,0
1264,2988375,93,0.046875,0
1265,2988583,208,0.125,0
1266,2989107,524,0.25,0
1267,2989517,410,0.1875,0
1268,2992522,3005,0.09375,0
1269,2994622,2100,0.21875,0
1270,2995203,581,0.4375,0
1271,2996689,1486,0.46875,0
1272,2998279,1590,0.46875,0
1273,2999457,1178,0.46875,0
1274,3000822,1365,0.21875,0
1275,3001332,510,0.46875,0
1276,3002470,1138,0.46875,0
1277,3003600,1130,0.46875,0
1278,3004738,1138,0.46875,0
1279,3005868,1130,0.46875,0
1280,3007006,1138,0.46875,0
1281,3008136,1130,0.46875,0
1282,3009474,1338,0.21875,0
1283,3009991,517,0.46875,0
1284,3011184,1193,0.46875,0
1285,3012270,1086,0.46875,0
1286,3013463,1193,0.46875,0
1287,3014549,1086,0.46875,0
1288,3015742,1193,0.46875,0
1289,3016828,1086,0.46875,0
1290,3018173,1345,0.21875,0
1291,3018690,517,0.46875,0
1292,3019884,1194,0.46875,0
1293,3020969,1085,0.46875,0
1294,3022163,1194,0.46875,0
1295,3023248,1085,0.46875,0
1296,3024442,1194,0.46875,0
1297,3025527,1085,0.46875,0
1298,3026721,1194,0.46875,0
1299,3027806,1085,0.46875,0
1300,3029000,1194,0.46875,0
1301,3030085,1085,0.46875,0
1302,3031279,1194,0.46875,0
1303,3032364,1085,0.46875,0
1304,3033558,1194,0.46875,0
1305,3034643,1085,0.46875,0
1306,3035837,1194,0.46875,0
1307,3036922,1085,0.46875,0
1308,3038116,1194,0.46875,0
1309,3039201,1085,0.46875,0
1310,3040395,1194,0.46875,0
1311,3041480,1085,0.46875,0
1312,3042674,1194,0.46875,0
1313,3043759,1085,0.46875,0
1314,3044953,1194,0.46875,0
1315,3046038,1085,0.46875,0
1316,3047232,1194,0.46875,0
1317,3048317,1085,0.46875,0
1318,3049511,1194,0.46875,0
1319,3050596,1085,0.46875,0
1320,3051790,1194,0.46875,0
1321,3052875,1085,0.46875,0
1322,3054069,1194,0.46875,0
1323,3055154,1085,0.46875,0
1324,3056348,1194,0.46875,0
1325,3057433,1085,0.46875,0
1326,3058627,1194,0.46875,0
1327,3059712,1085,0.46875,0
1328,3060906,1194,0.46875,0
1329,3061991,1085,0.46875,0
1330,3063185,1194,0.46875,0
1331,3064270,1085,0.46875,0
1332,3065464,1194,0.46875,0
1333,3066549,1085,0.46875,0
1334,3067743,1194,0.46875,0
1335,3068828,1085,0.46875,0
1336,3070022,1194,0.46875,0
1337,3071107,1085,0.46875,0
1338,3072301,1194,0.46875,0
1339,3073386,1085,0.46875,0
1340,3074580,1194,0.46875,0
1341,3075665,1085,0.46875,0
1342,3076859,1194,0.46875,0
1343,3077944,1085,0.46875,0
1344,3079138,1194,0.46875,0
1345,3080223,1085,0.46875,0
1346,3081417,1194,0.46875,0
1347,3082502,1085,0.46875,0
1348,3083696,1194,0.46875,0
1349,3084781,1085,0.46875,0
1350,3085975,1194,0.46875,0
1351,3087060,1085,0.46875,0
1352,3088254,1194,0.46875,0
1353,3089339,1085,0.46875,0
1354,3090533,1194,0.46875,0
1355,3091618,1085,0.46875,0
1356,3092812,1194,0.46875,0
1357,3093897,1085,0.46875,0
1358,3095091,1194,0.46875,0
1359,3096176,1085,0.46875,0
1360,3097370,1194,0.46875,0
1361,3098455,1085,0.46875,0
1362,3099649,1194,0.46875,0
1363,3100734,1085,0.46875,0
1364,3101928,1194,0.46875,0
1365,3103013,1085,0.46875,0
1366,3104207,1194,0.46875,0
1367,3105292,1085,0.46875,0
1368,3106486,1194,0.46875,0
1369,3107571,1085,0.46875,0
1370,3110767,3196,0.484375,0
1371,3111769,1002,1,0
1372,3112169,400,0.265625,0
1373,3154184,42015,1,0
1374,3155031,847,0.296875,0
1375,3155226,195,0.28125,0
1376,3156080,854,1,0
1377,3156481,401,0.265625,0
1378,3198495,42014,1,0
1379,3199308,813,0.28125,0
1380,3199526,218,0.0625,0
1381,3200490,964,1,0
1382,3200890,400,0.265625,0
1383,3242905,42015,1,0
1384,3243754,849,0.296875,0
1385,3248670,4916,0.328125,0
1386,3254932,6262,0.328125,0
1387,3255476,544,0.265625,0
1388,3261583,6107,0.34375,0
1389,3267630,6047,0.328125,0
1390,3273715,6085,0.328125,0
1391,3276397,2682,0.578125,0
1392,3276796,399,0.21875,0
1393,3282612,5816,0.296875,0
1394,3288210,5598,0.3125,0
1395,3294064,5854,0.34375,0
1396,3300111,6047,0.328125,0
1397,3306196,6085,0.328125,0
1398,3308840,2644,0.578125,0
1399,3314020,5180,0.125,0
1400,3314280,260,0.390625,0
1401,3320761,6481,0.28125,0
1402,3325991,5230,0.3125,0
1403,3331845,5854,0.34375,0
1404,3337892,6047,0.328125,0
1405,3343977,6085,0.328125,0
1406,3346593,2616,0.375,0
1407,3352570,5977,0.296875,0
1408,3358168,5598,0.3125,0
1409,3364022,5854,0.34375,0
1410,3370069,6047,0.328125,0
1411,3376154,6085,0.328125,0
1412,3383833,7679,0.734375,0
1413,3390347,6514,0.28125,0
1414,3395577,5230,0.3125,0
1415,3401431,5854,0.34375,0
1416,3407478,6047,0.328125,0
1417,3413563,6085,0.328125,0
1418,3416245,2682,0.578125,0
1419,3416644,399,0.21875,0
1420,3422460,5816,0.296875,0
1421,3428058,5598,0.3125,0
1422,3433912,5854,0.34375,0
1423,3439959,6047,0.328125,0
1424,3446044,6085,0.328125,0
1425,3448688,2644,0.578125,0
1426,3453907,5219,0.125,0
1427,3455615,1708,0.328125,0
1428,3456619,1004,1,0
1429,3457019,400,0.265625,0
1430,3499048,42029,1,0
1431,3499898,850,0.296875,0
1432,3501692,1794,0.53125,0
1433,3506762,5070,0.28125,0
1434,3511992,5230,0.3125,0
1435,3517846,5854,0.34375,0
1436,3523893,6047,0.328125,0
1437,3529978,6085,0.328125,0
1438,3532594,2616,0.375,0
1439,3538571,5977,0.296875,0
1440,3544169,5598,0.3125,0
1441,3550023,5854,0.34375,0
1442,3556070,6047,0.328125,0
1443,3562155,6085,0.328125,0
1444,3570011,7856,0.515625,0
1445,3570867,856,0.203125,0
1446,3571635,768,0.171875,0
1447,3573060,1425,0.25,0
1448,3574801,1741,0.328125,0
1449,3575692,891,0.1875,0
1450,3577401,1709,0.28125,0
1451,3579215,1814,0.28125,0
1452,3580660,1445,0.25,0
1453,3581318,658,0.125,0
1454,3582308,990,0.21875,0
1455,3583857,1549,0.265625,0
1456,3584233,376,0.140625,0
1457,3590000,5767,0.34375,0
1458,3590256,256,0.078125,0
1459,3590600,344,0.15625,0
1460,3590782,182,0.0625,0
1461,3591233,451,0.234375,0
1462,3591669,436,0.15625,0
1463,3592358,689,0.296875,0
1464,3592727,369,0.125,0
1465,3592847,120,0.046875,0
1466,3593041,194,0.09375,0
1467,3593528,487,0.234375,0
1468,3594106,578,0.234375,0
1469,3594398,292,0.140625,0
1470,3594700,302,0.125,0
1471,3594817,117,0.046875,0
1472,3595033,216,0.109375,0
1473,3595251,218,0.09375,0
1474,3595654,403,0.203125,0
1475,3596191,537,0.1875,0
1476,3596641,450,0.21875,0
1477,3597017,376,0.109375,0
1478,3597359,342,0.171875,0
1479,3597683,324,0.15625,0
1480,3598103,420,0.078125,0
1481,3598234,131,0.0625,0
1482,3598634,400,0.1875,0
1483,3598767,133,0.046875,0
1484,3599042,275,0.109375,0
1485,3599152,110,0.046875,0
1486,3599708,556,0.25,0
1487,3600573,865,0.1875,0
1488,3605080,4507,0.21875,0
1489,3606022,942,0.46875,0
1490,3607337,1315,0.46875,0
1491,3608513,1176,0.46875,0
1492,3609685,1172,0.46875,0
1493,3610861,1176,0.46875,0
1494,3612033,1172,0.46875,0
1495,3613209,1176,0.46875,0
1496,3614381,1172,0.46875,0
1497,3615905,1524,0.46875,0
1498,3617124,1219,0.46875,0
1499,3618359,1235,0.46875,0
1500,3619484,1125,0.46875,0
1501,3620719,1235,0.46875,0
1502,3621844,1125,0.46875,0
1503,3623079,1235,0.46875,0
1504,3624204,1125,0.46875,0
1505,3625439,1235,0.46875,0
1506,3626691,1252,0.28125,0
1507,3627536,845,0.46875,0
1508,3628706,1170,0.46875,0
1509,3629904,1198,0.46875,0
1510,3631074,1170,0.46875,0
1511,3632272,1198,0.46875,0
1512,3633442,1170,0.46875,0
1513,3634640,1198,0.46875,0
1514,3636179,1539,0.46875,0
1515,3637376,1197,0.46875,0
1516,3638633,1257,0.46875,0
1517,3639731,1098,0.46875,0
1518,3640988,1257,0.46875,0
1519,3642086,1098,0.46875,0
1520,3643343,1257,0.46875,0
1521,3644441,1098,0.46875,0
1522,3645698,1257,0.46875,0
1523,3646974,1276,0.203125,0
1524,3647675,701,0.46875,0
1525,3648824,1149,0.46875,0
1526,3650043,1219,0.46875,0
1527,3651192,1149,0.46875,0
1528,3652411,1219,0.46875,0
1529,3653560,1149,0.46875,0
1530,3654779,1219,0.46875,0
1531,3656319,1540,0.46875,0
1532,3657494,1175,0.46875,0
1533,3658771,1277,0.46875,0
1534,3659855,1084,0.46875,0
1535,3661132,1277,0.46875,0
1536,3662216,1084,0.46875,0
1537,3663493,1277,0.46875,0
1538,3664577,1084,0.46875,0
1539,3665854,1277,0.46875,0
1540,3666829,975,0.46875,0
1541,3668160,1331,0.46875,0
1542,3669295,1135,0.46875,0
1543,3670521,1226,0.46875,0
1544,3671656,1135,0.46875,0
1545,3672882,1226,0.46875,0
1546,3674017,1135,0.46875,0
1547,3675243,1226,0.46875,0
1548,3676791,1548,0.46875,0
1549,3677952,1161,0.1875,0
1550,3678660,708,0.46875,0
1551,3679782,1122,0.46875,0
1552,3681003,1221,0.46875,0
1553,3682125,1122,0.46875,0
1554,3683346,1221,0.46875,0
1555,3684468,1122,0.46875,0
1556,3685689,1221,0.46875,0
1557,3687246,1557,0.46875,0
1558,3688377,1131,0.46875,0
1559,3689657,1280,0.46875,0
1560,3690707,1050,0.46875,0
1561,3691987,1280,0.46875,0
1562,3693037,1050,0.46875,0
1563,3694317,1280,0.46875,0
1564,3695367,1050,0.46875,0
1565,3696647,1280,0.46875,0
1566,3697147,500,0.453125,0
1567,3697928,781,0.015625,0
1568,3698566,638,0.46875,0
1569,3699676,1110,0.46875,0
1570,3700883,1207,0.46875,0
1571,3701993,1110,0.46875,0
1572,3703200,1207,0.46875,0
1573,3704310,1110,0.46875,0
1574,3705517,1207,0.46875,0
1575,3707091,1574,0.453125,0
1576,3708193,1102,0.46875,0
1577,3709465,1272,0.46875,0
1578,3710515,1050,0.46875,0
1579,3711787,1272,0.46875,0
1580,3712837,1050,0.46875,0
1581,3714109,1272,0.46875,0
1582,3715159,1050,0.46875,0
1583,3716431,1272,0.46875,0
1584,3717039,608,0.453125,0
1585,3717661,622,0.046875,0
1586,3718336,675,0.484375,0
1587,3723810,5474,0.15625,0
1588,3724330,520,0.203125,0
1589,3724942,612,0.265625,0
1590,3725315,373,0.125,0
1591,3725789,474,0.203125,0
1592,3726100,311,0.109375,0
1593,3726565,465,0.234375,0
1594,3726868,303,0.109375,0
1595,3727083,215,0.0625,0
1596,3727270,187,0.09375,0
1597,3727601,331,0.15625,0
1598,3728072,471,0.1875,0
1599,3728526,454,0.203125,0
1600,3728847,321,0.109375,0
1601,3729129,282,0.15625,0
1602,3729660,531,0.203125,0
1603,3729812,152,0.046875,0
1604,3730179,367,0.203125,0
1605,3730541,362,0.171875,0
1606,3731175,634,0.234375,0
1607,3731385,210,0.09375,0
1608,3731768,383,0.078125,0
1609,3732016,248,0.09375,0
1610,3732119,103,0.046875,0
1611,3732289,170,0.078125,0
1612,3732391,102,0.0625,0
1613,3732484,93,0.046875,0
1614,3732692,208,0.125,0
1615,3733216,524,0.25,0
1616,3733626,410,0.1875,0
1617,3736631,3005,0.09375,0
1618,3739404,2773,0.0625,0
1619,3739765,361,0.03125,0
1620,3740108,343,0.03125,0
1621,3740451,343,0.03125,0
1622,3740794,343,0.03125,0
1623,3741137,343,0.03125,0
1624,3741480,343,0.03125,0
1625,3741823,343,0.03125,0
1626,3742167,344,0.03125,0
1627,3742510,343,0.03125,0
1628,3742853,343,0.03125,0
1629,3743197,344,0.03125,0
1630,3743540,343,0.03125,0
1631,3743882,342,0.03125,0
1632,3744225,343,0.03125,0
1633,3744569,344,0.03125,0
1634,3744912,343,0.03125,0
1635,3745254,342,0.03125,0
1636,3745597,343,0.03125,0
1637,3745941,344,0.03125,0
1638,3746284,343,0.03125,0
1639,3746626,342,0.03125,0
1640,3746969,343,0.03125,0
1641,3747313,344,0.03125,0
1642,3747656,343,0.03125,0
1643,3747998,342,0.03125,0
1644,3748341,343,0.03125,0
1645,3748685,344,0.03125,0
1646,3749028,343,0.03125,0
1647,3749370,342,0.03125,0
1648,3749713,343,0.03125,0
1649,3750057,344,0.03125,0
1650,3750400,343,0.03125,0
1651,3750742,342,0.03125,0
1652,3751085,343,0.03125,0
1653,3751429,344,0.03125,0
1654,3751772,343,0.03125,0
1655,3752114,342,0.03125,0
1656,3752457,343,0.03125,0
1657,3752801,344,0.03125,0
1658,3753144,343,0.03125,0
1659,3753486,342,0.03125,0
1660,3753829,343,0.03125,0
1661,3754172,343,0.03125,0
1662,3754542,370,0.125,0
1663,3758434,3892,0.71875,0
1664,3760329,1895,0.546875,0
1665,3761845,1516,0.390625,0
1666,3762405,560,0.03125,0
1667,3762870,465,0.03125,0
1668,3763335,465,0.03125,0
1669,3763800,465,0.03125,0
1670,3764265,465,0.03125,0
1671,3764730,465,0.03125,0
1672,3765195,465,0.03125,0
1673,3765660,465,0.03125,0
1674,3766125,465,0.03125,0
1675,3766590,465,0.03125,0
1676,3767055,465,0.03125,0
1677,3767520,465,0.03125,0
1678,3767985,465,0.03125,0
1679,3768450,465,0.03125,0
1680,3768915,465,0.03125,0
1681,3769380,465,0.03125,0
1682,3769845,465,0.03125,0
1683,3770310,465,0.03125,0
1684,3770775,465,0.03125,0
1685,3771240,465,0.03125,0
1686,3771705,465,0.03125,0
1687,3772170,465,0.03125,0
1688,3772635,465,0.03125,0
1689,3773100,465,0.03125,0
1690,3773566,466,0.015625,0
1691,3774031,465,0.015625,0
1692,3774496,465,0.015625,0
1693,3774961,465,0.015625,0
1694,3775426,465,0.015625,0
1695,3775891,465,0.015625,0
1696,3776356,465,0.015625,0
1697,3776821,465,0.015625,0
1698,3777286,465,0.015625,0
1699,3777752,466,0.015625,0
1700,3778217,465,0.015625,0
1701,3778682,465,0.015625,0
1702,3779148,466,0.015625,0
1703,3779613,465,0.015625,0
1704,3780077,464,0.015625,0
1705,3780542,465,0.015625,0
1706,3781008,466,0.015625,0
1707,3781473,465,0.015625,0
1708,3781937,464,0.015625,0
1709,3782402,465,0.015625,0
1710,3782868,466,0.015625,0
1711,3783333,465,0.015625,0
1712,3783797,464,0.015625,0
1713,3784262,465,0.015625,0
1714,3784728,466,0.015625,0
1715,3785193,465,0.015625,0
1716,3785657,464,0.015625,0
1717,3786122,465,0.015625,0
1718,3786588,466,0.015625,0
1719,3787053,465,0.015625,0
1720,3787517,464,0.015625,0
1721,3787982,465,0.015625,0
1722,3788440,458,0.03125,0
1723,3788905,465,0.03125,0
1724,3789369,464,0.03125,0
1725,3789834,465,0.03125,0
1726,3791619,1785,0.671875,0
1727,3792306,687,0.578125,0
1728,3805786,13480,0.625,0
1729,3807892,2106,0.71875,0
1730,3810795,2903,0.703125,0
1731,3812980,2185,0.5,0
1732,3813736,756,0.734375,0
1733,3816616,2880,0.734375,0
1734,3821285,4669,0.515625,0
