checkpoints,cycle count,last checkpoint,dirty ratio,cause
1,290170,290170,0.179688,0
2,291280,1110,0.15625,0
3,303024,11744,0.164062,0
4,311343,8319,0.203125,0
5,323328,11985,0.132812,0
6,333970,10642,0.164062,0
7,347362,13392,0.367188,0
8,359516,12154,0.132812,0
9,370158,10642,0.164062,0
10,378677,8519,0.3125,0
11,390668,11991,0.132812,0
12,401310,10642,0.164062,0
13,413792,12482,0.3125,0
14,416567,2775,0.273438,0
15,417725,1158,0.625,0
16,456651,38926,0.632812,0
17,461292,4641,0.226562,0
18,488327,27035,0.203125,0
19,500312,11985,0.132812,0
20,510954,10642,0.164062,0
21,524471,13517,0.289062,0
22,536135,11664,0.296875,0
23,541438,5303,0.210938,0
24,541879,441,0.078125,0
25,542562,683,0.1875,0
26,543427,865,0.195312,0
27,543925,498,0.109375,0
28,544094,169,0.0234375,0
29,544533,439,0.132812,0
30,545360,827,0.195312,0
31,545718,358,0.0546875,0
32,546439,721,0.195312,0
33,547297,858,0.1875,0
34,547693,396,0.0625,0
35,548336,643,0.179688,0
36,549175,839,0.164062,0
37,549491,316,0.0546875,0
38,549594,103,0.0234375,0
39,550339,745,0.171875,0
40,555403,5064,0.132812,0
41,628056,72653,0.320312,0
42,630001,1945,0.28125,0
43,630663,662,0.132812,0
44,631112,449,0.09375,0
45,631483,371,0.0859375,0
46,632031,548,0.125,0
47,632461,430,0.109375,0
48,633255,794,0.195312,0
49,633934,679,0.140625,0
50,634802,868,0.1875,0
51,635114,312,0.0703125,0
52,635868,754,0.171875,0
53,636607,739,0.164062,0
54,637100,493,0.125,0
55,642180,5080,0.34375,0
56,709043,66863,0.40625,0
57,710362,1319,0.578125,0
58,711080,718,0.289062,0
59,714567,3487,0.3125,0
60,722015,7448,0.21875,0
61,736959,14944,0.34375,0
62,749767,12808,0.632812,0
63,750339,572,0.15625,0
64,751289,950,0.625,0
65,754961,3672,0.3125,0
66,762409,7448,0.21875,0
67,777362,14953,0.34375,0
68,790175,12813,0.632812,0
69,790848,673,0.171875,0
70,791824,976,0.625,0
71,795496,3672,0.3125,0
72,802944,7448,0.21875,0
73,817888,14944,0.34375,0
74,830701,12813,0.632812,0
75,835234,4533,0.226562,0
76,862465,27231,0.3125,0
77,874456,11991,0.132812,0
78,885098,10642,0.164062,0
79,897586,12488,0.3125,0
80,898925,1339,0.351562,0
81,911087,12162,0.132812,0
82,921729,10642,0.164062,0
83,930048,8319,0.203125,0
84,942033,11985,0.132812,0
85,952675,10642,0.164062,0
86,966074,13399,0.367188,0
87,978228,12154,0.132812,0
88,988870,10642,0.164062,0
89,997389,8519,0.3125,0
90,1009380,11991,0.132812,0
91,1020022,10642,0.164062,0
92,1032499,12477,0.3125,0
93,1035284,2785,0.273438,0
94,1036442,1158,0.625,0
95,1075367,38925,0.632812,0
96,1080010,4643,0.226562,0
97,1107045,27035,0.203125,0
98,1119030,11985,0.132812,0
99,1129672,10642,0.164062,0
100,1143190,13518,0.289062,0
101,1155024,11834,0.296875,0
102,1160216,5192,0.171875,0
103,1160548,332,0.0625,0
104,1160825,277,0.0703125,0
105,1161488,663,0.171875,0
106,1162368,880,0.210938,0
107,1162770,402,0.078125,0
108,1163411,641,0.148438,0
109,1164157,746,0.179688,0
110,1164562,405,0.0703125,0
111,1164800,238,0.0546875,0
112,1165345,545,0.15625,0
113,1165824,479,0.078125,0
114,1166240,416,0.117188,0
115,1166634,394,0.078125,0
116,1167203,569,0.164062,0
117,1168038,835,0.164062,0
118,1168348,310,0.0546875,0
119,1168451,103,0.0234375,0
120,1169189,738,0.171875,0
121,1174248,5059,0.132812,0
122,1246901,72653,0.320312,0
123,1248846,1945,0.28125,0
124,1249508,662,0.132812,0
125,1249957,449,0.09375,0
126,1250328,371,0.0859375,0
127,1250876,548,0.125,0
128,1251306,430,0.109375,0
129,1252100,794,0.195312,0
130,1252779,679,0.140625,0
131,1253647,868,0.1875,0
132,1253959,312,0.0703125,0
133,1254713,754,0.171875,0
134,1255452,739,0.164062,0
135,1255945,493,0.125,0
136,1261239,5294,0.34375,0
137,1328227,66988,0.429688,0
138,1329540,1313,0.703125,0
139,1368514,38974,0.632812,0
140,1369085,571,0.15625,0
141,1370035,950,0.625,0
142,1373707,3672,0.3125,0
143,1381155,7448,0.21875,0
144,1396108,14953,0.34375,0
145,1408922,12814,0.632812,0
146,1409597,675,0.171875,0
147,1410573,976,0.625,0
148,1414245,3672,0.3125,0
149,1421693,7448,0.21875,0
150,1436637,14944,0.34375,0
151,1449443,12806,0.632812,0
152,1453982,4539,0.226562,0
153,1481213,27231,0.3125,0
154,1493204,11991,0.132812,0
155,1503846,10642,0.164062,0
156,1516332,12486,0.3125,0
157,1517673,1341,0.351562,0
158,1529835,12162,0.132812,0
159,1540477,10642,0.164062,0
160,1548796,8319,0.203125,0
161,1560781,11985,0.132812,0
162,1571423,10642,0.164062,0
163,1584798,13375,0.367188,0
164,1596952,12154,0.132812,0
165,1607594,10642,0.164062,0
166,1616113,8519,0.3125,0
167,1628104,11991,0.132812,0
168,1638746,10642,0.164062,0
169,1651244,12498,0.3125,0
170,1654037,2793,0.273438,0
171,1655195,1158,0.625,0
172,1694121,38926,0.632812,0
173,1698764,4643,0.226562,0
174,1725799,27035,0.203125,0
175,1737784,11985,0.132812,0
176,1748426,10642,0.164062,0
177,1761937,13511,0.289062,0
178,1773596,11659,0.296875,0
179,1778465,4869,0.078125,0
180,1778966,501,0.117188,0
181,1779417,451,0.117188,0
182,1780099,682,0.171875,0
183,1780423,324,0.0546875,0
184,1780978,555,0.132812,0
185,1781334,356,0.0859375,0
186,1781533,199,0.0390625,0
187,1782177,644,0.171875,0
188,1782672,495,0.117188,0
189,1782856,184,0.0390625,0
190,1783234,378,0.0859375,0
191,1783925,691,0.15625,0
192,1784351,426,0.09375,0
193,1784923,572,0.132812,0
194,1785335,412,0.09375,0
195,1785825,490,0.125,0
196,1786616,791,0.164062,0
197,1786932,316,0.0546875,0
198,1787035,103,0.0234375,0
199,1787780,745,0.171875,0
200,1792838,5058,0.132812,0
201,1865491,72653,0.320312,0
202,1867436,1945,0.28125,0
203,1868098,662,0.132812,0
204,1868547,449,0.09375,0
205,1868918,371,0.0859375,0
206,1869466,548,0.125,0
207,1869896,430,0.109375,0
208,1870690,794,0.195312,0
209,1871369,679,0.140625,0
210,1872237,868,0.1875,0
211,1872549,312,0.0703125,0
212,1873303,754,0.171875,0
213,1874042,739,0.164062,0
214,1874535,493,0.125,0
215,1879831,5296,0.34375,0
216,1946811,66980,0.429688,0
217,1948124,1313,0.703125,0
218,1987100,38976,0.632812,0
219,1987678,578,0.15625,0
220,1988628,950,0.625,0
221,1992300,3672,0.3125,0
222,1999748,7448,0.21875,0
223,2014701,14953,0.34375,0
224,2027514,12813,0.632812,0
225,2028186,672,0.171875,0
226,2029162,976,0.625,0
227,2032834,3672,0.3125,0
228,2040282,7448,0.21875,0
229,2055226,14944,0.34375,0
230,2068039,12813,0.632812,0
231,2072575,4536,0.226562,0
232,2099806,27231,0.3125,0
233,2111797,11991,0.132812,0
234,2122439,10642,0.164062,0
235,2134920,12481,0.3125,0
236,2136271,1351,0.351562,0
237,2148433,12162,0.132812,0
238,2159075,10642,0.164062,0
239,2167394,8319,0.203125,0
240,2179379,11985,0.132812,0
241,2190021,10642,0.164062,0
242,2203417,13396,0.367188,0
243,2215571,12154,0.132812,0
244,2226213,10642,0.164062,0
245,2234732,8519,0.3125,0
246,2246723,11991,0.132812,0
247,2257365,10642,0.164062,0
248,2269845,12480,0.3125,0
249,2272630,2785,0.273438,0
250,2273788,1158,0.625,0
251,2312718,38930,0.632812,0
252,2317362,4644,0.226562,0
253,2344397,27035,0.203125,0
254,2356382,11985,0.132812,0
255,2367024,10642,0.164062,0
256,2380543,13519,0.289062,0
257,2392208,11665,0.296875,0
258,2397606,5398,0.21875,0
259,2398079,473,0.0859375,0
260,2398714,635,0.164062,0
261,2399388,674,0.164062,0
262,2399690,302,0.0546875,0
263,2399970,280,0.0625,0
264,2400505,535,0.132812,0
265,2401117,612,0.140625,0
266,2401470,353,0.078125,0
267,2401719,249,0.0546875,0
268,2402330,611,0.179688,0
269,2403041,711,0.140625,0
270,2403330,289,0.0703125,0
271,2403739,409,0.09375,0
272,2404290,551,0.148438,0
273,2405115,825,0.164062,0
274,2405431,316,0.0546875,0
275,2405534,103,0.0234375,0
276,2406272,738,0.171875,0
277,2411331,5059,0.132812,0
278,2483984,72653,0.320312,0
279,2485929,1945,0.28125,0
280,2486591,662,0.132812,0
281,2487040,449,0.09375,0
282,2487411,371,0.0859375,0
283,2487959,548,0.125,0
284,2488389,430,0.109375,0
285,2489183,794,0.195312,0
286,2489862,679,0.140625,0
287,2490730,868,0.1875,0
288,2491042,312,0.0703125,0
289,2491796,754,0.171875,0
290,2492535,739,0.164062,0
291,2493028,493,0.125,0
292,2498326,5298,0.34375,0
293,2565301,66975,0.429688,0
294,2566614,1313,0.703125,0
295,2605589,38975,0.632812,0
296,2606163,574,0.15625,0
297,2607113,950,0.625,0
298,2610785,3672,0.3125,0
299,2618233,7448,0.21875,0
300,2633186,14953,0.34375,0
301,2646000,12814,0.632812,0
302,2646676,676,0.171875,0
303,2647652,976,0.625,0
304,2651324,3672,0.3125,0
305,2658772,7448,0.21875,0
306,2673716,14944,0.34375,0
307,2686523,12807,0.632812,0
308,2691056,4533,0.226562,0
309,2718287,27231,0.3125,0
310,2730278,11991,0.132812,0
311,2740920,10642,0.164062,0
312,2753399,12479,0.3125,0
313,2754742,1343,0.351562,0
314,2766904,12162,0.132812,0
315,2777546,10642,0.164062,0
316,2785865,8319,0.203125,0
317,2797850,11985,0.132812,0
318,2808492,10642,0.164062,0
319,2821860,13368,0.367188,0
320,2834014,12154,0.132812,0
321,2844656,10642,0.164062,0
322,2853175,8519,0.3125,0
323,2865166,11991,0.132812,0
324,2875808,10642,0.164062,0
325,2888315,12507,0.3125,0
326,2891107,2792,0.273438,0
327,2892265,1158,0.625,0
328,2931188,38923,0.632812,0
329,2935831,4643,0.226562,0
330,2962866,27035,0.203125,0
331,2974851,11985,0.132812,0
332,2985493,10642,0.164062,0
333,2999031,13538,0.289062,0
334,3010928,11897,0.296875,0
335,3016253,5325,0.195312,0
336,3016739,486,0.109375,0
337,3017365,626,0.164062,0
338,3018240,875,0.195312,0
339,3018668,428,0.09375,0
340,3019404,736,0.164062,0
341,3020255,851,0.195312,0
342,3020606,351,0.0625,0
343,3021130,524,0.148438,0
344,3021657,527,0.09375,0
345,3022084,427,0.109375,0
346,3022526,442,0.09375,0
347,3023063,537,0.148438,0
348,3023895,832,0.164062,0
349,3024211,316,0.0546875,0
350,3024314,103,0.0234375,0
351,3025059,745,0.171875,0
352,3030122,5063,0.132812,0
353,3102775,72653,0.320312,0
354,3104720,1945,0.28125,0
355,3105382,662,0.132812,0
356,3105831,449,0.09375,0
357,3106202,371,0.0859375,0
358,3106750,548,0.125,0
359,3107180,430,0.109375,0
360,3107974,794,0.195312,0
361,3108653,679,0.140625,0
362,3109521,868,0.1875,0
363,3109833,312,0.0703125,0
364,3110587,754,0.171875,0
365,3111326,739,0.164062,0
366,3111819,493,0.125,0
367,3117316,5497,0.046875,0
368,3133287,15971,0.414062,0
369,3135470,2183,0.34375,0
370,3138476,3006,0.375,0
371,3139424,948,0.015625,0
372,3139889,465,0.015625,0
373,3140354,465,0.015625,0
374,3140819,465,0.015625,0
375,3141284,465,0.015625,0
376,3141749,465,0.015625,0
377,3142214,465,0.015625,0
378,3142679,465,0.015625,0
379,3143144,465,0.015625,0
380,3143609,465,0.015625,0
381,3144074,465,0.015625,0
382,3144539,465,0.015625,0
383,3145004,465,0.015625,0
384,3145469,465,0.015625,0
385,3145934,465,0.015625,0
386,3146399,465,0.015625,0
387,3146864,465,0.015625,0
388,3147329,465,0.015625,0
389,3147794,465,0.015625,0
390,3148259,465,0.015625,0
391,3148724,465,0.015625,0
392,3149189,465,0.015625,0
393,3149654,465,0.015625,0
394,3150119,465,0.015625,0
395,3150584,465,0.015625,0
396,3151049,465,0.015625,0
397,3151514,465,0.015625,0
398,3151979,465,0.015625,0
399,3152444,465,0.015625,0
400,3152909,465,0.015625,0
401,3153374,465,0.015625,0
402,3153839,465,0.015625,0
403,3154304,465,0.015625,0
404,3154770,466,0.015625,0
405,3155235,465,0.015625,0
406,3155700,465,0.015625,0
407,3156166,466,0.015625,0
408,3156631,465,0.015625,0
409,3157095,464,0.015625,0
410,3157560,465,0.015625,0
411,3158026,466,0.015625,0
412,3158491,465,0.015625,0
413,3158955,464,0.015625,0
414,3159420,465,0.015625,0
415,3159886,466,0.015625,0
416,3160351,465,0.015625,0
417,3160815,464,0.015625,0
418,3161280,465,0.015625,0
419,3161746,466,0.015625,0
420,3162211,465,0.015625,0
421,3162675,464,0.015625,0
422,3163140,465,0.015625,0
423,3163606,466,0.015625,0
424,3164071,465,0.015625,0
425,3164535,464,0.015625,0
426,3165000,465,0.015625,0
427,3165466,466,0.015625,0
428,3165931,465,0.015625,0
429,3166395,464,0.015625,0
430,3166860,465,0.015625,0
431,3171871,5011,0.265625,0
432,3193060,21189,0.46875,0
