checkpoints,cycle count,last checkpoint,dirty ratio,cause
1,1000016,1000016,0.413086,2
2,1348591,348575,0.140137,0
3,1378936,30345,0.0200195,0
4,1413853,34917,0.03125,0
5,1443721,29868,0.0126953,0
6,1478405,34684,0.0229492,0
7,1508426,30021,0.0200195,0
8,1578366,69940,0.117676,0
9,1609121,30755,0.0126953,0
10,1919554,310433,0.141602,0
11,1950868,31314,0.0200195,0
12,1985790,34922,0.03125,0
13,2015658,29868,0.0126953,0
14,2050363,34705,0.0229492,0
15,2080384,30021,0.0200195,0
16,2150303,69919,0.117676,0
17,2181058,30755,0.0126953,0
18,2491416,310358,0.141602,0
19,2522730,31314,0.0200195,0
20,2557642,34912,0.03125,0
21,2587510,29868,0.0126953,0
22,2622187,34677,0.0229492,0
23,2652208,30021,0.0200195,0
24,2722153,69945,0.117676,0
25,2752908,30755,0.0126953,0
26,2921700,168792,0.0883789,0
