checkpoints,cycle count,last checkpoint,dirty ratio,cause
1,11973,11973,0.208496,0
2,15378,3405,0.078125,0
3,17240,1862,0.0717773,0
4,18293,1053,0.0366211,0
5,20437,2144,0.0922852,0
6,206756,186319,0.126465,0
7,208522,1766,0.00683594,0
8,209092,570,0.00830078,0
9,209528,436,0.00732422,0
10,210280,752,0.00830078,0
11,212658,2378,0.0102539,0
12,238480,25822,0.0200195,0
13,238998,518,0.00683594,0
14,239568,570,0.00830078,0
15,240004,436,0.00732422,0
16,240756,752,0.00830078,0
17,243121,2365,0.0102539,0
18,273952,30831,0.0317383,0
19,274626,674,0.00683594,0
20,275196,570,0.00830078,0
21,275632,436,0.00732422,0
22,276384,752,0.00830078,0
23,278761,2377,0.0102539,0
24,304368,25607,0.0126953,0
25,304871,503,0.00683594,0
26,305441,570,0.00830078,0
27,305877,436,0.00732422,0
28,306629,752,0.00830078,0
29,308995,2366,0.0102539,0
30,339614,30619,0.0229492,0
31,340256,642,0.00683594,0
32,340826,570,0.00830078,0
33,341262,436,0.00732422,0
34,342014,752,0.00830078,0
35,344392,2378,0.0102539,0
36,370180,25788,0.0200195,0
37,370698,518,0.00683594,0
38,371268,570,0.00830078,0
39,371704,436,0.00732422,0
40,372456,752,0.00830078,0
41,374821,2365,0.0102539,0
42,440635,65814,0.117676,0
43,442193,1558,0.00683594,0
44,442763,570,0.00830078,0
45,443199,436,0.00732422,0
46,443951,752,0.00830078,0
47,446328,2377,0.0102539,0
48,471935,25607,0.0126953,0
49,472438,503,0.00683594,0
50,473008,570,0.00830078,0
51,473444,436,0.00732422,0
52,474196,752,0.00830078,0
53,476562,2366,0.0102539,0
54,782954,306392,0.14209,0
55,784860,1906,0.00683594,0
56,785430,570,0.00830078,0
57,785866,436,0.00732422,0
58,786618,752,0.00830078,0
59,788996,2378,0.0102539,0
60,814816,25820,0.0200195,0
61,815334,518,0.00683594,0
62,815904,570,0.00830078,0
63,816340,436,0.00732422,0
64,817092,752,0.00830078,0
65,819457,2365,0.0102539,0
66,850278,30821,0.03125,0
67,850949,671,0.00683594,0
68,851519,570,0.00830078,0
69,851955,436,0.00732422,0
70,852707,752,0.00830078,0
71,855084,2377,0.0102539,0
72,880691,25607,0.0126953,0
73,881194,503,0.00683594,0
74,881764,570,0.00830078,0
75,882200,436,0.00732422,0
76,882952,752,0.00830078,0
77,885318,2366,0.0102539,0
78,915944,30626,0.0229492,0
79,916586,642,0.00683594,0
80,917156,570,0.00830078,0
81,917592,436,0.00732422,0
82,918344,752,0.00830078,0
83,920722,2378,0.0102539,0
84,946510,25788,0.0200195,0
85,947028,518,0.00683594,0
86,947598,570,0.00830078,0
87,948034,436,0.00732422,0
88,948786,752,0.00830078,0
89,951151,2365,0.0102539,0
90,1016965,65814,0.117676,0
91,1018523,1558,0.00683594,0
92,1019093,570,0.00830078,0
93,1019529,436,0.00732422,0
94,1020281,752,0.00830078,0
95,1022658,2377,0.0102539,0
96,1048265,25607,0.0126953,0
97,1048768,503,0.00683594,0
98,1049338,570,0.00830078,0
99,1049774,436,0.00732422,0
100,1050526,752,0.00830078,0
101,1052892,2366,0.0102539,0
102,1359407,306515,0.141602,0
103,1361310,1903,0.00683594,0
104,1361880,570,0.00830078,0
105,1362316,436,0.00732422,0
106,1363068,752,0.00830078,0
107,1365446,2378,0.0102539,0
108,1391266,25820,0.0200195,0
109,1391784,518,0.00683594,0
110,1392354,570,0.00830078,0
111,1392790,436,0.00732422,0
112,1393542,752,0.00830078,0
113,1395907,2365,0.0102539,0
114,1426728,30821,0.03125,0
115,1427399,671,0.00683594,0
116,1427969,570,0.00830078,0
117,1428405,436,0.00732422,0
118,1429157,752,0.00830078,0
119,1431534,2377,0.0102539,0
120,1457141,25607,0.0126953,0
121,1457644,503,0.00683594,0
122,1458214,570,0.00830078,0
123,1458650,436,0.00732422,0
124,1459402,752,0.00830078,0
125,1461768,2366,0.0102539,0
126,1492370,30602,0.0229492,0
127,1493012,642,0.00683594,0
128,1493582,570,0.00830078,0
129,1494018,436,0.00732422,0
130,1494770,752,0.00830078,0
131,1497148,2378,0.0102539,0
132,1522936,25788,0.0200195,0
133,1523454,518,0.00683594,0
134,1524024,570,0.00830078,0
135,1524460,436,0.00732422,0
136,1525212,752,0.00830078,0
137,1527577,2365,0.0102539,0
138,1593421,65844,0.117676,0
139,1594979,1558,0.00683594,0
140,1595549,570,0.00830078,0
141,1595985,436,0.00732422,0
142,1596737,752,0.00830078,0
143,1599114,2377,0.0102539,0
144,1624721,25607,0.0126953,0
145,1625224,503,0.00683594,0
146,1625794,570,0.00830078,0
147,1626230,436,0.00732422,0
148,1626982,752,0.00830078,0
149,1629348,2366,0.0102539,0
150,1935699,306351,0.141602,0
151,1937602,1903,0.00683594,0
152,1938172,570,0.00830078,0
153,1938608,436,0.00732422,0
154,1939360,752,0.00830078,0
155,1941738,2378,0.0102539,0
156,1967558,25820,0.0200195,0
157,1968076,518,0.00683594,0
158,1968646,570,0.00830078,0
159,1969082,436,0.00732422,0
160,1969834,752,0.00830078,0
161,1972199,2365,0.0102539,0
162,2003025,30826,0.03125,0
163,2003696,671,0.00683594,0
164,2004266,570,0.00830078,0
165,2004702,436,0.00732422,0
166,2005454,752,0.00830078,0
167,2007831,2377,0.0102539,0
168,2033438,25607,0.0126953,0
169,2033941,503,0.00683594,0
170,2034511,570,0.00830078,0
171,2034947,436,0.00732422,0
172,2035699,752,0.00830078,0
173,2038065,2366,0.0102539,0
174,2068688,30623,0.0229492,0
175,2069330,642,0.00683594,0
176,2069900,570,0.00830078,0
177,2070336,436,0.00732422,0
178,2071088,752,0.00830078,0
179,2073466,2378,0.0102539,0
180,2099254,25788,0.0200195,0
181,2099772,518,0.00683594,0
182,2100342,570,0.00830078,0
183,2100778,436,0.00732422,0
184,2101530,752,0.00830078,0
185,2103895,2365,0.0102539,0
186,2169718,65823,0.117676,0
187,2171276,1558,0.00683594,0
188,2171846,570,0.00830078,0
189,2172282,436,0.00732422,0
190,2173034,752,0.00830078,0
191,2175411,2377,0.0102539,0
192,2201018,25607,0.0126953,0
193,2201521,503,0.00683594,0
194,2202091,570,0.00830078,0
195,2202527,436,0.00732422,0
196,2203279,752,0.00830078,0
197,2205645,2366,0.0102539,0
198,2511921,306276,0.141602,0
199,2513824,1903,0.00683594,0
200,2514394,570,0.00830078,0
201,2514830,436,0.00732422,0
202,2515582,752,0.00830078,0
203,2517960,2378,0.0102539,0
204,2543780,25820,0.0200195,0
205,2544298,518,0.00683594,0
206,2544868,570,0.00830078,0
207,2545304,436,0.00732422,0
208,2546056,752,0.00830078,0
209,2548421,2365,0.0102539,0
210,2579237,30816,0.03125,0
211,2579908,671,0.00683594,0
212,2580478,570,0.00830078,0
213,2580914,436,0.00732422,0
214,2581666,752,0.00830078,0
215,2584043,2377,0.0102539,0
216,2609650,25607,0.0126953,0
217,2610153,503,0.00683594,0
218,2610723,570,0.00830078,0
219,2611159,436,0.00732422,0
220,2611911,752,0.00830078,0
221,2614277,2366,0.0102539,0
222,2644872,30595,0.0229492,0
223,2645514,642,0.00683594,0
224,2646084,570,0.00830078,0
225,2646520,436,0.00732422,0
226,2647272,752,0.00830078,0
227,2649650,2378,0.0102539,0
228,2675438,25788,0.0200195,0
229,2675956,518,0.00683594,0
230,2676526,570,0.00830078,0
231,2676962,436,0.00732422,0
232,2677714,752,0.00830078,0
233,2680079,2365,0.0102539,0
234,2745928,65849,0.117676,0
235,2747486,1558,0.00683594,0
236,2748056,570,0.00830078,0
237,2748492,436,0.00732422,0
238,2749244,752,0.00830078,0
239,2751621,2377,0.0102539,0
240,2777228,25607,0.0126953,0
241,2777731,503,0.00683594,0
242,2778301,570,0.00830078,0
243,2778737,436,0.00732422,0
244,2779489,752,0.00830078,0
245,2781855,2366,0.0102539,0
246,2904336,122481,0.0600586,0
247,2948821,44485,0.059082,0
248,2956920,8099,0.0488281,0
249,2970967,14047,0.0400391,0
