checkpoints,cycle count,last checkpoint,dirty ratio,cause
1,3729,3729,0.515625,0
2,4984,1255,0.5,0
3,6001,1017,0.359375,0
4,6989,988,0.421875,0
5,8029,1040,0.40625,0
6,9035,1006,0.40625,0
7,10138,1103,0.421875,0
8,11173,1035,0.40625,0
9,11775,602,0.140625,0
10,12363,588,0.265625,0
11,12633,270,0.109375,0
12,12912,279,0.140625,0
13,13333,421,0.203125,0
14,13834,501,0.203125,0
15,14500,666,0.6875,0
16,16413,1913,0.734375,0
17,27279,10866,0.703125,0
18,28517,1238,0.46875,0
19,29166,649,0.46875,0
20,30271,1105,0.46875,0
21,30942,671,0.46875,0
22,32121,1179,0.46875,0
23,32744,623,0.46875,0
24,33982,1238,0.46875,0
25,35103,1121,0.46875,0
26,36230,1127,0.46875,0
27,37351,1121,0.46875,0
28,38478,1127,0.46875,0
29,39599,1121,0.46875,0
30,40726,1127,0.46875,0
31,41358,632,0.46875,0
32,42605,1247,0.46875,0
33,43770,1165,0.46875,0
34,44860,1090,0.46875,0
35,46025,1165,0.46875,0
36,47115,1090,0.46875,0
37,48280,1165,0.46875,0
38,49370,1090,0.46875,0
39,50024,654,0.46875,0
40,51228,1204,0.46875,0
41,52398,1170,0.46875,0
42,53483,1085,0.46875,0
43,54653,1170,0.46875,0
44,55738,1085,0.46875,0
45,56908,1170,0.46875,0
46,57993,1085,0.46875,0
47,59163,1170,0.46875,0
48,60248,1085,0.46875,0
49,61418,1170,0.46875,0
50,62503,1085,0.46875,0
51,63673,1170,0.46875,0
52,64758,1085,0.46875,0
53,65928,1170,0.46875,0
54,67013,1085,0.46875,0
55,68183,1170,0.46875,0
56,69268,1085,0.46875,0
57,70438,1170,0.46875,0
58,71523,1085,0.46875,0
59,72693,1170,0.46875,0
60,73778,1085,0.46875,0
61,74948,1170,0.46875,0
62,76033,1085,0.46875,0
63,77203,1170,0.46875,0
64,78288,1085,0.46875,0
65,79458,1170,0.46875,0
66,80543,1085,0.46875,0
67,81713,1170,0.46875,0
68,82798,1085,0.46875,0
69,83968,1170,0.46875,0
70,85053,1085,0.46875,0
71,86223,1170,0.46875,0
72,87308,1085,0.46875,0
73,88478,1170,0.46875,0
74,89563,1085,0.46875,0
75,90733,1170,0.46875,0
76,91818,1085,0.46875,0
77,92988,1170,0.46875,0
78,94073,1085,0.46875,0
79,95243,1170,0.46875,0
80,96328,1085,0.46875,0
81,97498,1170,0.46875,0
82,98583,1085,0.46875,0
83,99753,1170,0.46875,0
84,100838,1085,0.46875,0
85,102008,1170,0.46875,0
86,103093,1085,0.46875,0
87,104263,1170,0.46875,0
88,105348,1085,0.46875,0
89,106518,1170,0.46875,0
90,107603,1085,0.46875,0
91,108773,1170,0.46875,0
92,109858,1085,0.46875,0
93,111028,1170,0.46875,0
94,112113,1085,0.46875,0
95,113283,1170,0.46875,0
96,114368,1085,0.46875,0
97,115538,1170,0.46875,0
98,116623,1085,0.46875,0
99,117793,1170,0.46875,0
100,118878,1085,0.46875,0
101,120048,1170,0.46875,0
102,121133,1085,0.46875,0
103,122303,1170,0.46875,0
104,123388,1085,0.46875,0
105,124558,1170,0.46875,0
106,125643,1085,0.46875,0
107,126813,1170,0.46875,0
108,127898,1085,0.46875,0
109,129068,1170,0.46875,0
110,130153,1085,0.46875,0
111,131323,1170,0.46875,0
112,132408,1085,0.46875,0
113,133578,1170,0.46875,0
114,134663,1085,0.46875,0
115,135833,1170,0.46875,0
116,136918,1085,0.46875,0
117,138088,1170,0.46875,0
118,139173,1085,0.46875,0
119,141813,2640,0.421875,0
120,142605,792,0.453125,0
121,143518,913,1,0
122,143957,439,0.296875,0
123,185466,41509,1,0
124,186442,976,0.578125,0
125,187371,929,1,0
126,187807,436,0.3125,0
127,229431,41624,1,0
128,230391,960,0.328125,0
129,231447,1056,1,0
130,231883,436,0.3125,0
131,273493,41610,1,0
132,274457,964,0.671875,0
133,275625,1168,0.296875,0
134,277046,1421,0.296875,0
135,277574,528,0.25,0
136,277877,303,0.1875,0
137,278479,602,0.1875,0
138,278922,443,0.1875,0
139,279333,411,0.203125,0
140,279815,482,0.25,0
141,280591,776,0.265625,0
142,281494,903,0.25,0
143,282109,615,0.21875,0
144,282549,440,0.203125,0
145,282981,432,0.21875,0
146,283306,325,0.21875,0
147,284534,1228,0.296875,0
148,286357,1823,0.25,0
149,287154,797,0.265625,0
150,287945,791,0.265625,0
151,288554,609,0.203125,0
152,288983,429,0.203125,0
153,289419,436,0.203125,0
154,290016,597,0.25,0
155,290514,498,0.265625,0
156,291064,550,0.265625,0
157,291874,810,0.1875,0
158,292324,450,0.1875,0
159,292772,448,0.203125,0
160,293385,613,0.25,0
161,294328,943,0.28125,0
162,294720,392,0.203125,0
163,295835,1115,0.234375,0
164,296281,446,0.21875,0
165,296569,288,0.21875,0
166,297488,919,0.234375,0
167,298478,990,0.28125,0
168,299088,610,0.234375,0
169,300813,1725,0.3125,0
170,301389,576,0.203125,0
171,302438,1049,0.21875,0
172,302726,288,0.203125,0
173,303330,604,0.25,0
174,303871,541,0.28125,0
175,304392,521,0.25,0
176,305903,1511,0.21875,0
177,306523,620,0.25,0
178,307728,1205,0.296875,0
179,308062,334,0.203125,0
180,308656,594,0.21875,0
181,309419,763,0.21875,0
182,309737,318,0.21875,0
183,310582,845,0.234375,0
184,311249,667,0.265625,0
185,311795,546,0.484375,0
186,312418,623,0.203125,0
187,312840,422,0.203125,0
188,314189,1349,0.296875,0
189,314717,528,0.25,0
190,315020,303,0.1875,0
191,315622,602,0.1875,0
192,316065,443,0.1875,0
193,316476,411,0.203125,0
194,316958,482,0.25,0
195,317734,776,0.265625,0
196,318637,903,0.25,0
197,319252,615,0.21875,0
198,319692,440,0.203125,0
199,320124,432,0.21875,0
200,320449,325,0.21875,0
201,321677,1228,0.296875,0
202,323500,1823,0.25,0
203,324297,797,0.265625,0
204,325088,791,0.265625,0
205,325697,609,0.203125,0
206,326126,429,0.203125,0
207,326562,436,0.203125,0
208,327159,597,0.25,0
209,327657,498,0.265625,0
210,328207,550,0.265625,0
211,329017,810,0.1875,0
212,329467,450,0.1875,0
213,329915,448,0.203125,0
214,330528,613,0.25,0
215,331471,943,0.28125,0
216,331863,392,0.203125,0
217,332978,1115,0.234375,0
218,333424,446,0.21875,0
219,333712,288,0.21875,0
220,334631,919,0.234375,0
221,335621,990,0.28125,0
222,336231,610,0.234375,0
223,337956,1725,0.3125,0
224,338532,576,0.203125,0
225,339581,1049,0.21875,0
226,339869,288,0.203125,0
227,340473,604,0.25,0
228,341014,541,0.28125,0
229,341535,521,0.25,0
230,343046,1511,0.21875,0
231,343666,620,0.25,0
232,344871,1205,0.296875,0
233,345205,334,0.203125,0
234,345799,594,0.21875,0
235,346562,763,0.21875,0
236,346880,318,0.21875,0
237,347725,845,0.234375,0
238,348392,667,0.265625,0
239,353763,5371,0.4375,0
240,354031,268,0.109375,0
241,357414,3383,0.28125,0
242,358475,1061,0.203125,0
243,358957,482,0.25,0
244,359733,776,0.265625,0
245,360636,903,0.25,0
246,361251,615,0.21875,0
247,361691,440,0.203125,0
248,362123,432,0.21875,0
249,362448,325,0.21875,0
250,363676,1228,0.296875,0
251,365499,1823,0.25,0
252,366296,797,0.265625,0
253,367087,791,0.265625,0
254,367696,609,0.203125,0
255,368125,429,0.203125,0
256,368561,436,0.203125,0
257,369158,597,0.25,0
258,369656,498,0.265625,0
259,370206,550,0.265625,0
260,371016,810,0.1875,0
261,371466,450,0.1875,0
262,371914,448,0.203125,0
263,372527,613,0.25,0
264,373470,943,0.28125,0
265,373862,392,0.203125,0
266,374977,1115,0.234375,0
267,375423,446,0.21875,0
268,375711,288,0.21875,0
269,376630,919,0.234375,0
270,377620,990,0.28125,0
271,378230,610,0.234375,0
272,379955,1725,0.3125,0
273,380531,576,0.203125,0
274,381580,1049,0.21875,0
275,381868,288,0.203125,0
276,382472,604,0.25,0
277,383013,541,0.28125,0
278,383534,521,0.25,0
279,385045,1511,0.21875,0
280,385665,620,0.25,0
281,386870,1205,0.296875,0
282,387204,334,0.203125,0
283,387798,594,0.21875,0
284,388561,763,0.21875,0
285,388879,318,0.21875,0
286,389724,845,0.234375,0
287,390391,667,0.265625,0
288,390772,381,0.25,0
289,391350,578,0.203125,0
290,391772,422,0.203125,0
291,393121,1349,0.296875,0
292,393649,528,0.25,0
293,393952,303,0.1875,0
294,394554,602,0.1875,0
295,394997,443,0.1875,0
296,395408,411,0.203125,0
297,395890,482,0.25,0
298,396666,776,0.265625,0
299,397569,903,0.25,0
300,398184,615,0.21875,0
301,398624,440,0.203125,0
302,399056,432,0.21875,0
303,399381,325,0.21875,0
304,400609,1228,0.296875,0
305,402432,1823,0.25,0
306,403229,797,0.265625,0
307,404020,791,0.265625,0
308,404629,609,0.203125,0
309,405058,429,0.203125,0
310,405494,436,0.203125,0
311,406091,597,0.25,0
312,406589,498,0.265625,0
313,407139,550,0.265625,0
314,407949,810,0.1875,0
315,408399,450,0.1875,0
316,408847,448,0.203125,0
317,409460,613,0.25,0
318,410403,943,0.28125,0
319,410795,392,0.203125,0
320,411910,1115,0.234375,0
321,412356,446,0.21875,0
322,412644,288,0.21875,0
323,413563,919,0.234375,0
324,414553,990,0.28125,0
325,415163,610,0.234375,0
326,416888,1725,0.3125,0
327,417464,576,0.203125,0
328,418513,1049,0.21875,0
329,418801,288,0.203125,0
330,419405,604,0.25,0
331,419946,541,0.28125,0
332,420467,521,0.25,0
333,421978,1511,0.21875,0
334,422598,620,0.25,0
335,423803,1205,0.296875,0
336,424137,334,0.203125,0
337,424731,594,0.21875,0
338,425494,763,0.21875,0
339,425812,318,0.21875,0
340,426657,845,0.234375,0
341,427324,667,0.265625,0
342,432533,5209,0.1875,0
343,433849,1316,0.484375,0
344,435243,1394,0.296875,0
345,435771,528,0.25,0
346,436074,303,0.1875,0
347,436676,602,0.1875,0
348,437119,443,0.1875,0
349,437530,411,0.203125,0
350,438012,482,0.25,0
351,438788,776,0.265625,0
352,439691,903,0.25,0
353,440306,615,0.21875,0
354,440746,440,0.203125,0
355,441178,432,0.21875,0
356,441503,325,0.21875,0
357,442731,1228,0.296875,0
358,444554,1823,0.25,0
359,445351,797,0.265625,0
360,446142,791,0.265625,0
361,446751,609,0.203125,0
362,447180,429,0.203125,0
363,447616,436,0.203125,0
364,448213,597,0.25,0
365,448711,498,0.265625,0
366,449261,550,0.265625,0
367,450071,810,0.1875,0
368,450521,450,0.1875,0
369,450969,448,0.203125,0
370,451582,613,0.25,0
371,452525,943,0.28125,0
372,452917,392,0.203125,0
373,454032,1115,0.234375,0
374,454478,446,0.21875,0
375,454766,288,0.21875,0
376,455685,919,0.234375,0
377,456675,990,0.28125,0
378,457285,610,0.234375,0
379,459010,1725,0.3125,0
380,459586,576,0.203125,0
381,460635,1049,0.21875,0
382,460923,288,0.203125,0
383,461527,604,0.25,0
384,462068,541,0.28125,0
385,462589,521,0.25,0
386,464100,1511,0.21875,0
387,464720,620,0.25,0
388,465925,1205,0.296875,0
389,466259,334,0.203125,0
390,466853,594,0.21875,0
391,467616,763,0.21875,0
392,467934,318,0.21875,0
393,468779,845,0.234375,0
394,469446,667,0.265625,0
395,469992,546,0.484375,0
396,470615,623,0.203125,0
397,471037,422,0.203125,0
398,472386,1349,0.296875,0
399,472914,528,0.25,0
400,473217,303,0.1875,0
401,473819,602,0.1875,0
402,474262,443,0.1875,0
403,474673,411,0.203125,0
404,475155,482,0.25,0
405,475931,776,0.265625,0
406,476834,903,0.25,0
407,477449,615,0.21875,0
408,477889,440,0.203125,0
409,478321,432,0.21875,0
410,478646,325,0.21875,0
411,479874,1228,0.296875,0
412,481697,1823,0.25,0
413,482494,797,0.265625,0
414,483285,791,0.265625,0
415,483894,609,0.203125,0
416,484323,429,0.203125,0
417,484759,436,0.203125,0
418,485356,597,0.25,0
419,485854,498,0.265625,0
420,486404,550,0.265625,0
421,487214,810,0.1875,0
422,487664,450,0.1875,0
423,488112,448,0.203125,0
424,488725,613,0.25,0
425,489668,943,0.28125,0
426,490060,392,0.203125,0
427,491175,1115,0.234375,0
428,491621,446,0.21875,0
429,491909,288,0.21875,0
430,492828,919,0.234375,0
431,493818,990,0.28125,0
432,494428,610,0.234375,0
433,496153,1725,0.3125,0
434,496729,576,0.203125,0
435,497778,1049,0.21875,0
436,498066,288,0.203125,0
437,498670,604,0.25,0
438,499211,541,0.28125,0
439,499732,521,0.25,0
440,501243,1511,0.21875,0
441,501863,620,0.25,0
442,503068,1205,0.296875,0
443,503402,334,0.203125,0
444,503996,594,0.21875,0
445,504759,763,0.21875,0
446,505077,318,0.21875,0
447,505922,845,0.234375,0
448,506589,667,0.265625,0
449,511944,5355,0.421875,0
450,513702,1758,0.34375,0
451,514713,1011,1,0
452,515149,436,0.3125,0
453,556773,41624,1,0
454,557787,1014,0.40625,0
455,561223,3436,0.28125,0
456,562284,1061,0.203125,0
457,562766,482,0.25,0
458,563542,776,0.265625,0
459,564445,903,0.25,0
460,565060,615,0.21875,0
461,565500,440,0.203125,0
462,565932,432,0.21875,0
463,566257,325,0.21875,0
464,567485,1228,0.296875,0
465,569308,1823,0.25,0
466,570105,797,0.265625,0
467,570896,791,0.265625,0
468,571505,609,0.203125,0
469,571934,429,0.203125,0
470,572370,436,0.203125,0
471,572967,597,0.25,0
472,573465,498,0.265625,0
473,574015,550,0.265625,0
474,574825,810,0.1875,0
475,575275,450,0.1875,0
476,575723,448,0.203125,0
477,576336,613,0.25,0
478,577279,943,0.28125,0
479,577671,392,0.203125,0
480,578786,1115,0.234375,0
481,579232,446,0.21875,0
482,579520,288,0.21875,0
483,580439,919,0.234375,0
484,581429,990,0.28125,0
485,582039,610,0.234375,0
486,583764,1725,0.3125,0
487,584340,576,0.203125,0
488,585389,1049,0.21875,0
489,585677,288,0.203125,0
490,586281,604,0.25,0
491,586822,541,0.28125,0
492,587343,521,0.25,0
493,588854,1511,0.21875,0
494,589474,620,0.25,0
495,590679,1205,0.296875,0
496,591013,334,0.203125,0
497,591607,594,0.21875,0
498,592370,763,0.21875,0
499,592688,318,0.21875,0
500,593533,845,0.234375,0
501,594200,667,0.265625,0
502,594581,381,0.25,0
503,595159,578,0.203125,0
504,595581,422,0.203125,0
505,596930,1349,0.296875,0
506,597458,528,0.25,0
507,597761,303,0.1875,0
508,598363,602,0.1875,0
509,598806,443,0.1875,0
510,599217,411,0.203125,0
511,599699,482,0.25,0
512,600475,776,0.265625,0
513,601378,903,0.25,0
514,601993,615,0.21875,0
515,602433,440,0.203125,0
516,602865,432,0.21875,0
517,603190,325,0.21875,0
518,604418,1228,0.296875,0
519,606241,1823,0.25,0
520,607038,797,0.265625,0
521,607829,791,0.265625,0
522,608438,609,0.203125,0
523,608867,429,0.203125,0
524,609303,436,0.203125,0
525,609900,597,0.25,0
526,610398,498,0.265625,0
527,610948,550,0.265625,0
528,611758,810,0.1875,0
529,612208,450,0.1875,0
530,612656,448,0.203125,0
531,613269,613,0.25,0
532,614212,943,0.28125,0
533,614604,392,0.203125,0
534,615719,1115,0.234375,0
535,616165,446,0.21875,0
536,616453,288,0.21875,0
537,617372,919,0.234375,0
538,618362,990,0.28125,0
539,618972,610,0.234375,0
540,620697,1725,0.3125,0
541,621273,576,0.203125,0
542,622322,1049,0.21875,0
543,622610,288,0.203125,0
544,623214,604,0.25,0
545,623755,541,0.28125,0
546,624276,521,0.25,0
547,625787,1511,0.21875,0
548,626407,620,0.25,0
549,627612,1205,0.296875,0
550,627946,334,0.203125,0
551,628540,594,0.21875,0
552,629303,763,0.21875,0
553,629621,318,0.21875,0
554,630466,845,0.234375,0
555,631133,667,0.265625,0
556,636326,5193,0.1875,0
557,637862,1536,0.3125,0
558,639083,1221,0.265625,0
559,640806,1723,0.359375,0
560,641978,1172,0.21875,0
561,643526,1548,0.28125,0
562,645104,1578,0.28125,0
563,646681,1577,0.265625,0
564,647426,745,0.15625,0
565,648714,1288,0.25,0
566,650318,1604,0.40625,0
567,656268,5950,0.359375,0
568,656853,585,0.21875,0
569,657208,355,0.15625,0
570,657780,572,0.265625,0
571,658544,764,0.328125,0
572,659039,495,0.1875,0
573,659332,293,0.125,0
574,659978,646,0.296875,0
575,660529,551,0.203125,0
576,661171,642,0.265625,0
577,662055,884,0.40625,0
578,662878,823,0.328125,0
579,663311,433,0.109375,0
580,663691,380,0.1875,0
581,664272,581,0.25,0
582,664947,675,0.265625,0
583,665209,262,0.109375,0
584,665444,235,0.109375,0
585,665930,486,0.265625,0
586,666397,467,0.203125,0
587,671669,5272,0.265625,0
588,672492,823,0.46875,0
589,672974,482,0.046875,0
590,673783,809,0.46875,0
591,674932,1149,0.46875,0
592,676075,1143,0.46875,0
593,677224,1149,0.46875,0
594,678367,1143,0.46875,0
595,679516,1149,0.46875,0
596,680659,1143,0.46875,0
597,682157,1498,0.46875,0
598,683353,1196,0.46875,0
599,684561,1208,0.46875,0
600,685659,1098,0.46875,0
601,686867,1208,0.46875,0
602,687965,1098,0.46875,0
603,689173,1208,0.46875,0
604,690271,1098,0.46875,0
605,691479,1208,0.46875,0
606,692200,721,0.46875,0
607,692704,504,0.046875,0
608,693540,836,0.46875,0
609,694676,1136,0.46875,0
610,695827,1151,0.46875,0
611,696963,1136,0.46875,0
612,698114,1151,0.46875,0
613,699250,1136,0.46875,0
614,700401,1151,0.46875,0
615,701908,1507,0.46875,0
616,703082,1174,0.46875,0
617,704303,1221,0.46875,0
618,705380,1077,0.46875,0
619,706601,1221,0.46875,0
620,707678,1077,0.46875,0
621,708899,1221,0.46875,0
622,709976,1077,0.46875,0
623,711197,1221,0.46875,0
624,711789,592,0.46875,0
625,712577,788,0.046875,0
626,713174,597,0.46875,0
627,714309,1135,0.46875,0
628,715486,1177,0.46875,0
629,716621,1135,0.46875,0
630,717798,1177,0.46875,0
631,718933,1135,0.46875,0
632,720110,1177,0.46875,0
633,721638,1528,0.46875,0
634,722797,1159,0.46875,0
635,724040,1243,0.46875,0
636,725110,1070,0.46875,0
637,726353,1243,0.46875,0
638,727423,1070,0.46875,0
639,728666,1243,0.46875,0
640,729736,1070,0.46875,0
641,730979,1243,0.46875,0
642,731961,982,0.46875,0
643,732550,589,0.046875,0
644,733263,713,0.46875,0
645,734384,1121,0.46875,0
646,735570,1186,0.46875,0
647,736691,1121,0.46875,0
648,737877,1186,0.46875,0
649,738998,1121,0.46875,0
650,740184,1186,0.46875,0
651,741720,1536,0.46875,0
652,742249,529,0.46875,0
653,742686,437,0.046875,0
654,743624,938,0.46875,0
655,744724,1100,0.46875,0
656,745936,1212,0.46875,0
657,747036,1100,0.46875,0
658,748248,1212,0.46875,0
659,749348,1100,0.46875,0
660,750560,1212,0.46875,0
661,752097,1537,0.46875,0
662,753205,1108,0.46875,0
663,754475,1270,0.46875,0
664,755510,1035,0.46875,0
665,756780,1270,0.46875,0
666,757815,1035,0.46875,0
667,759085,1270,0.46875,0
668,760120,1035,0.46875,0
669,761390,1270,0.46875,0
670,761868,478,0.46875,0
671,762350,482,0.046875,0
672,763295,945,0.46875,0
673,764388,1093,0.46875,0
674,765593,1205,0.46875,0
675,766686,1093,0.46875,0
676,767891,1205,0.46875,0
677,768984,1093,0.46875,0
678,770189,1205,0.46875,0
679,771719,1530,0.46875,0
680,772827,1108,0.46875,0
681,774083,1256,0.46875,0
682,775117,1034,0.46875,0
683,776373,1256,0.46875,0
684,777407,1034,0.46875,0
685,778663,1256,0.46875,0
686,779697,1034,0.46875,0
687,780953,1256,0.46875,0
688,781592,639,0.46875,0
689,782803,1211,0.53125,0
690,783242,439,0.078125,0
691,788549,5307,0.265625,0
692,789295,746,0.3125,0
693,789794,499,0.203125,0
694,790325,531,0.21875,0
695,790993,668,0.28125,0
696,791548,555,0.234375,0
697,791974,426,0.1875,0
698,792720,746,0.296875,0
699,793228,508,0.203125,0
700,793677,449,0.203125,0
701,794481,804,0.34375,0
702,795118,637,0.265625,0
703,795744,626,0.265625,0
704,796012,268,0.109375,0
705,796786,774,0.296875,0
706,797069,283,0.109375,0
707,797406,337,0.171875,0
708,797987,581,0.265625,0
709,798831,844,0.171875,0
710,803543,4712,0.453125,0
711,804093,550,0.28125,0
712,805059,966,0.46875,0
713,805708,649,0.46875,0
714,806813,1105,0.46875,0
715,807484,671,0.46875,0
716,808663,1179,0.46875,0
717,809286,623,0.46875,0
718,810524,1238,0.46875,0
719,811645,1121,0.46875,0
720,812772,1127,0.46875,0
721,813893,1121,0.46875,0
722,815020,1127,0.46875,0
723,816141,1121,0.46875,0
724,817268,1127,0.46875,0
725,817900,632,0.46875,0
726,819147,1247,0.46875,0
727,820312,1165,0.46875,0
728,821402,1090,0.46875,0
729,822567,1165,0.46875,0
730,823657,1090,0.46875,0
731,824822,1165,0.46875,0
732,825912,1090,0.46875,0
733,826566,654,0.46875,0
734,827770,1204,0.46875,0
735,828940,1170,0.46875,0
736,830025,1085,0.46875,0
737,831195,1170,0.46875,0
738,832280,1085,0.46875,0
739,833450,1170,0.46875,0
740,834535,1085,0.46875,0
741,835705,1170,0.46875,0
742,836790,1085,0.46875,0
743,837960,1170,0.46875,0
744,839045,1085,0.46875,0
745,840215,1170,0.46875,0
746,841300,1085,0.46875,0
747,842470,1170,0.46875,0
748,843555,1085,0.46875,0
749,844725,1170,0.46875,0
750,845810,1085,0.46875,0
751,846980,1170,0.46875,0
752,848065,1085,0.46875,0
753,849235,1170,0.46875,0
754,850320,1085,0.46875,0
755,851490,1170,0.46875,0
756,852575,1085,0.46875,0
757,853745,1170,0.46875,0
758,854830,1085,0.46875,0
759,856000,1170,0.46875,0
760,857085,1085,0.46875,0
761,858255,1170,0.46875,0
762,859340,1085,0.46875,0
763,860510,1170,0.46875,0
764,861595,1085,0.46875,0
765,862765,1170,0.46875,0
766,863850,1085,0.46875,0
767,865020,1170,0.46875,0
768,866105,1085,0.46875,0
769,867275,1170,0.46875,0
770,868360,1085,0.46875,0
771,869530,1170,0.46875,0
772,870615,1085,0.46875,0
773,871785,1170,0.46875,0
774,872870,1085,0.46875,0
775,874040,1170,0.46875,0
776,875125,1085,0.46875,0
777,876295,1170,0.46875,0
778,877380,1085,0.46875,0
779,878550,1170,0.46875,0
780,879635,1085,0.46875,0
781,880805,1170,0.46875,0
782,881890,1085,0.46875,0
783,883060,1170,0.46875,0
784,884145,1085,0.46875,0
785,885315,1170,0.46875,0
786,886400,1085,0.46875,0
787,887570,1170,0.46875,0
788,888655,1085,0.46875,0
789,889825,1170,0.46875,0
790,890910,1085,0.46875,0
791,892080,1170,0.46875,0
792,893165,1085,0.46875,0
793,894335,1170,0.46875,0
794,895420,1085,0.46875,0
795,896590,1170,0.46875,0
796,897675,1085,0.46875,0
797,898845,1170,0.46875,0
798,899930,1085,0.46875,0
799,901100,1170,0.46875,0
800,902185,1085,0.46875,0
801,903355,1170,0.46875,0
802,904440,1085,0.46875,0
803,905610,1170,0.46875,0
804,906695,1085,0.46875,0
805,907865,1170,0.46875,0
806,908950,1085,0.46875,0
807,910120,1170,0.46875,0
808,911205,1085,0.46875,0
809,912375,1170,0.46875,0
810,913460,1085,0.46875,0
811,914630,1170,0.46875,0
812,915715,1085,0.46875,0
813,918349,2634,0.421875,0
814,919142,793,0.453125,0
815,920055,913,1,0
816,920494,439,0.296875,0
817,962003,41509,1,0
818,962973,970,0.5625,0
819,963899,926,1,0
820,964335,436,0.3125,0
821,1005959,41624,1,0
822,1006914,955,0.328125,0
823,1007970,1056,1,0
824,1008406,436,0.3125,0
825,1050016,41610,1,0
826,1050983,967,0.671875,0
827,1052151,1168,0.296875,0
828,1053572,1421,0.296875,0
829,1054100,528,0.25,0
830,1054403,303,0.1875,0
831,1055005,602,0.1875,0
832,1055448,443,0.1875,0
833,1055859,411,0.203125,0
834,1056341,482,0.25,0
835,1057117,776,0.265625,0
836,1058020,903,0.25,0
837,1058635,615,0.21875,0
838,1059075,440,0.203125,0
839,1059507,432,0.21875,0
840,1059832,325,0.21875,0
841,1061060,1228,0.296875,0
842,1062883,1823,0.25,0
843,1063680,797,0.265625,0
844,1064471,791,0.265625,0
845,1065080,609,0.203125,0
846,1065509,429,0.203125,0
847,1065945,436,0.203125,0
848,1066542,597,0.25,0
849,1067040,498,0.265625,0
850,1067590,550,0.265625,0
851,1068400,810,0.1875,0
852,1068850,450,0.1875,0
853,1069298,448,0.203125,0
854,1069911,613,0.25,0
855,1070854,943,0.28125,0
856,1071246,392,0.203125,0
857,1072361,1115,0.234375,0
858,1072807,446,0.21875,0
859,1073095,288,0.21875,0
860,1074014,919,0.234375,0
861,1075004,990,0.28125,0
862,1075614,610,0.234375,0
863,1077339,1725,0.3125,0
864,1077915,576,0.203125,0
865,1078964,1049,0.21875,0
866,1079252,288,0.203125,0
867,1079856,604,0.25,0
868,1080397,541,0.28125,0
869,1080918,521,0.25,0
870,1082429,1511,0.21875,0
871,1083049,620,0.25,0
872,1084254,1205,0.296875,0
873,1084588,334,0.203125,0
874,1085182,594,0.21875,0
875,1085945,763,0.21875,0
876,1086263,318,0.21875,0
877,1087108,845,0.234375,0
878,1087775,667,0.265625,0
879,1088321,546,0.484375,0
880,1088944,623,0.203125,0
881,1089366,422,0.203125,0
882,1090715,1349,0.296875,0
883,1091243,528,0.25,0
884,1091546,303,0.1875,0
885,1092148,602,0.1875,0
886,1092591,443,0.1875,0
887,1093002,411,0.203125,0
888,1093484,482,0.25,0
889,1094260,776,0.265625,0
890,1095163,903,0.25,0
891,1095778,615,0.21875,0
892,1096218,440,0.203125,0
893,1096650,432,0.21875,0
894,1096975,325,0.21875,0
895,1098203,1228,0.296875,0
896,1100026,1823,0.25,0
897,1100823,797,0.265625,0
898,1101614,791,0.265625,0
899,1102223,609,0.203125,0
900,1102652,429,0.203125,0
901,1103088,436,0.203125,0
902,1103685,597,0.25,0
903,1104183,498,0.265625,0
904,1104733,550,0.265625,0
905,1105543,810,0.1875,0
906,1105993,450,0.1875,0
907,1106441,448,0.203125,0
908,1107054,613,0.25,0
909,1107997,943,0.28125,0
910,1108389,392,0.203125,0
911,1109504,1115,0.234375,0
912,1109950,446,0.21875,0
913,1110238,288,0.21875,0
914,1111157,919,0.234375,0
915,1112147,990,0.28125,0
916,1112757,610,0.234375,0
917,1114482,1725,0.3125,0
918,1115058,576,0.203125,0
919,1116107,1049,0.21875,0
920,1116395,288,0.203125,0
921,1116999,604,0.25,0
922,1117540,541,0.28125,0
923,1118061,521,0.25,0
924,1119572,1511,0.21875,0
925,1120192,620,0.25,0
926,1121397,1205,0.296875,0
927,1121731,334,0.203125,0
928,1122325,594,0.21875,0
929,1123088,763,0.21875,0
930,1123406,318,0.21875,0
931,1124251,845,0.234375,0
932,1124918,667,0.265625,0
933,1130282,5364,0.421875,0
934,1130547,265,0.109375,0
935,1133930,3383,0.28125,0
936,1134991,1061,0.203125,0
937,1135473,482,0.25,0
938,1136249,776,0.265625,0
939,1137152,903,0.25,0
940,1137767,615,0.21875,0
941,1138207,440,0.203125,0
942,1138639,432,0.21875,0
943,1138964,325,0.21875,0
944,1140192,1228,0.296875,0
945,1142015,1823,0.25,0
946,1142812,797,0.265625,0
947,1143603,791,0.265625,0
948,1144212,609,0.203125,0
949,1144641,429,0.203125,0
950,1145077,436,0.203125,0
951,1145674,597,0.25,0
952,1146172,498,0.265625,0
953,1146722,550,0.265625,0
954,1147532,810,0.1875,0
955,1147982,450,0.1875,0
956,1148430,448,0.203125,0
957,1149043,613,0.25,0
958,1149986,943,0.28125,0
959,1150378,392,0.203125,0
960,1151493,1115,0.234375,0
961,1151939,446,0.21875,0
962,1152227,288,0.21875,0
963,1153146,919,0.234375,0
964,1154136,990,0.28125,0
965,1154746,610,0.234375,0
966,1156471,1725,0.3125,0
967,1157047,576,0.203125,0
968,1158096,1049,0.21875,0
969,1158384,288,0.203125,0
970,1158988,604,0.25,0
971,1159529,541,0.28125,0
972,1160050,521,0.25,0
973,1161561,1511,0.21875,0
974,1162181,620,0.25,0
975,1163386,1205,0.296875,0
976,1163720,334,0.203125,0
977,1164314,594,0.21875,0
978,1165077,763,0.21875,0
979,1165395,318,0.21875,0
980,1166240,845,0.234375,0
981,1166907,667,0.265625,0
982,1167288,381,0.25,0
983,1167866,578,0.203125,0
984,1168288,422,0.203125,0
985,1169637,1349,0.296875,0
986,1170165,528,0.25,0
987,1170468,303,0.1875,0
988,1171070,602,0.1875,0
989,1171513,443,0.1875,0
990,1171924,411,0.203125,0
991,1172406,482,0.25,0
992,1173182,776,0.265625,0
993,1174085,903,0.25,0
994,1174700,615,0.21875,0
995,1175140,440,0.203125,0
996,1175572,432,0.21875,0
997,1175897,325,0.21875,0
998,1177125,1228,0.296875,0
999,1178948,1823,0.25,0
1000,1179745,797,0.265625,0
1001,1180536,791,0.265625,0
1002,1181145,609,0.203125,0
1003,1181574,429,0.203125,0
1004,1182010,436,0.203125,0
1005,1182607,597,0.25,0
1006,1183105,498,0.265625,0
1007,1183655,550,0.265625,0
1008,1184465,810,0.1875,0
1009,1184915,450,0.1875,0
1010,1185363,448,0.203125,0
1011,1185976,613,0.25,0
1012,1186919,943,0.28125,0
1013,1187311,392,0.203125,0
1014,1188426,1115,0.234375,0
1015,1188872,446,0.21875,0
1016,1189160,288,0.21875,0
1017,1190079,919,0.234375,0
1018,1191069,990,0.28125,0
1019,1191679,610,0.234375,0
1020,1193404,1725,0.3125,0
1021,1193980,576,0.203125,0
1022,1195029,1049,0.21875,0
1023,1195317,288,0.203125,0
1024,1195921,604,0.25,0
1025,1196462,541,0.28125,0
1026,1196983,521,0.25,0
1027,1198494,1511,0.21875,0
1028,1199114,620,0.25,0
1029,1200319,1205,0.296875,0
1030,1200653,334,0.203125,0
1031,1201247,594,0.21875,0
1032,1202010,763,0.21875,0
1033,1202328,318,0.21875,0
1034,1203173,845,0.234375,0
1035,1203840,667,0.265625,0
1036,1209056,5216,0.1875,0
1037,1210372,1316,0.484375,0
1038,1211766,1394,0.296875,0
1039,1212294,528,0.25,0
1040,1212597,303,0.1875,0
1041,1213199,602,0.1875,0
1042,1213642,443,0.1875,0
1043,1214053,411,0.203125,0
1044,1214535,482,0.25,0
1045,1215311,776,0.265625,0
1046,1216214,903,0.25,0
1047,1216829,615,0.21875,0
1048,1217269,440,0.203125,0
1049,1217701,432,0.21875,0
1050,1218026,325,0.21875,0
1051,1219254,1228,0.296875,0
1052,1221077,1823,0.25,0
1053,1221874,797,0.265625,0
1054,1222665,791,0.265625,0
1055,1223274,609,0.203125,0
1056,1223703,429,0.203125,0
1057,1224139,436,0.203125,0
1058,1224736,597,0.25,0
1059,1225234,498,0.265625,0
1060,1225784,550,0.265625,0
1061,1226594,810,0.1875,0
1062,1227044,450,0.1875,0
1063,1227492,448,0.203125,0
1064,1228105,613,0.25,0
1065,1229048,943,0.28125,0
1066,1229440,392,0.203125,0
1067,1230555,1115,0.234375,0
1068,1231001,446,0.21875,0
1069,1231289,288,0.21875,0
1070,1232208,919,0.234375,0
1071,1233198,990,0.28125,0
1072,1233808,610,0.234375,0
1073,1235533,1725,0.3125,0
1074,1236109,576,0.203125,0
1075,1237158,1049,0.21875,0
1076,1237446,288,0.203125,0
1077,1238050,604,0.25,0
1078,1238591,541,0.28125,0
1079,1239112,521,0.25,0
1080,1240623,1511,0.21875,0
1081,1241243,620,0.25,0
1082,1242448,1205,0.296875,0
1083,1242782,334,0.203125,0
1084,1243376,594,0.21875,0
1085,1244139,763,0.21875,0
1086,1244457,318,0.21875,0
1087,1245302,845,0.234375,0
1088,1245969,667,0.265625,0
1089,1246515,546,0.484375,0
1090,1247138,623,0.203125,0
1091,1247560,422,0.203125,0
1092,1248909,1349,0.296875,0
1093,1249437,528,0.25,0
1094,1249740,303,0.1875,0
1095,1250342,602,0.1875,0
1096,1250785,443,0.1875,0
1097,1251196,411,0.203125,0
1098,1251678,482,0.25,0
1099,1252454,776,0.265625,0
1100,1253357,903,0.25,0
1101,1253972,615,0.21875,0
1102,1254412,440,0.203125,0
1103,1254844,432,0.21875,0
1104,1255169,325,0.21875,0
1105,1256397,1228,0.296875,0
1106,1258220,1823,0.25,0
1107,1259017,797,0.265625,0
1108,1259808,791,0.265625,0
1109,1260417,609,0.203125,0
1110,1260846,429,0.203125,0
1111,1261282,436,0.203125,0
1112,1261879,597,0.25,0
1113,1262377,498,0.265625,0
1114,1262927,550,0.265625,0
1115,1263737,810,0.1875,0
1116,1264187,450,0.1875,0
1117,1264635,448,0.203125,0
1118,1265248,613,0.25,0
1119,1266191,943,0.28125,0
1120,1266583,392,0.203125,0
1121,1267698,1115,0.234375,0
1122,1268144,446,0.21875,0
1123,1268432,288,0.21875,0
1124,1269351,919,0.234375,0
1125,1270341,990,0.28125,0
1126,1270951,610,0.234375,0
1127,1272676,1725,0.3125,0
1128,1273252,576,0.203125,0
1129,1274301,1049,0.21875,0
1130,1274589,288,0.203125,0
1131,1275193,604,0.25,0
1132,1275734,541,0.28125,0
1133,1276255,521,0.25,0
1134,1277766,1511,0.21875,0
1135,1278386,620,0.25,0
1136,1279591,1205,0.296875,0
1137,1279925,334,0.203125,0
1138,1280519,594,0.21875,0
1139,1281282,763,0.21875,0
1140,1281600,318,0.21875,0
1141,1282445,845,0.234375,0
1142,1283112,667,0.265625,0
1143,1288467,5355,0.421875,0
1144,1290230,1763,0.34375,0
1145,1291241,1011,1,0
1146,1291677,436,0.3125,0
1147,1333301,41624,1,0
1148,1334316,1015,0.40625,0
1149,1337752,3436,0.28125,0
1150,1338813,1061,0.203125,0
1151,1339295,482,0.25,0
1152,1340071,776,0.265625,0
1153,1340974,903,0.25,0
1154,1341589,615,0.21875,0
1155,1342029,440,0.203125,0
1156,1342461,432,0.21875,0
1157,1342786,325,0.21875,0
1158,1344014,1228,0.296875,0
1159,1345837,1823,0.25,0
1160,1346634,797,0.265625,0
1161,1347425,791,0.265625,0
1162,1348034,609,0.203125,0
1163,1348463,429,0.203125,0
1164,1348899,436,0.203125,0
1165,1349496,597,0.25,0
1166,1349994,498,0.265625,0
1167,1350544,550,0.265625,0
1168,1351354,810,0.1875,0
1169,1351804,450,0.1875,0
1170,1352252,448,0.203125,0
1171,1352865,613,0.25,0
1172,1353808,943,0.28125,0
1173,1354200,392,0.203125,0
1174,1355315,1115,0.234375,0
1175,1355761,446,0.21875,0
1176,1356049,288,0.21875,0
1177,1356968,919,0.234375,0
1178,1357958,990,0.28125,0
1179,1358568,610,0.234375,0
1180,1360293,1725,0.3125,0
1181,1360869,576,0.203125,0
1182,1361918,1049,0.21875,0
1183,1362206,288,0.203125,0
1184,1362810,604,0.25,0
1185,1363351,541,0.28125,0
1186,1363872,521,0.25,0
1187,1365383,1511,0.21875,0
1188,1366003,620,0.25,0
1189,1367208,1205,0.296875,0
1190,1367542,334,0.203125,0
1191,1368136,594,0.21875,0
1192,1368899,763,0.21875,0
1193,1369217,318,0.21875,0
1194,1370062,845,0.234375,0
1195,1370729,667,0.265625,0
1196,1371110,381,0.25,0
1197,1371688,578,0.203125,0
1198,1372110,422,0.203125,0
1199,1373459,1349,0.296875,0
1200,1373987,528,0.25,0
1201,1374290,303,0.1875,0
1202,1374892,602,0.1875,0
1203,1375335,443,0.1875,0
1204,1375746,411,0.203125,0
1205,1376228,482,0.25,0
1206,1377004,776,0.265625,0
1207,1377907,903,0.25,0
1208,1378522,615,0.21875,0
1209,1378962,440,0.203125,0
1210,1379394,432,0.21875,0
1211,1379719,325,0.21875,0
1212,1380947,1228,0.296875,0
1213,1382770,1823,0.25,0
1214,1383567,797,0.265625,0
1215,1384358,791,0.265625,0
1216,1384967,609,0.203125,0
1217,1385396,429,0.203125,0
1218,1385832,436,0.203125,0
1219,1386429,597,0.25,0
1220,1386927,498,0.265625,0
1221,1387477,550,0.265625,0
1222,1388287,810,0.1875,0
1223,1388737,450,0.1875,0
1224,1389185,448,0.203125,0
1225,1389798,613,0.25,0
1226,1390741,943,0.28125,0
1227,1391133,392,0.203125,0
1228,1392248,1115,0.234375,0
1229,1392694,446,0.21875,0
1230,1392982,288,0.21875,0
1231,1393901,919,0.234375,0
1232,1394891,990,0.28125,0
1233,1395501,610,0.234375,0
1234,1397226,1725,0.3125,0
1235,1397802,576,0.203125,0
1236,1398851,1049,0.21875,0
1237,1399139,288,0.203125,0
1238,1399743,604,0.25,0
1239,1400284,541,0.28125,0
1240,1400805,521,0.25,0
1241,1402316,1511,0.21875,0
1242,1402936,620,0.25,0
1243,1404141,1205,0.296875,0
1244,1404475,334,0.203125,0
1245,1405069,594,0.21875,0
1246,1405832,763,0.21875,0
1247,1406150,318,0.21875,0
1248,1406995,845,0.234375,0
1249,1407662,667,0.265625,0
1250,1412859,5197,0.1875,0
1251,1414394,1535,0.3125,0
1252,1415704,1310,0.265625,0
1253,1417425,1721,0.359375,0
1254,1418594,1169,0.21875,0
1255,1420057,1463,0.28125,0
1256,1421491,1434,0.25,0
1257,1422203,712,0.15625,0
1258,1423609,1406,0.28125,0
1259,1425184,1575,0.25,0
1260,1426537,1353,0.25,0
1261,1427292,755,0.265625,0
1262,1432965,5673,0.328125,0
1263,1433224,259,0.09375,0
1264,1433504,280,0.109375,0
1265,1433733,229,0.09375,0
1266,1434184,451,0.1875,0
1267,1434557,373,0.171875,0
1268,1435272,715,0.328125,0
1269,1435847,575,0.203125,0
1270,1436104,257,0.09375,0
1271,1436680,576,0.25,0
1272,1437222,542,0.203125,0
1273,1437601,379,0.171875,0
1274,1437941,340,0.140625,0
1275,1438267,326,0.15625,0
1276,1438832,565,0.25,0
1277,1439520,688,0.28125,0
1278,1439782,262,0.109375,0
1279,1440236,454,0.171875,0
1280,1440889,653,0.3125,0
1281,1441618,729,0.265625,0
1282,1441880,262,0.109375,0
1283,1442108,228,0.109375,0
1284,1442536,428,0.234375,0
1285,1443064,528,0.21875,0
1286,1448334,5270,0.265625,0
1287,1449157,823,0.46875,0
1288,1449639,482,0.046875,0
1289,1450448,809,0.46875,0
1290,1451597,1149,0.46875,0
1291,1452740,1143,0.46875,0
1292,1453889,1149,0.46875,0
1293,1455032,1143,0.46875,0
1294,1456181,1149,0.46875,0
1295,1457324,1143,0.46875,0
1296,1458822,1498,0.46875,0
1297,1460018,1196,0.46875,0
1298,1461226,1208,0.46875,0
1299,1462324,1098,0.46875,0
1300,1463532,1208,0.46875,0
1301,1464630,1098,0.46875,0
1302,1465838,1208,0.46875,0
1303,1466936,1098,0.46875,0
1304,1468144,1208,0.46875,0
1305,1468865,721,0.46875,0
1306,1469369,504,0.046875,0
1307,1470205,836,0.46875,0
1308,1471341,1136,0.46875,0
1309,1472492,1151,0.46875,0
1310,1473628,1136,0.46875,0
1311,1474779,1151,0.46875,0
1312,1475915,1136,0.46875,0
1313,1477066,1151,0.46875,0
1314,1478573,1507,0.46875,0
1315,1479747,1174,0.46875,0
1316,1480968,1221,0.46875,0
1317,1482045,1077,0.46875,0
1318,1483266,1221,0.46875,0
1319,1484343,1077,0.46875,0
1320,1485564,1221,0.46875,0
1321,1486641,1077,0.46875,0
1322,1487862,1221,0.46875,0
1323,1488454,592,0.46875,0
1324,1489242,788,0.046875,0
1325,1489839,597,0.46875,0
1326,1490974,1135,0.46875,0
1327,1492151,1177,0.46875,0
1328,1493286,1135,0.46875,0
1329,1494463,1177,0.46875,0
1330,1495598,1135,0.46875,0
1331,1496775,1177,0.46875,0
1332,1498303,1528,0.46875,0
1333,1499462,1159,0.46875,0
1334,1500705,1243,0.46875,0
1335,1501775,1070,0.46875,0
1336,1503018,1243,0.46875,0
1337,1504088,1070,0.46875,0
1338,1505331,1243,0.46875,0
1339,1506401,1070,0.46875,0
1340,1507644,1243,0.46875,0
1341,1508626,982,0.46875,0
1342,1509215,589,0.046875,0
1343,1509928,713,0.46875,0
1344,1511049,1121,0.46875,0
1345,1512235,1186,0.46875,0
1346,1513356,1121,0.46875,0
1347,1514542,1186,0.46875,0
1348,1515663,1121,0.46875,0
1349,1516849,1186,0.46875,0
1350,1518385,1536,0.46875,0
1351,1518914,529,0.46875,0
1352,1519351,437,0.046875,0
1353,1520289,938,0.46875,0
1354,1521389,1100,0.46875,0
1355,1522601,1212,0.46875,0
1356,1523701,1100,0.46875,0
1357,1524913,1212,0.46875,0
1358,1526013,1100,0.46875,0
1359,1527225,1212,0.46875,0
1360,1528762,1537,0.46875,0
1361,1529870,1108,0.46875,0
1362,1531140,1270,0.46875,0
1363,1532175,1035,0.46875,0
1364,1533445,1270,0.46875,0
1365,1534480,1035,0.46875,0
1366,1535750,1270,0.46875,0
1367,1536785,1035,0.46875,0
1368,1538055,1270,0.46875,0
1369,1538533,478,0.46875,0
1370,1539015,482,0.046875,0
1371,1539960,945,0.46875,0
1372,1541053,1093,0.46875,0
1373,1542258,1205,0.46875,0
1374,1543351,1093,0.46875,0
1375,1544556,1205,0.46875,0
1376,1545649,1093,0.46875,0
1377,1546854,1205,0.46875,0
1378,1548384,1530,0.46875,0
1379,1549492,1108,0.46875,0
1380,1550748,1256,0.46875,0
1381,1551782,1034,0.46875,0
1382,1553038,1256,0.46875,0
1383,1554072,1034,0.46875,0
1384,1555328,1256,0.46875,0
1385,1556362,1034,0.46875,0
1386,1557618,1256,0.46875,0
1387,1558257,639,0.46875,0
1388,1559468,1211,0.53125,0
1389,1559907,439,0.078125,0
1390,1565214,5307,0.265625,0
1391,1565960,746,0.3125,0
1392,1566459,499,0.203125,0
1393,1566990,531,0.21875,0
1394,1567658,668,0.28125,0
1395,1568213,555,0.234375,0
1396,1568639,426,0.1875,0
1397,1569385,746,0.296875,0
1398,1569893,508,0.203125,0
1399,1570342,449,0.203125,0
1400,1571146,804,0.34375,0
1401,1571783,637,0.265625,0
1402,1572409,626,0.265625,0
1403,1572677,268,0.109375,0
1404,1573451,774,0.296875,0
1405,1573734,283,0.109375,0
1406,1574071,337,0.171875,0
1407,1574652,581,0.265625,0
1408,1575496,844,0.171875,0
1409,1580194,4698,0.4375,0
1410,1580741,547,0.28125,0
1411,1581707,966,0.46875,0
1412,1582356,649,0.46875,0
1413,1583461,1105,0.46875,0
1414,1584132,671,0.46875,0
1415,1585311,1179,0.46875,0
1416,1585934,623,0.46875,0
1417,1587172,1238,0.46875,0
1418,1588293,1121,0.46875,0
1419,1589420,1127,0.46875,0
1420,1590541,1121,0.46875,0
1421,1591668,1127,0.46875,0
1422,1592789,1121,0.46875,0
1423,1593916,1127,0.46875,0
1424,1594548,632,0.46875,0
1425,1595795,1247,0.46875,0
1426,1596960,1165,0.46875,0
1427,1598050,1090,0.46875,0
1428,1599215,1165,0.46875,0
1429,1600305,1090,0.46875,0
1430,1601470,1165,0.46875,0
1431,1602560,1090,0.46875,0
1432,1603214,654,0.46875,0
1433,1604418,1204,0.46875,0
1434,1605588,1170,0.46875,0
1435,1606673,1085,0.46875,0
1436,1607843,1170,0.46875,0
1437,1608928,1085,0.46875,0
1438,1610098,1170,0.46875,0
1439,1611183,1085,0.46875,0
1440,1612353,1170,0.46875,0
1441,1613438,1085,0.46875,0
1442,1614608,1170,0.46875,0
1443,1615693,1085,0.46875,0
1444,1616863,1170,0.46875,0
1445,1617948,1085,0.46875,0
1446,1619118,1170,0.46875,0
1447,1620203,1085,0.46875,0
1448,1621373,1170,0.46875,0
1449,1622458,1085,0.46875,0
1450,1623628,1170,0.46875,0
1451,1624713,1085,0.46875,0
1452,1625883,1170,0.46875,0
1453,1626968,1085,0.46875,0
1454,1628138,1170,0.46875,0
1455,1629223,1085,0.46875,0
1456,1630393,1170,0.46875,0
1457,1631478,1085,0.46875,0
1458,1632648,1170,0.46875,0
1459,1633733,1085,0.46875,0
1460,1634903,1170,0.46875,0
1461,1635988,1085,0.46875,0
1462,1637158,1170,0.46875,0
1463,1638243,1085,0.46875,0
1464,1639413,1170,0.46875,0
1465,1640498,1085,0.46875,0
1466,1641668,1170,0.46875,0
1467,1642753,1085,0.46875,0
1468,1643923,1170,0.46875,0
1469,1645008,1085,0.46875,0
1470,1646178,1170,0.46875,0
1471,1647263,1085,0.46875,0
1472,1648433,1170,0.46875,0
1473,1649518,1085,0.46875,0
1474,1650688,1170,0.46875,0
1475,1651773,1085,0.46875,0
1476,1652943,1170,0.46875,0
1477,1654028,1085,0.46875,0
1478,1655198,1170,0.46875,0
1479,1656283,1085,0.46875,0
1480,1657453,1170,0.46875,0
1481,1658538,1085,0.46875,0
1482,1659708,1170,0.46875,0
1483,1660793,1085,0.46875,0
1484,1661963,1170,0.46875,0
1485,1663048,1085,0.46875,0
1486,1664218,1170,0.46875,0
1487,1665303,1085,0.46875,0
1488,1666473,1170,0.46875,0
1489,1667558,1085,0.46875,0
1490,1668728,1170,0.46875,0
1491,1669813,1085,0.46875,0
1492,1670983,1170,0.46875,0
1493,1672068,1085,0.46875,0
1494,1673238,1170,0.46875,0
1495,1674323,1085,0.46875,0
1496,1675493,1170,0.46875,0
1497,1676578,1085,0.46875,0
1498,1677748,1170,0.46875,0
1499,1678833,1085,0.46875,0
1500,1680003,1170,0.46875,0
1501,1681088,1085,0.46875,0
1502,1682258,1170,0.46875,0
1503,1683343,1085,0.46875,0
1504,1684513,1170,0.46875,0
1505,1685598,1085,0.46875,0
1506,1686768,1170,0.46875,0
1507,1687853,1085,0.46875,0
1508,1689023,1170,0.46875,0
1509,1690108,1085,0.46875,0
1510,1691278,1170,0.46875,0
1511,1692363,1085,0.46875,0
1512,1695007,2644,0.421875,0
1513,1695801,794,0.453125,0
1514,1696714,913,1,0
1515,1697153,439,0.296875,0
1516,1738662,41509,1,0
1517,1739628,966,0.5625,0
1518,1740554,926,1,0
1519,1740990,436,0.3125,0
1520,1782614,41624,1,0
1521,1783572,958,0.328125,0
1522,1784628,1056,1,0
1523,1785064,436,0.3125,0
1524,1826674,41610,1,0
1525,1827640,966,0.671875,0
1526,1828808,1168,0.296875,0
1527,1830229,1421,0.296875,0
1528,1830757,528,0.25,0
1529,1831060,303,0.1875,0
1530,1831662,602,0.1875,0
1531,1832105,443,0.1875,0
1532,1832516,411,0.203125,0
1533,1832998,482,0.25,0
1534,1833774,776,0.265625,0
1535,1834677,903,0.25,0
1536,1835292,615,0.21875,0
1537,1835732,440,0.203125,0
1538,1836164,432,0.21875,0
1539,1836489,325,0.21875,0
1540,1837717,1228,0.296875,0
1541,1839540,1823,0.25,0
1542,1840337,797,0.265625,0
1543,1841128,791,0.265625,0
1544,1841737,609,0.203125,0
1545,1842166,429,0.203125,0
1546,1842602,436,0.203125,0
1547,1843199,597,0.25,0
1548,1843697,498,0.265625,0
1549,1844247,550,0.265625,0
1550,1845057,810,0.1875,0
1551,1845507,450,0.1875,0
1552,1845955,448,0.203125,0
1553,1846568,613,0.25,0
1554,1847511,943,0.28125,0
1555,1847903,392,0.203125,0
1556,1849018,1115,0.234375,0
1557,1849464,446,0.21875,0
1558,1849752,288,0.21875,0
1559,1850671,919,0.234375,0
1560,1851661,990,0.28125,0
1561,1852271,610,0.234375,0
1562,1853996,1725,0.3125,0
1563,1854572,576,0.203125,0
1564,1855621,1049,0.21875,0
1565,1855909,288,0.203125,0
1566,1856513,604,0.25,0
1567,1857054,541,0.28125,0
1568,1857575,521,0.25,0
1569,1859086,1511,0.21875,0
1570,1859706,620,0.25,0
1571,1860911,1205,0.296875,0
1572,1861245,334,0.203125,0
1573,1861839,594,0.21875,0
1574,1862602,763,0.21875,0
1575,1862920,318,0.21875,0
1576,1863765,845,0.234375,0
1577,1864432,667,0.265625,0
1578,1864978,546,0.484375,0
1579,1865601,623,0.203125,0
1580,1866023,422,0.203125,0
1581,1867372,1349,0.296875,0
1582,1867900,528,0.25,0
1583,1868203,303,0.1875,0
1584,1868805,602,0.1875,0
1585,1869248,443,0.1875,0
1586,1869659,411,0.203125,0
1587,1870141,482,0.25,0
1588,1870917,776,0.265625,0
1589,1871820,903,0.25,0
1590,1872435,615,0.21875,0
1591,1872875,440,0.203125,0
1592,1873307,432,0.21875,0
1593,1873632,325,0.21875,0
1594,1874860,1228,0.296875,0
1595,1876683,1823,0.25,0
1596,1877480,797,0.265625,0
1597,1878271,791,0.265625,0
1598,1878880,609,0.203125,0
1599,1879309,429,0.203125,0
1600,1879745,436,0.203125,0
1601,1880342,597,0.25,0
1602,1880840,498,0.265625,0
1603,1881390,550,0.265625,0
1604,1882200,810,0.1875,0
1605,1882650,450,0.1875,0
1606,1883098,448,0.203125,0
1607,1883711,613,0.25,0
1608,1884654,943,0.28125,0
1609,1885046,392,0.203125,0
1610,1886161,1115,0.234375,0
1611,1886607,446,0.21875,0
1612,1886895,288,0.21875,0
1613,1887814,919,0.234375,0
1614,1888804,990,0.28125,0
1615,1889414,610,0.234375,0
1616,1891139,1725,0.3125,0
1617,1891715,576,0.203125,0
1618,1892764,1049,0.21875,0
1619,1893052,288,0.203125,0
1620,1893656,604,0.25,0
1621,1894197,541,0.28125,0
1622,1894718,521,0.25,0
1623,1896229,1511,0.21875,0
1624,1896849,620,0.25,0
1625,1898054,1205,0.296875,0
1626,1898388,334,0.203125,0
1627,1898982,594,0.21875,0
1628,1899745,763,0.21875,0
1629,1900063,318,0.21875,0
1630,1900908,845,0.234375,0
1631,1901575,667,0.265625,0
1632,1906937,5362,0.421875,0
1633,1908375,1438,0.5,0
1634,1909776,1401,0.296875,0
1635,1910304,528,0.25,0
1636,1910607,303,0.1875,0
1637,1911209,602,0.1875,0
1638,1911652,443,0.1875,0
1639,1912063,411,0.203125,0
1640,1912545,482,0.25,0
1641,1913321,776,0.265625,0
1642,1914224,903,0.25,0
1643,1914839,615,0.21875,0
1644,1915279,440,0.203125,0
1645,1915711,432,0.21875,0
1646,1916036,325,0.21875,0
1647,1917264,1228,0.296875,0
1648,1919087,1823,0.25,0
1649,1919884,797,0.265625,0
1650,1920675,791,0.265625,0
1651,1921284,609,0.203125,0
1652,1921713,429,0.203125,0
1653,1922149,436,0.203125,0
1654,1922746,597,0.25,0
1655,1923244,498,0.265625,0
1656,1923794,550,0.265625,0
1657,1924604,810,0.1875,0
1658,1925054,450,0.1875,0
1659,1925502,448,0.203125,0
1660,1926115,613,0.25,0
1661,1927058,943,0.28125,0
1662,1927450,392,0.203125,0
1663,1928565,1115,0.234375,0
1664,1929011,446,0.21875,0
1665,1929299,288,0.21875,0
1666,1930218,919,0.234375,0
1667,1931208,990,0.28125,0
1668,1931818,610,0.234375,0
1669,1933543,1725,0.3125,0
1670,1934119,576,0.203125,0
1671,1935168,1049,0.21875,0
1672,1935456,288,0.203125,0
1673,1936060,604,0.25,0
1674,1936601,541,0.28125,0
1675,1937122,521,0.25,0
1676,1938633,1511,0.21875,0
1677,1939253,620,0.25,0
1678,1940458,1205,0.296875,0
1679,1940792,334,0.203125,0
1680,1941386,594,0.21875,0
1681,1942149,763,0.21875,0
1682,1942467,318,0.21875,0
1683,1943312,845,0.234375,0
1684,1943979,667,0.265625,0
1685,1944360,381,0.25,0
1686,1944938,578,0.203125,0
1687,1945360,422,0.203125,0
1688,1946709,1349,0.296875,0
1689,1947237,528,0.25,0
1690,1947540,303,0.1875,0
1691,1948142,602,0.1875,0
1692,1948585,443,0.1875,0
1693,1948996,411,0.203125,0
1694,1949478,482,0.25,0
1695,1950254,776,0.265625,0
1696,1951157,903,0.25,0
1697,1951772,615,0.21875,0
1698,1952212,440,0.203125,0
1699,1952644,432,0.21875,0
1700,1952969,325,0.21875,0
1701,1954197,1228,0.296875,0
1702,1956020,1823,0.25,0
1703,1956817,797,0.265625,0
1704,1957608,791,0.265625,0
1705,1958217,609,0.203125,0
1706,1958646,429,0.203125,0
1707,1959082,436,0.203125,0
1708,1959679,597,0.25,0
1709,1960177,498,0.265625,0
1710,1960727,550,0.265625,0
1711,1961537,810,0.1875,0
1712,1961987,450,0.1875,0
1713,1962435,448,0.203125,0
1714,1963048,613,0.25,0
1715,1963991,943,0.28125,0
1716,1964383,392,0.203125,0
1717,1965498,1115,0.234375,0
1718,1965944,446,0.21875,0
1719,1966232,288,0.21875,0
1720,1967151,919,0.234375,0
1721,1968141,990,0.28125,0
1722,1968751,610,0.234375,0
1723,1970476,1725,0.3125,0
1724,1971052,576,0.203125,0
1725,1972101,1049,0.21875,0
1726,1972389,288,0.203125,0
1727,1972993,604,0.25,0
1728,1973534,541,0.28125,0
1729,1974055,521,0.25,0
1730,1975566,1511,0.21875,0
1731,1976186,620,0.25,0
1732,1977391,1205,0.296875,0
1733,1977725,334,0.203125,0
1734,1978319,594,0.21875,0
1735,1979082,763,0.21875,0
1736,1979400,318,0.21875,0
1737,1980245,845,0.234375,0
1738,1980912,667,0.265625,0
1739,1986104,5192,0.1875,0
1740,1987420,1316,0.484375,0
1741,1988814,1394,0.296875,0
1742,1989342,528,0.25,0
1743,1989645,303,0.1875,0
1744,1990247,602,0.1875,0
1745,1990690,443,0.1875,0
1746,1991101,411,0.203125,0
1747,1991583,482,0.25,0
1748,1992359,776,0.265625,0
1749,1993262,903,0.25,0
1750,1993877,615,0.21875,0
1751,1994317,440,0.203125,0
1752,1994749,432,0.21875,0
1753,1995074,325,0.21875,0
1754,1996302,1228,0.296875,0
1755,1998125,1823,0.25,0
1756,1998922,797,0.265625,0
1757,1999713,791,0.265625,0
1758,2000322,609,0.203125,0
1759,2000751,429,0.203125,0
1760,2001187,436,0.203125,0
1761,2001784,597,0.25,0
1762,2002282,498,0.265625,0
1763,2002832,550,0.265625,0
1764,2003642,810,0.1875,0
1765,2004092,450,0.1875,0
1766,2004540,448,0.203125,0
1767,2005153,613,0.25,0
1768,2006096,943,0.28125,0
1769,2006488,392,0.203125,0
1770,2007603,1115,0.234375,0
1771,2008049,446,0.21875,0
1772,2008337,288,0.21875,0
1773,2009256,919,0.234375,0
1774,2010246,990,0.28125,0
1775,2010856,610,0.234375,0
1776,2012581,1725,0.3125,0
1777,2013157,576,0.203125,0
1778,2014206,1049,0.21875,0
1779,2014494,288,0.203125,0
1780,2015098,604,0.25,0
1781,2015639,541,0.28125,0
1782,2016160,521,0.25,0
1783,2017671,1511,0.21875,0
1784,2018291,620,0.25,0
1785,2019496,1205,0.296875,0
1786,2019830,334,0.203125,0
1787,2020424,594,0.21875,0
1788,2021187,763,0.21875,0
1789,2021505,318,0.21875,0
1790,2022350,845,0.234375,0
1791,2023017,667,0.265625,0
1792,2023563,546,0.484375,0
1793,2024186,623,0.203125,0
1794,2024608,422,0.203125,0
1795,2025957,1349,0.296875,0
1796,2026485,528,0.25,0
1797,2026788,303,0.1875,0
1798,2027390,602,0.1875,0
1799,2027833,443,0.1875,0
1800,2028244,411,0.203125,0
1801,2028726,482,0.25,0
1802,2029502,776,0.265625,0
1803,2030405,903,0.25,0
1804,2031020,615,0.21875,0
1805,2031460,440,0.203125,0
1806,2031892,432,0.21875,0
1807,2032217,325,0.21875,0
1808,2033445,1228,0.296875,0
1809,2035268,1823,0.25,0
1810,2036065,797,0.265625,0
1811,2036856,791,0.265625,0
1812,2037465,609,0.203125,0
1813,2037894,429,0.203125,0
1814,2038330,436,0.203125,0
1815,2038927,597,0.25,0
1816,2039425,498,0.265625,0
1817,2039975,550,0.265625,0
1818,2040785,810,0.1875,0
1819,2041235,450,0.1875,0
1820,2041683,448,0.203125,0
1821,2042296,613,0.25,0
1822,2043239,943,0.28125,0
1823,2043631,392,0.203125,0
1824,2044746,1115,0.234375,0
1825,2045192,446,0.21875,0
1826,2045480,288,0.21875,0
1827,2046399,919,0.234375,0
1828,2047389,990,0.28125,0
1829,2047999,610,0.234375,0
1830,2049724,1725,0.3125,0
1831,2050300,576,0.203125,0
1832,2051349,1049,0.21875,0
1833,2051637,288,0.203125,0
1834,2052241,604,0.25,0
1835,2052782,541,0.28125,0
1836,2053303,521,0.25,0
1837,2054814,1511,0.21875,0
1838,2055434,620,0.25,0
1839,2056639,1205,0.296875,0
1840,2056973,334,0.203125,0
1841,2057567,594,0.21875,0
1842,2058330,763,0.21875,0
1843,2058648,318,0.21875,0
1844,2059493,845,0.234375,0
1845,2060160,667,0.265625,0
1846,2065538,5378,0.421875,0
1847,2067307,1769,0.34375,0
1848,2068318,1011,1,0
1849,2068754,436,0.3125,0
1850,2110378,41624,1,0
1851,2111394,1016,0.40625,0
1852,2114830,3436,0.28125,0
1853,2115891,1061,0.203125,0
1854,2116373,482,0.25,0
1855,2117149,776,0.265625,0
1856,2118052,903,0.25,0
1857,2118667,615,0.21875,0
1858,2119107,440,0.203125,0
1859,2119539,432,0.21875,0
1860,2119864,325,0.21875,0
1861,2121092,1228,0.296875,0
1862,2122915,1823,0.25,0
1863,2123712,797,0.265625,0
1864,2124503,791,0.265625,0
1865,2125112,609,0.203125,0
1866,2125541,429,0.203125,0
1867,2125977,436,0.203125,0
1868,2126574,597,0.25,0
1869,2127072,498,0.265625,0
1870,2127622,550,0.265625,0
1871,2128432,810,0.1875,0
1872,2128882,450,0.1875,0
1873,2129330,448,0.203125,0
1874,2129943,613,0.25,0
1875,2130886,943,0.28125,0
1876,2131278,392,0.203125,0
1877,2132393,1115,0.234375,0
1878,2132839,446,0.21875,0
1879,2133127,288,0.21875,0
1880,2134046,919,0.234375,0
1881,2135036,990,0.28125,0
1882,2135646,610,0.234375,0
1883,2137371,1725,0.3125,0
1884,2137947,576,0.203125,0
1885,2138996,1049,0.21875,0
1886,2139284,288,0.203125,0
1887,2139888,604,0.25,0
1888,2140429,541,0.28125,0
1889,2140950,521,0.25,0
1890,2142461,1511,0.21875,0
1891,2143081,620,0.25,0
1892,2144286,1205,0.296875,0
1893,2144620,334,0.203125,0
1894,2145214,594,0.21875,0
1895,2145977,763,0.21875,0
1896,2146295,318,0.21875,0
1897,2147140,845,0.234375,0
1898,2147807,667,0.265625,0
1899,2148188,381,0.25,0
1900,2148766,578,0.203125,0
1901,2149188,422,0.203125,0
1902,2150537,1349,0.296875,0
1903,2151065,528,0.25,0
1904,2151368,303,0.1875,0
1905,2151970,602,0.1875,0
1906,2152413,443,0.1875,0
1907,2152824,411,0.203125,0
1908,2153306,482,0.25,0
1909,2154082,776,0.265625,0
1910,2154985,903,0.25,0
1911,2155600,615,0.21875,0
1912,2156040,440,0.203125,0
1913,2156472,432,0.21875,0
1914,2156797,325,0.21875,0
1915,2158025,1228,0.296875,0
1916,2159848,1823,0.25,0
1917,2160645,797,0.265625,0
1918,2161436,791,0.265625,0
1919,2162045,609,0.203125,0
1920,2162474,429,0.203125,0
1921,2162910,436,0.203125,0
1922,2163507,597,0.25,0
1923,2164005,498,0.265625,0
1924,2164555,550,0.265625,0
1925,2165365,810,0.1875,0
1926,2165815,450,0.1875,0
1927,2166263,448,0.203125,0
1928,2166876,613,0.25,0
1929,2167819,943,0.28125,0
1930,2168211,392,0.203125,0
1931,2169326,1115,0.234375,0
1932,2169772,446,0.21875,0
1933,2170060,288,0.21875,0
1934,2170979,919,0.234375,0
1935,2171969,990,0.28125,0
1936,2172579,610,0.234375,0
1937,2174304,1725,0.3125,0
1938,2174880,576,0.203125,0
1939,2175929,1049,0.21875,0
1940,2176217,288,0.203125,0
1941,2176821,604,0.25,0
1942,2177362,541,0.28125,0
1943,2177883,521,0.25,0
1944,2179394,1511,0.21875,0
1945,2180014,620,0.25,0
1946,2181219,1205,0.296875,0
1947,2181553,334,0.203125,0
1948,2182147,594,0.21875,0
1949,2182910,763,0.21875,0
1950,2183228,318,0.21875,0
1951,2184073,845,0.234375,0
1952,2184740,667,0.265625,0
1953,2189930,5190,0.1875,0
1954,2191468,1538,0.3125,0
1955,2192608,1140,0.265625,0
1956,2194239,1631,0.359375,0
1957,2195401,1162,0.21875,0
1958,2197065,1664,0.28125,0
1959,2198505,1440,0.265625,0
1960,2199737,1232,0.234375,0
1961,2200696,959,0.1875,0
1962,2202217,1521,0.265625,0
1963,2203874,1657,0.375,0
1964,2204493,619,0.03125,0
1965,2209886,5393,0.34375,0
1966,2210541,655,0.28125,0
1967,2210825,284,0.09375,0
1968,2211391,566,0.265625,0
1969,2212195,804,0.328125,0
1970,2212722,527,0.234375,0
1971,2212919,197,0.046875,0
1972,2213497,578,0.28125,0
1973,2214045,548,0.203125,0
1974,2214393,348,0.140625,0
1975,2214800,407,0.171875,0
1976,2215524,724,0.34375,0
1977,2216100,576,0.1875,0
1978,2216651,551,0.28125,0
1979,2217218,567,0.21875,0
1980,2217783,565,0.234375,0
1981,2218457,674,0.265625,0
1982,2218719,262,0.109375,0
1983,2218947,228,0.109375,0
1984,2219316,369,0.203125,0
1985,2219756,440,0.203125,0
1986,2221136,1380,0.125,0
1987,2225194,4058,0.21875,0
1988,2225996,802,0.46875,0
1989,2226478,482,0.046875,0
1990,2227287,809,0.46875,0
1991,2228436,1149,0.46875,0
1992,2229579,1143,0.46875,0
1993,2230728,1149,0.46875,0
1994,2231871,1143,0.46875,0
1995,2233020,1149,0.46875,0
1996,2234163,1143,0.46875,0
1997,2235661,1498,0.46875,0
1998,2236857,1196,0.46875,0
1999,2238065,1208,0.46875,0
2000,2239163,1098,0.46875,0
2001,2240371,1208,0.46875,0
2002,2241469,1098,0.46875,0
2003,2242677,1208,0.46875,0
2004,2243775,1098,0.46875,0
2005,2244983,1208,0.46875,0
2006,2245704,721,0.46875,0
2007,2246208,504,0.046875,0
2008,2247044,836,0.46875,0
2009,2248180,1136,0.46875,0
2010,2249331,1151,0.46875,0
2011,2250467,1136,0.46875,0
2012,2251618,1151,0.46875,0
2013,2252754,1136,0.46875,0
2014,2253905,1151,0.46875,0
2015,2255412,1507,0.46875,0
2016,2256586,1174,0.46875,0
2017,2257807,1221,0.46875,0
2018,2258884,1077,0.46875,0
2019,2260105,1221,0.46875,0
2020,2261182,1077,0.46875,0
2021,2262403,1221,0.46875,0
2022,2263480,1077,0.46875,0
2023,2264701,1221,0.46875,0
2024,2265293,592,0.46875,0
2025,2266081,788,0.046875,0
2026,2266678,597,0.46875,0
2027,2267813,1135,0.46875,0
2028,2268990,1177,0.46875,0
2029,2270125,1135,0.46875,0
2030,2271302,1177,0.46875,0
2031,2272437,1135,0.46875,0
2032,2273614,1177,0.46875,0
2033,2275142,1528,0.46875,0
2034,2276301,1159,0.46875,0
2035,2277544,1243,0.46875,0
2036,2278614,1070,0.46875,0
2037,2279857,1243,0.46875,0
2038,2280927,1070,0.46875,0
2039,2282170,1243,0.46875,0
2040,2283240,1070,0.46875,0
2041,2284483,1243,0.46875,0
2042,2285465,982,0.46875,0
2043,2286054,589,0.046875,0
2044,2286767,713,0.46875,0
2045,2287888,1121,0.46875,0
2046,2289074,1186,0.46875,0
2047,2290195,1121,0.46875,0
2048,2291381,1186,0.46875,0
2049,2292502,1121,0.46875,0
2050,2293688,1186,0.46875,0
2051,2295224,1536,0.46875,0
2052,2295753,529,0.46875,0
2053,2296190,437,0.046875,0
2054,2297128,938,0.46875,0
2055,2298228,1100,0.46875,0
2056,2299440,1212,0.46875,0
2057,2300540,1100,0.46875,0
2058,2301752,1212,0.46875,0
2059,2302852,1100,0.46875,0
2060,2304064,1212,0.46875,0
2061,2305601,1537,0.46875,0
2062,2306709,1108,0.46875,0
2063,2307979,1270,0.46875,0
2064,2309014,1035,0.46875,0
2065,2310284,1270,0.46875,0
2066,2311319,1035,0.46875,0
2067,2312589,1270,0.46875,0
2068,2313624,1035,0.46875,0
2069,2314894,1270,0.46875,0
2070,2315372,478,0.46875,0
2071,2315854,482,0.046875,0
2072,2316799,945,0.46875,0
2073,2317892,1093,0.46875,0
2074,2319097,1205,0.46875,0
2075,2320190,1093,0.46875,0
2076,2321395,1205,0.46875,0
2077,2322488,1093,0.46875,0
2078,2323693,1205,0.46875,0
2079,2325223,1530,0.46875,0
2080,2326331,1108,0.46875,0
2081,2327587,1256,0.46875,0
2082,2328621,1034,0.46875,0
2083,2329877,1256,0.46875,0
2084,2330911,1034,0.46875,0
2085,2332167,1256,0.46875,0
2086,2333201,1034,0.46875,0
2087,2334457,1256,0.46875,0
2088,2335096,639,0.46875,0
2089,2336307,1211,0.53125,0
2090,2336746,439,0.078125,0
2091,2342053,5307,0.265625,0
2092,2342799,746,0.3125,0
2093,2343298,499,0.203125,0
2094,2343829,531,0.21875,0
2095,2344497,668,0.28125,0
2096,2345052,555,0.234375,0
2097,2345478,426,0.1875,0
2098,2346224,746,0.296875,0
2099,2346732,508,0.203125,0
2100,2347181,449,0.203125,0
2101,2347985,804,0.34375,0
2102,2348622,637,0.265625,0
2103,2349248,626,0.265625,0
2104,2349516,268,0.109375,0
2105,2350290,774,0.296875,0
2106,2350573,283,0.109375,0
2107,2350910,337,0.171875,0
2108,2351491,581,0.265625,0
2109,2352335,844,0.171875,0
2110,2357035,4700,0.4375,0
2111,2357582,547,0.28125,0
2112,2358548,966,0.46875,0
2113,2359197,649,0.46875,0
2114,2360302,1105,0.46875,0
2115,2360973,671,0.46875,0
2116,2362152,1179,0.46875,0
2117,2362775,623,0.46875,0
2118,2364013,1238,0.46875,0
2119,2365134,1121,0.46875,0
2120,2366261,1127,0.46875,0
2121,2367382,1121,0.46875,0
2122,2368509,1127,0.46875,0
2123,2369630,1121,0.46875,0
2124,2370757,1127,0.46875,0
2125,2371389,632,0.46875,0
2126,2372636,1247,0.46875,0
2127,2373801,1165,0.46875,0
2128,2374891,1090,0.46875,0
2129,2376056,1165,0.46875,0
2130,2377146,1090,0.46875,0
2131,2378311,1165,0.46875,0
2132,2379401,1090,0.46875,0
2133,2380055,654,0.46875,0
2134,2381259,1204,0.46875,0
2135,2382429,1170,0.46875,0
2136,2383514,1085,0.46875,0
2137,2384684,1170,0.46875,0
2138,2385769,1085,0.46875,0
2139,2386939,1170,0.46875,0
2140,2388024,1085,0.46875,0
2141,2389194,1170,0.46875,0
2142,2390279,1085,0.46875,0
2143,2391449,1170,0.46875,0
2144,2392534,1085,0.46875,0
2145,2393704,1170,0.46875,0
2146,2394789,1085,0.46875,0
2147,2395959,1170,0.46875,0
2148,2397044,1085,0.46875,0
2149,2398214,1170,0.46875,0
2150,2399299,1085,0.46875,0
2151,2400469,1170,0.46875,0
2152,2401554,1085,0.46875,0
2153,2402724,1170,0.46875,0
2154,2403809,1085,0.46875,0
2155,2404979,1170,0.46875,0
2156,2406064,1085,0.46875,0
2157,2407234,1170,0.46875,0
2158,2408319,1085,0.46875,0
2159,2409489,1170,0.46875,0
2160,2410574,1085,0.46875,0
2161,2411744,1170,0.46875,0
2162,2412829,1085,0.46875,0
2163,2413999,1170,0.46875,0
2164,2415084,1085,0.46875,0
2165,2416254,1170,0.46875,0
2166,2417339,1085,0.46875,0
2167,2418509,1170,0.46875,0
2168,2419594,1085,0.46875,0
2169,2420764,1170,0.46875,0
2170,2421849,1085,0.46875,0
2171,2423019,1170,0.46875,0
2172,2424104,1085,0.46875,0
2173,2425274,1170,0.46875,0
2174,2426359,1085,0.46875,0
2175,2427529,1170,0.46875,0
2176,2428614,1085,0.46875,0
2177,2429784,1170,0.46875,0
2178,2430869,1085,0.46875,0
2179,2432039,1170,0.46875,0
2180,2433124,1085,0.46875,0
2181,2434294,1170,0.46875,0
2182,2435379,1085,0.46875,0
2183,2436549,1170,0.46875,0
2184,2437634,1085,0.46875,0
2185,2438804,1170,0.46875,0
2186,2439889,1085,0.46875,0
2187,2441059,1170,0.46875,0
2188,2442144,1085,0.46875,0
2189,2443314,1170,0.46875,0
2190,2444399,1085,0.46875,0
2191,2445569,1170,0.46875,0
2192,2446654,1085,0.46875,0
2193,2447824,1170,0.46875,0
2194,2448909,1085,0.46875,0
2195,2450079,1170,0.46875,0
2196,2451164,1085,0.46875,0
2197,2452334,1170,0.46875,0
2198,2453419,1085,0.46875,0
2199,2454589,1170,0.46875,0
2200,2455674,1085,0.46875,0
2201,2456844,1170,0.46875,0
2202,2457929,1085,0.46875,0
2203,2459099,1170,0.46875,0
2204,2460184,1085,0.46875,0
2205,2461354,1170,0.46875,0
2206,2462439,1085,0.46875,0
2207,2463609,1170,0.46875,0
2208,2464694,1085,0.46875,0
2209,2465864,1170,0.46875,0
2210,2466949,1085,0.46875,0
2211,2468119,1170,0.46875,0
2212,2469204,1085,0.46875,0
2213,2471844,2640,0.421875,0
2214,2472634,790,0.453125,0
2215,2473547,913,1,0
2216,2473986,439,0.296875,0
2217,2515495,41509,1,0
2218,2516470,975,0.5625,0
2219,2517396,926,1,0
2220,2517832,436,0.3125,0
2221,2559456,41624,1,0
2222,2560410,954,0.328125,0
2223,2561466,1056,1,0
2224,2561902,436,0.3125,0
2225,2603512,41610,1,0
2226,2604482,970,0.671875,0
2227,2605650,1168,0.296875,0
2228,2607071,1421,0.296875,0
2229,2607599,528,0.25,0
2230,2607902,303,0.1875,0
2231,2608504,602,0.1875,0
2232,2608947,443,0.1875,0
2233,2609358,411,0.203125,0
2234,2609840,482,0.25,0
2235,2610616,776,0.265625,0
2236,2611519,903,0.25,0
2237,2612134,615,0.21875,0
2238,2612574,440,0.203125,0
2239,2613006,432,0.21875,0
2240,2613331,325,0.21875,0
2241,2614559,1228,0.296875,0
2242,2616382,1823,0.25,0
2243,2617179,797,0.265625,0
2244,2617970,791,0.265625,0
2245,2618579,609,0.203125,0
2246,2619008,429,0.203125,0
2247,2619444,436,0.203125,0
2248,2620041,597,0.25,0
2249,2620539,498,0.265625,0
2250,2621089,550,0.265625,0
2251,2621899,810,0.1875,0
2252,2622349,450,0.1875,0
2253,2622797,448,0.203125,0
2254,2623410,613,0.25,0
2255,2624353,943,0.28125,0
2256,2624745,392,0.203125,0
2257,2625860,1115,0.234375,0
2258,2626306,446,0.21875,0
2259,2626594,288,0.21875,0
2260,2627513,919,0.234375,0
2261,2628503,990,0.28125,0
2262,2629113,610,0.234375,0
2263,2630838,1725,0.3125,0
2264,2631414,576,0.203125,0
2265,2632463,1049,0.21875,0
2266,2632751,288,0.203125,0
2267,2633355,604,0.25,0
2268,2633896,541,0.28125,0
2269,2634417,521,0.25,0
2270,2635928,1511,0.21875,0
2271,2636548,620,0.25,0
2272,2637753,1205,0.296875,0
2273,2638087,334,0.203125,0
2274,2638681,594,0.21875,0
2275,2639444,763,0.21875,0
2276,2639762,318,0.21875,0
2277,2640607,845,0.234375,0
2278,2641274,667,0.265625,0
2279,2641820,546,0.484375,0
2280,2642443,623,0.203125,0
2281,2642865,422,0.203125,0
2282,2644214,1349,0.296875,0
2283,2644742,528,0.25,0
2284,2645045,303,0.1875,0
2285,2645647,602,0.1875,0
2286,2646090,443,0.1875,0
2287,2646501,411,0.203125,0
2288,2646983,482,0.25,0
2289,2647759,776,0.265625,0
2290,2648662,903,0.25,0
2291,2649277,615,0.21875,0
2292,2649717,440,0.203125,0
2293,2650149,432,0.21875,0
2294,2650474,325,0.21875,0
2295,2651702,1228,0.296875,0
2296,2653525,1823,0.25,0
2297,2654322,797,0.265625,0
2298,2655113,791,0.265625,0
2299,2655722,609,0.203125,0
2300,2656151,429,0.203125,0
2301,2656587,436,0.203125,0
2302,2657184,597,0.25,0
2303,2657682,498,0.265625,0
2304,2658232,550,0.265625,0
2305,2659042,810,0.1875,0
2306,2659492,450,0.1875,0
2307,2659940,448,0.203125,0
2308,2660553,613,0.25,0
2309,2661496,943,0.28125,0
2310,2661888,392,0.203125,0
2311,2663003,1115,0.234375,0
2312,2663449,446,0.21875,0
2313,2663737,288,0.21875,0
2314,2664656,919,0.234375,0
2315,2665646,990,0.28125,0
2316,2666256,610,0.234375,0
2317,2667981,1725,0.3125,0
2318,2668557,576,0.203125,0
2319,2669606,1049,0.21875,0
2320,2669894,288,0.203125,0
2321,2670498,604,0.25,0
2322,2671039,541,0.28125,0
2323,2671560,521,0.25,0
2324,2673071,1511,0.21875,0
2325,2673691,620,0.25,0
2326,2674896,1205,0.296875,0
2327,2675230,334,0.203125,0
2328,2675824,594,0.21875,0
2329,2676587,763,0.21875,0
2330,2676905,318,0.21875,0
2331,2677750,845,0.234375,0
2332,2678417,667,0.265625,0
2333,2683786,5369,0.421875,0
2334,2684051,265,0.109375,0
2335,2687434,3383,0.28125,0
2336,2688495,1061,0.203125,0
2337,2688977,482,0.25,0
2338,2689753,776,0.265625,0
2339,2690656,903,0.25,0
2340,2691271,615,0.21875,0
2341,2691711,440,0.203125,0
2342,2692143,432,0.21875,0
2343,2692468,325,0.21875,0
2344,2693696,1228,0.296875,0
2345,2695519,1823,0.25,0
2346,2696316,797,0.265625,0
2347,2697107,791,0.265625,0
2348,2697716,609,0.203125,0
2349,2698145,429,0.203125,0
2350,2698581,436,0.203125,0
2351,2699178,597,0.25,0
2352,2699676,498,0.265625,0
2353,2700226,550,0.265625,0
2354,2701036,810,0.1875,0
2355,2701486,450,0.1875,0
2356,2701934,448,0.203125,0
2357,2702547,613,0.25,0
2358,2703490,943,0.28125,0
2359,2703882,392,0.203125,0
2360,2704997,1115,0.234375,0
2361,2705443,446,0.21875,0
2362,2705731,288,0.21875,0
2363,2706650,919,0.234375,0
2364,2707640,990,0.28125,0
2365,2708250,610,0.234375,0
2366,2709975,1725,0.3125,0
2367,2710551,576,0.203125,0
2368,2711600,1049,0.21875,0
2369,2711888,288,0.203125,0
2370,2712492,604,0.25,0
2371,2713033,541,0.28125,0
2372,2713554,521,0.25,0
2373,2715065,1511,0.21875,0
2374,2715685,620,0.25,0
2375,2716890,1205,0.296875,0
2376,2717224,334,0.203125,0
2377,2717818,594,0.21875,0
2378,2718581,763,0.21875,0
2379,2718899,318,0.21875,0
2380,2719744,845,0.234375,0
2381,2720411,667,0.265625,0
2382,2720792,381,0.25,0
2383,2721370,578,0.203125,0
2384,2721792,422,0.203125,0
2385,2723141,1349,0.296875,0
2386,2723669,528,0.25,0
2387,2723972,303,0.1875,0
2388,2724574,602,0.1875,0
2389,2725017,443,0.1875,0
2390,2725428,411,0.203125,0
2391,2725910,482,0.25,0
2392,2726686,776,0.265625,0
2393,2727589,903,0.25,0
2394,2728204,615,0.21875,0
2395,2728644,440,0.203125,0
2396,2729076,432,0.21875,0
2397,2729401,325,0.21875,0
2398,2730629,1228,0.296875,0
2399,2732452,1823,0.25,0
2400,2733249,797,0.265625,0
2401,2734040,791,0.265625,0
2402,2734649,609,0.203125,0
2403,2735078,429,0.203125,0
2404,2735514,436,0.203125,0
2405,2736111,597,0.25,0
2406,2736609,498,0.265625,0
2407,2737159,550,0.265625,0
2408,2737969,810,0.1875,0
2409,2738419,450,0.1875,0
2410,2738867,448,0.203125,0
2411,2739480,613,0.25,0
2412,2740423,943,0.28125,0
2413,2740815,392,0.203125,0
2414,2741930,1115,0.234375,0
2415,2742376,446,0.21875,0
2416,2742664,288,0.21875,0
2417,2743583,919,0.234375,0
2418,2744573,990,0.28125,0
2419,2745183,610,0.234375,0
2420,2746908,1725,0.3125,0
2421,2747484,576,0.203125,0
2422,2748533,1049,0.21875,0
2423,2748821,288,0.203125,0
2424,2749425,604,0.25,0
2425,2749966,541,0.28125,0
2426,2750487,521,0.25,0
2427,2751998,1511,0.21875,0
2428,2752618,620,0.25,0
2429,2753823,1205,0.296875,0
2430,2754157,334,0.203125,0
2431,2754751,594,0.21875,0
2432,2755514,763,0.21875,0
2433,2755832,318,0.21875,0
2434,2756677,845,0.234375,0
2435,2757344,667,0.265625,0
2436,2762557,5213,0.1875,0
2437,2763873,1316,0.484375,0
2438,2765267,1394,0.296875,0
2439,2765795,528,0.25,0
2440,2766098,303,0.1875,0
2441,2766700,602,0.1875,0
2442,2767143,443,0.1875,0
2443,2767554,411,0.203125,0
2444,2768036,482,0.25,0
2445,2768812,776,0.265625,0
2446,2769715,903,0.25,0
2447,2770330,615,0.21875,0
2448,2770770,440,0.203125,0
2449,2771202,432,0.21875,0
2450,2771527,325,0.21875,0
2451,2772755,1228,0.296875,0
2452,2774578,1823,0.25,0
2453,2775375,797,0.265625,0
2454,2776166,791,0.265625,0
2455,2776775,609,0.203125,0
2456,2777204,429,0.203125,0
2457,2777640,436,0.203125,0
2458,2778237,597,0.25,0
2459,2778735,498,0.265625,0
2460,2779285,550,0.265625,0
2461,2780095,810,0.1875,0
2462,2780545,450,0.1875,0
2463,2780993,448,0.203125,0
2464,2781606,613,0.25,0
2465,2782549,943,0.28125,0
2466,2782941,392,0.203125,0
2467,2784056,1115,0.234375,0
2468,2784502,446,0.21875,0
2469,2784790,288,0.21875,0
2470,2785709,919,0.234375,0
2471,2786699,990,0.28125,0
2472,2787309,610,0.234375,0
2473,2789034,1725,0.3125,0
2474,2789610,576,0.203125,0
2475,2790659,1049,0.21875,0
2476,2790947,288,0.203125,0
2477,2791551,604,0.25,0
2478,2792092,541,0.28125,0
2479,2792613,521,0.25,0
2480,2794124,1511,0.21875,0
2481,2794744,620,0.25,0
2482,2795949,1205,0.296875,0
2483,2796283,334,0.203125,0
2484,2796877,594,0.21875,0
2485,2797640,763,0.21875,0
2486,2797958,318,0.21875,0
2487,2798803,845,0.234375,0
2488,2799470,667,0.265625,0
2489,2800016,546,0.484375,0
2490,2800639,623,0.203125,0
2491,2801061,422,0.203125,0
2492,2802410,1349,0.296875,0
2493,2802938,528,0.25,0
2494,2803241,303,0.1875,0
2495,2803843,602,0.1875,0
2496,2804286,443,0.1875,0
2497,2804697,411,0.203125,0
2498,2805179,482,0.25,0
2499,2805955,776,0.265625,0
2500,2806858,903,0.25,0
2501,2807473,615,0.21875,0
2502,2807913,440,0.203125,0
2503,2808345,432,0.21875,0
2504,2808670,325,0.21875,0
2505,2809898,1228,0.296875,0
2506,2811721,1823,0.25,0
2507,2812518,797,0.265625,0
2508,2813309,791,0.265625,0
2509,2813918,609,0.203125,0
2510,2814347,429,0.203125,0
2511,2814783,436,0.203125,0
2512,2815380,597,0.25,0
2513,2815878,498,0.265625,0
2514,2816428,550,0.265625,0
2515,2817238,810,0.1875,0
2516,2817688,450,0.1875,0
2517,2818136,448,0.203125,0
2518,2818749,613,0.25,0
2519,2819692,943,0.28125,0
2520,2820084,392,0.203125,0
2521,2821199,1115,0.234375,0
2522,2821645,446,0.21875,0
2523,2821933,288,0.21875,0
2524,2822852,919,0.234375,0
2525,2823842,990,0.28125,0
2526,2824452,610,0.234375,0
2527,2826177,1725,0.3125,0
2528,2826753,576,0.203125,0
2529,2827802,1049,0.21875,0
2530,2828090,288,0.203125,0
2531,2828694,604,0.25,0
2532,2829235,541,0.28125,0
2533,2829756,521,0.25,0
2534,2831267,1511,0.21875,0
2535,2831887,620,0.25,0
2536,2833092,1205,0.296875,0
2537,2833426,334,0.203125,0
2538,2834020,594,0.21875,0
2539,2834783,763,0.21875,0
2540,2835101,318,0.21875,0
2541,2835946,845,0.234375,0
2542,2836613,667,0.265625,0
2543,2841968,5355,0.421875,0
2544,2843734,1766,0.34375,0
2545,2844745,1011,1,0
2546,2845181,436,0.3125,0
2547,2886805,41624,1,0
2548,2887826,1021,0.40625,0
2549,2891262,3436,0.28125,0
2550,2892323,1061,0.203125,0
2551,2892805,482,0.25,0
2552,2893581,776,0.265625,0
2553,2894484,903,0.25,0
2554,2895099,615,0.21875,0
2555,2895539,440,0.203125,0
2556,2895971,432,0.21875,0
2557,2896296,325,0.21875,0
2558,2897524,1228,0.296875,0
2559,2899347,1823,0.25,0
2560,2900144,797,0.265625,0
2561,2900935,791,0.265625,0
2562,2901544,609,0.203125,0
2563,2901973,429,0.203125,0
2564,2902409,436,0.203125,0
2565,2903006,597,0.25,0
2566,2903504,498,0.265625,0
2567,2904054,550,0.265625,0
2568,2904864,810,0.1875,0
2569,2905314,450,0.1875,0
2570,2905762,448,0.203125,0
2571,2906375,613,0.25,0
2572,2907318,943,0.28125,0
2573,2907710,392,0.203125,0
2574,2908825,1115,0.234375,0
2575,2909271,446,0.21875,0
2576,2909559,288,0.21875,0
2577,2910478,919,0.234375,0
2578,2911468,990,0.28125,0
2579,2912078,610,0.234375,0
2580,2913803,1725,0.3125,0
2581,2914379,576,0.203125,0
2582,2915428,1049,0.21875,0
2583,2915716,288,0.203125,0
2584,2916320,604,0.25,0
2585,2916861,541,0.28125,0
2586,2917382,521,0.25,0
2587,2918893,1511,0.21875,0
2588,2919513,620,0.25,0
2589,2920718,1205,0.296875,0
2590,2921052,334,0.203125,0
2591,2921646,594,0.21875,0
2592,2922409,763,0.21875,0
2593,2922727,318,0.21875,0
2594,2923572,845,0.234375,0
2595,2924239,667,0.265625,0
2596,2924620,381,0.25,0
2597,2925198,578,0.203125,0
2598,2925620,422,0.203125,0
2599,2926969,1349,0.296875,0
2600,2927497,528,0.25,0
2601,2927800,303,0.1875,0
2602,2928402,602,0.1875,0
2603,2928845,443,0.1875,0
2604,2929256,411,0.203125,0
2605,2929738,482,0.25,0
2606,2930514,776,0.265625,0
2607,2931417,903,0.25,0
2608,2932032,615,0.21875,0
2609,2932472,440,0.203125,0
2610,2932904,432,0.21875,0
2611,2933229,325,0.21875,0
2612,2934457,1228,0.296875,0
2613,2936280,1823,0.25,0
2614,2937077,797,0.265625,0
2615,2937868,791,0.265625,0
2616,2938477,609,0.203125,0
2617,2938906,429,0.203125,0
2618,2939342,436,0.203125,0
2619,2939939,597,0.25,0
2620,2940437,498,0.265625,0
2621,2940987,550,0.265625,0
2622,2941797,810,0.1875,0
2623,2942247,450,0.1875,0
2624,2942695,448,0.203125,0
2625,2943308,613,0.25,0
2626,2944251,943,0.28125,0
2627,2944643,392,0.203125,0
2628,2945758,1115,0.234375,0
2629,2946204,446,0.21875,0
2630,2946492,288,0.21875,0
2631,2947411,919,0.234375,0
2632,2948401,990,0.28125,0
2633,2949011,610,0.234375,0
2634,2950736,1725,0.3125,0
2635,2951312,576,0.203125,0
2636,2952361,1049,0.21875,0
2637,2952649,288,0.203125,0
2638,2953253,604,0.25,0
2639,2953794,541,0.28125,0
2640,2954315,521,0.25,0
2641,2955826,1511,0.21875,0
2642,2956446,620,0.25,0
2643,2957651,1205,0.296875,0
2644,2957985,334,0.203125,0
2645,2958579,594,0.21875,0
2646,2959342,763,0.21875,0
2647,2959660,318,0.21875,0
2648,2960505,845,0.234375,0
2649,2961172,667,0.265625,0
2650,2966368,5196,0.1875,0
2651,2967902,1534,0.3125,0
2652,2969210,1308,0.265625,0
2653,2970931,1721,0.359375,0
2654,2972100,1169,0.21875,0
2655,2973479,1379,0.28125,0
2656,2974910,1431,0.25,0
2657,2975624,714,0.15625,0
2658,2976939,1315,0.28125,0
2659,2978522,1583,0.234375,0
2660,2980230,1708,0.390625,0
2661,2980891,661,0.0625,0
2662,2986188,5297,0.296875,0
2663,2986720,532,0.21875,0
2664,2987050,330,0.125,0
2665,2987485,435,0.1875,0
2666,2987976,491,0.203125,0
2667,2988853,877,0.390625,0
2668,2989297,444,0.171875,0
2669,2989854,557,0.234375,0
2670,2990393,539,0.203125,0
2671,2991050,657,0.296875,0
2672,2991664,614,0.28125,0
2673,2992293,629,0.21875,0
2674,2992681,388,0.1875,0
2675,2992942,261,0.125,0
2676,2993435,493,0.203125,0
2677,2994087,652,0.28125,0
2678,2994782,695,0.265625,0
2679,2995044,262,0.109375,0
2680,2995279,235,0.109375,0
2681,2995707,428,0.234375,0
2682,2996235,528,0.21875,0
2683,3001505,5270,0.265625,0
2684,3002328,823,0.46875,0
2685,3002810,482,0.046875,0
2686,3003619,809,0.46875,0
2687,3004768,1149,0.46875,0
2688,3005911,1143,0.46875,0
2689,3007060,1149,0.46875,0
2690,3008203,1143,0.46875,0
2691,3009352,1149,0.46875,0
2692,3010495,1143,0.46875,0
2693,3011993,1498,0.46875,0
2694,3013189,1196,0.46875,0
2695,3014397,1208,0.46875,0
2696,3015495,1098,0.46875,0
2697,3016703,1208,0.46875,0
2698,3017801,1098,0.46875,0
2699,3019009,1208,0.46875,0
2700,3020107,1098,0.46875,0
2701,3021315,1208,0.46875,0
2702,3022036,721,0.46875,0
2703,3022540,504,0.046875,0
2704,3023376,836,0.46875,0
2705,3024512,1136,0.46875,0
2706,3025663,1151,0.46875,0
2707,3026799,1136,0.46875,0
2708,3027950,1151,0.46875,0
2709,3029086,1136,0.46875,0
2710,3030237,1151,0.46875,0
2711,3031744,1507,0.46875,0
2712,3032918,1174,0.46875,0
2713,3034139,1221,0.46875,0
2714,3035216,1077,0.46875,0
2715,3036437,1221,0.46875,0
2716,3037514,1077,0.46875,0
2717,3038735,1221,0.46875,0
2718,3039812,1077,0.46875,0
2719,3041033,1221,0.46875,0
2720,3041625,592,0.46875,0
2721,3042413,788,0.046875,0
2722,3043010,597,0.46875,0
2723,3044145,1135,0.46875,0
2724,3045322,1177,0.46875,0
2725,3046457,1135,0.46875,0
2726,3047634,1177,0.46875,0
2727,3048769,1135,0.46875,0
2728,3049946,1177,0.46875,0
2729,3051474,1528,0.46875,0
2730,3052633,1159,0.46875,0
2731,3053876,1243,0.46875,0
2732,3054946,1070,0.46875,0
2733,3056189,1243,0.46875,0
2734,3057259,1070,0.46875,0
2735,3058502,1243,0.46875,0
2736,3059572,1070,0.46875,0
2737,3060815,1243,0.46875,0
2738,3061797,982,0.46875,0
2739,3062386,589,0.046875,0
2740,3063099,713,0.46875,0
2741,3064220,1121,0.46875,0
2742,3065406,1186,0.46875,0
2743,3066527,1121,0.46875,0
2744,3067713,1186,0.46875,0
2745,3068834,1121,0.46875,0
2746,3070020,1186,0.46875,0
2747,3071556,1536,0.46875,0
2748,3072085,529,0.46875,0
2749,3072522,437,0.046875,0
2750,3073460,938,0.46875,0
2751,3074560,1100,0.46875,0
2752,3075772,1212,0.46875,0
2753,3076872,1100,0.46875,0
2754,3078084,1212,0.46875,0
2755,3079184,1100,0.46875,0
2756,3080396,1212,0.46875,0
2757,3081933,1537,0.46875,0
2758,3083041,1108,0.46875,0
2759,3084311,1270,0.46875,0
2760,3085346,1035,0.46875,0
2761,3086616,1270,0.46875,0
2762,3087651,1035,0.46875,0
2763,3088921,1270,0.46875,0
2764,3089956,1035,0.46875,0
2765,3091226,1270,0.46875,0
2766,3091704,478,0.46875,0
2767,3092186,482,0.046875,0
2768,3093131,945,0.46875,0
2769,3094224,1093,0.46875,0
2770,3095429,1205,0.46875,0
2771,3096522,1093,0.46875,0
2772,3097727,1205,0.46875,0
2773,3098820,1093,0.46875,0
2774,3100025,1205,0.46875,0
2775,3101555,1530,0.46875,0
2776,3102663,1108,0.46875,0
2777,3103919,1256,0.46875,0
2778,3104953,1034,0.46875,0
2779,3106209,1256,0.46875,0
2780,3107243,1034,0.46875,0
2781,3108499,1256,0.46875,0
2782,3109533,1034,0.46875,0
2783,3110789,1256,0.46875,0
2784,3111428,639,0.46875,0
2785,3112639,1211,0.53125,0
2786,3113078,439,0.078125,0
2787,3118385,5307,0.265625,0
2788,3119131,746,0.3125,0
2789,3119630,499,0.203125,0
2790,3120161,531,0.21875,0
2791,3120829,668,0.28125,0
2792,3121384,555,0.234375,0
2793,3121810,426,0.1875,0
2794,3122556,746,0.296875,0
2795,3123064,508,0.203125,0
2796,3123513,449,0.203125,0
2797,3124317,804,0.34375,0
2798,3124954,637,0.265625,0
2799,3125580,626,0.265625,0
2800,3125848,268,0.109375,0
2801,3126622,774,0.296875,0
2802,3126905,283,0.109375,0
2803,3127242,337,0.171875,0
2804,3127823,581,0.265625,0
2805,3128667,844,0.171875,0
2806,3133369,4702,0.4375,0
2807,3133916,547,0.28125,0
2808,3134882,966,0.46875,0
2809,3135531,649,0.46875,0
2810,3136636,1105,0.46875,0
2811,3137307,671,0.46875,0
2812,3138486,1179,0.46875,0
2813,3139109,623,0.46875,0
2814,3140347,1238,0.46875,0
2815,3141468,1121,0.46875,0
2816,3142595,1127,0.46875,0
2817,3143716,1121,0.46875,0
2818,3144843,1127,0.46875,0
2819,3145964,1121,0.46875,0
2820,3147091,1127,0.46875,0
2821,3147723,632,0.46875,0
2822,3148970,1247,0.46875,0
2823,3150135,1165,0.46875,0
2824,3151225,1090,0.46875,0
2825,3152390,1165,0.46875,0
2826,3153480,1090,0.46875,0
2827,3154645,1165,0.46875,0
2828,3155735,1090,0.46875,0
2829,3156389,654,0.46875,0
2830,3157593,1204,0.46875,0
2831,3158763,1170,0.46875,0
2832,3159848,1085,0.46875,0
2833,3161018,1170,0.46875,0
2834,3162103,1085,0.46875,0
2835,3163273,1170,0.46875,0
2836,3164358,1085,0.46875,0
2837,3165528,1170,0.46875,0
2838,3166613,1085,0.46875,0
2839,3167783,1170,0.46875,0
2840,3168868,1085,0.46875,0
2841,3170038,1170,0.46875,0
2842,3171123,1085,0.46875,0
2843,3172293,1170,0.46875,0
2844,3173378,1085,0.46875,0
2845,3174548,1170,0.46875,0
2846,3175633,1085,0.46875,0
2847,3176803,1170,0.46875,0
2848,3177888,1085,0.46875,0
2849,3179058,1170,0.46875,0
2850,3180143,1085,0.46875,0
2851,3181313,1170,0.46875,0
2852,3182398,1085,0.46875,0
2853,3183568,1170,0.46875,0
2854,3184653,1085,0.46875,0
2855,3185823,1170,0.46875,0
2856,3186908,1085,0.46875,0
2857,3188078,1170,0.46875,0
2858,3189163,1085,0.46875,0
2859,3190333,1170,0.46875,0
2860,3191418,1085,0.46875,0
2861,3192588,1170,0.46875,0
2862,3193673,1085,0.46875,0
2863,3194843,1170,0.46875,0
2864,3195928,1085,0.46875,0
2865,3197098,1170,0.46875,0
2866,3198183,1085,0.46875,0
2867,3199353,1170,0.46875,0
2868,3200438,1085,0.46875,0
2869,3201608,1170,0.46875,0
2870,3202693,1085,0.46875,0
2871,3203863,1170,0.46875,0
2872,3204948,1085,0.46875,0
2873,3206118,1170,0.46875,0
2874,3207203,1085,0.46875,0
2875,3208373,1170,0.46875,0
2876,3209458,1085,0.46875,0
2877,3210628,1170,0.46875,0
2878,3211713,1085,0.46875,0
2879,3212883,1170,0.46875,0
2880,3213968,1085,0.46875,0
2881,3215138,1170,0.46875,0
2882,3216223,1085,0.46875,0
2883,3217393,1170,0.46875,0
2884,3218478,1085,0.46875,0
2885,3219648,1170,0.46875,0
2886,3220733,1085,0.46875,0
2887,3221903,1170,0.46875,0
2888,3222988,1085,0.46875,0
2889,3224158,1170,0.46875,0
2890,3225243,1085,0.46875,0
2891,3226413,1170,0.46875,0
2892,3227498,1085,0.46875,0
2893,3228668,1170,0.46875,0
2894,3229753,1085,0.46875,0
2895,3230923,1170,0.46875,0
2896,3232008,1085,0.46875,0
2897,3233178,1170,0.46875,0
2898,3234263,1085,0.46875,0
2899,3235433,1170,0.46875,0
2900,3236518,1085,0.46875,0
2901,3237688,1170,0.46875,0
2902,3238773,1085,0.46875,0
2903,3239943,1170,0.46875,0
2904,3241028,1085,0.46875,0
2905,3242198,1170,0.46875,0
2906,3243283,1085,0.46875,0
2907,3244453,1170,0.46875,0
2908,3245538,1085,0.46875,0
2909,3248170,2632,0.421875,0
2910,3248963,793,0.453125,0
2911,3249876,913,1,0
2912,3250315,439,0.296875,0
2913,3291824,41509,1,0
2914,3292794,970,0.5625,0
2915,3293720,926,1,0
2916,3294156,436,0.3125,0
2917,3335780,41624,1,0
2918,3336739,959,0.328125,0
2919,3337795,1056,1,0
2920,3338231,436,0.3125,0
2921,3379841,41610,1,0
2922,3380802,961,0.671875,0
2923,3381970,1168,0.296875,0
2924,3383391,1421,0.296875,0
2925,3383919,528,0.25,0
2926,3384222,303,0.1875,0
2927,3384824,602,0.1875,0
2928,3385267,443,0.1875,0
2929,3385678,411,0.203125,0
2930,3386160,482,0.25,0
2931,3386936,776,0.265625,0
2932,3387839,903,0.25,0
2933,3388454,615,0.21875,0
2934,3388894,440,0.203125,0
2935,3389326,432,0.21875,0
2936,3389651,325,0.21875,0
2937,3390879,1228,0.296875,0
2938,3392702,1823,0.25,0
2939,3393499,797,0.265625,0
2940,3394290,791,0.265625,0
2941,3394899,609,0.203125,0
2942,3395328,429,0.203125,0
2943,3395764,436,0.203125,0
2944,3396361,597,0.25,0
2945,3396859,498,0.265625,0
2946,3397409,550,0.265625,0
2947,3398219,810,0.1875,0
2948,3398669,450,0.1875,0
2949,3399117,448,0.203125,0
2950,3399730,613,0.25,0
2951,3400673,943,0.28125,0
2952,3401065,392,0.203125,0
2953,3402180,1115,0.234375,0
2954,3402626,446,0.21875,0
2955,3402914,288,0.21875,0
2956,3403833,919,0.234375,0
2957,3404823,990,0.28125,0
2958,3405433,610,0.234375,0
2959,3407158,1725,0.3125,0
2960,3407734,576,0.203125,0
2961,3408783,1049,0.21875,0
2962,3409071,288,0.203125,0
2963,3409675,604,0.25,0
2964,3410216,541,0.28125,0
2965,3410737,521,0.25,0
2966,3412248,1511,0.21875,0
2967,3412868,620,0.25,0
2968,3414073,1205,0.296875,0
2969,3414407,334,0.203125,0
2970,3415001,594,0.21875,0
2971,3415764,763,0.21875,0
2972,3416082,318,0.21875,0
2973,3416927,845,0.234375,0
2974,3417594,667,0.265625,0
2975,3418140,546,0.484375,0
2976,3418763,623,0.203125,0
2977,3419185,422,0.203125,0
2978,3420534,1349,0.296875,0
2979,3421062,528,0.25,0
2980,3421365,303,0.1875,0
2981,3421967,602,0.1875,0
2982,3422410,443,0.1875,0
2983,3422821,411,0.203125,0
2984,3423303,482,0.25,0
2985,3424079,776,0.265625,0
2986,3424982,903,0.25,0
2987,3425597,615,0.21875,0
2988,3426037,440,0.203125,0
2989,3426469,432,0.21875,0
2990,3426794,325,0.21875,0
2991,3428022,1228,0.296875,0
2992,3429845,1823,0.25,0
2993,3430642,797,0.265625,0
2994,3431433,791,0.265625,0
2995,3432042,609,0.203125,0
2996,3432471,429,0.203125,0
2997,3432907,436,0.203125,0
2998,3433504,597,0.25,0
2999,3434002,498,0.265625,0
3000,3434552,550,0.265625,0
3001,3435362,810,0.1875,0
3002,3435812,450,0.1875,0
3003,3436260,448,0.203125,0
3004,3436873,613,0.25,0
3005,3437816,943,0.28125,0
3006,3438208,392,0.203125,0
3007,3439323,1115,0.234375,0
3008,3439769,446,0.21875,0
3009,3440057,288,0.21875,0
3010,3440976,919,0.234375,0
3011,3441966,990,0.28125,0
3012,3442576,610,0.234375,0
3013,3444301,1725,0.3125,0
3014,3444877,576,0.203125,0
3015,3445926,1049,0.21875,0
3016,3446214,288,0.203125,0
3017,3446818,604,0.25,0
3018,3447359,541,0.28125,0
3019,3447880,521,0.25,0
3020,3449391,1511,0.21875,0
3021,3450011,620,0.25,0
3022,3451216,1205,0.296875,0
3023,3451550,334,0.203125,0
3024,3452144,594,0.21875,0
3025,3452907,763,0.21875,0
3026,3453225,318,0.21875,0
3027,3454070,845,0.234375,0
3028,3454737,667,0.265625,0
3029,3460094,5357,0.421875,0
3030,3461532,1438,0.5,0
3031,3462933,1401,0.296875,0
3032,3463461,528,0.25,0
3033,3463764,303,0.1875,0
3034,3464366,602,0.1875,0
3035,3464809,443,0.1875,0
3036,3465220,411,0.203125,0
3037,3465702,482,0.25,0
3038,3466478,776,0.265625,0
3039,3467381,903,0.25,0
3040,3467996,615,0.21875,0
3041,3468436,440,0.203125,0
3042,3468868,432,0.21875,0
3043,3469193,325,0.21875,0
3044,3470421,1228,0.296875,0
3045,3472244,1823,0.25,0
3046,3473041,797,0.265625,0
3047,3473832,791,0.265625,0
3048,3474441,609,0.203125,0
3049,3474870,429,0.203125,0
3050,3475306,436,0.203125,0
3051,3475903,597,0.25,0
3052,3476401,498,0.265625,0
3053,3476951,550,0.265625,0
3054,3477761,810,0.1875,0
3055,3478211,450,0.1875,0
3056,3478659,448,0.203125,0
3057,3479272,613,0.25,0
3058,3480215,943,0.28125,0
3059,3480607,392,0.203125,0
3060,3481722,1115,0.234375,0
3061,3482168,446,0.21875,0
3062,3482456,288,0.21875,0
3063,3483375,919,0.234375,0
3064,3484365,990,0.28125,0
3065,3484975,610,0.234375,0
3066,3486700,1725,0.3125,0
3067,3487276,576,0.203125,0
3068,3488325,1049,0.21875,0
3069,3488613,288,0.203125,0
3070,3489217,604,0.25,0
3071,3489758,541,0.28125,0
3072,3490279,521,0.25,0
3073,3491790,1511,0.21875,0
3074,3492410,620,0.25,0
3075,3493615,1205,0.296875,0
3076,3493949,334,0.203125,0
3077,3494543,594,0.21875,0
3078,3495306,763,0.21875,0
3079,3495624,318,0.21875,0
3080,3496469,845,0.234375,0
3081,3497136,667,0.265625,0
3082,3497517,381,0.25,0
3083,3498095,578,0.203125,0
3084,3498517,422,0.203125,0
3085,3499866,1349,0.296875,0
3086,3500394,528,0.25,0
3087,3500697,303,0.1875,0
3088,3501299,602,0.1875,0
3089,3501742,443,0.1875,0
3090,3502153,411,0.203125,0
3091,3502635,482,0.25,0
3092,3503411,776,0.265625,0
3093,3504314,903,0.25,0
3094,3504929,615,0.21875,0
3095,3505369,440,0.203125,0
3096,3505801,432,0.21875,0
3097,3506126,325,0.21875,0
3098,3507354,1228,0.296875,0
3099,3509177,1823,0.25,0
3100,3509974,797,0.265625,0
3101,3510765,791,0.265625,0
3102,3511374,609,0.203125,0
3103,3511803,429,0.203125,0
3104,3512239,436,0.203125,0
3105,3512836,597,0.25,0
3106,3513334,498,0.265625,0
3107,3513884,550,0.265625,0
3108,3514694,810,0.1875,0
3109,3515144,450,0.1875,0
3110,3515592,448,0.203125,0
3111,3516205,613,0.25,0
3112,3517148,943,0.28125,0
3113,3517540,392,0.203125,0
3114,3518655,1115,0.234375,0
3115,3519101,446,0.21875,0
3116,3519389,288,0.21875,0
3117,3520308,919,0.234375,0
3118,3521298,990,0.28125,0
3119,3521908,610,0.234375,0
3120,3523633,1725,0.3125,0
3121,3524209,576,0.203125,0
3122,3525258,1049,0.21875,0
3123,3525546,288,0.203125,0
3124,3526150,604,0.25,0
3125,3526691,541,0.28125,0
3126,3527212,521,0.25,0
3127,3528723,1511,0.21875,0
3128,3529343,620,0.25,0
3129,3530548,1205,0.296875,0
3130,3530882,334,0.203125,0
3131,3531476,594,0.21875,0
3132,3532239,763,0.21875,0
3133,3532557,318,0.21875,0
3134,3533402,845,0.234375,0
3135,3534069,667,0.265625,0
3136,3539254,5185,0.1875,0
3137,3540570,1316,0.484375,0
3138,3541964,1394,0.296875,0
3139,3542492,528,0.25,0
3140,3542795,303,0.1875,0
3141,3543397,602,0.1875,0
3142,3543840,443,0.1875,0
3143,3544251,411,0.203125,0
3144,3544733,482,0.25,0
3145,3545509,776,0.265625,0
3146,3546412,903,0.25,0
3147,3547027,615,0.21875,0
3148,3547467,440,0.203125,0
3149,3547899,432,0.21875,0
3150,3548224,325,0.21875,0
3151,3549452,1228,0.296875,0
3152,3551275,1823,0.25,0
3153,3552072,797,0.265625,0
3154,3552863,791,0.265625,0
3155,3553472,609,0.203125,0
3156,3553901,429,0.203125,0
3157,3554337,436,0.203125,0
3158,3554934,597,0.25,0
3159,3555432,498,0.265625,0
3160,3555982,550,0.265625,0
3161,3556792,810,0.1875,0
3162,3557242,450,0.1875,0
3163,3557690,448,0.203125,0
3164,3558303,613,0.25,0
3165,3559246,943,0.28125,0
3166,3559638,392,0.203125,0
3167,3560753,1115,0.234375,0
3168,3561199,446,0.21875,0
3169,3561487,288,0.21875,0
3170,3562406,919,0.234375,0
3171,3563396,990,0.28125,0
3172,3564006,610,0.234375,0
3173,3565731,1725,0.3125,0
3174,3566307,576,0.203125,0
3175,3567356,1049,0.21875,0
3176,3567644,288,0.203125,0
3177,3568248,604,0.25,0
3178,3568789,541,0.28125,0
3179,3569310,521,0.25,0
3180,3570821,1511,0.21875,0
3181,3571441,620,0.25,0
3182,3572646,1205,0.296875,0
3183,3572980,334,0.203125,0
3184,3573574,594,0.21875,0
3185,3574337,763,0.21875,0
3186,3574655,318,0.21875,0
3187,3575500,845,0.234375,0
3188,3576167,667,0.265625,0
3189,3576713,546,0.484375,0
3190,3577336,623,0.203125,0
3191,3577758,422,0.203125,0
3192,3579107,1349,0.296875,0
3193,3579635,528,0.25,0
3194,3579938,303,0.1875,0
3195,3580540,602,0.1875,0
3196,3580983,443,0.1875,0
3197,3581394,411,0.203125,0
3198,3581876,482,0.25,0
3199,3582652,776,0.265625,0
3200,3583555,903,0.25,0
3201,3584170,615,0.21875,0
3202,3584610,440,0.203125,0
3203,3585042,432,0.21875,0
3204,3585367,325,0.21875,0
3205,3586595,1228,0.296875,0
3206,3588418,1823,0.25,0
3207,3589215,797,0.265625,0
3208,3590006,791,0.265625,0
3209,3590615,609,0.203125,0
3210,3591044,429,0.203125,0
3211,3591480,436,0.203125,0
3212,3592077,597,0.25,0
3213,3592575,498,0.265625,0
3214,3593125,550,0.265625,0
3215,3593935,810,0.1875,0
3216,3594385,450,0.1875,0
3217,3594833,448,0.203125,0
3218,3595446,613,0.25,0
3219,3596389,943,0.28125,0
3220,3596781,392,0.203125,0
3221,3597896,1115,0.234375,0
3222,3598342,446,0.21875,0
3223,3598630,288,0.21875,0
3224,3599549,919,0.234375,0
3225,3600539,990,0.28125,0
3226,3601149,610,0.234375,0
3227,3602874,1725,0.3125,0
3228,3603450,576,0.203125,0
3229,3604499,1049,0.21875,0
3230,3604787,288,0.203125,0
3231,3605391,604,0.25,0
3232,3605932,541,0.28125,0
3233,3606453,521,0.25,0
3234,3607964,1511,0.21875,0
3235,3608584,620,0.25,0
3236,3609789,1205,0.296875,0
3237,3610123,334,0.203125,0
3238,3610717,594,0.21875,0
3239,3611480,763,0.21875,0
3240,3611798,318,0.21875,0
3241,3612643,845,0.234375,0
3242,3613310,667,0.265625,0
3243,3618706,5396,0.421875,0
3244,3620465,1759,0.34375,0
3245,3621476,1011,1,0
3246,3621912,436,0.3125,0
3247,3663536,41624,1,0
3248,3664549,1013,0.40625,0
3249,3667985,3436,0.28125,0
3250,3669046,1061,0.203125,0
3251,3669528,482,0.25,0
3252,3670304,776,0.265625,0
3253,3671207,903,0.25,0
3254,3671822,615,0.21875,0
3255,3672262,440,0.203125,0
3256,3672694,432,0.21875,0
3257,3673019,325,0.21875,0
3258,3674247,1228,0.296875,0
3259,3676070,1823,0.25,0
3260,3676867,797,0.265625,0
3261,3677658,791,0.265625,0
3262,3678267,609,0.203125,0
3263,3678696,429,0.203125,0
3264,3679132,436,0.203125,0
3265,3679729,597,0.25,0
3266,3680227,498,0.265625,0
3267,3680777,550,0.265625,0
3268,3681587,810,0.1875,0
3269,3682037,450,0.1875,0
3270,3682485,448,0.203125,0
3271,3683098,613,0.25,0
3272,3684041,943,0.28125,0
3273,3684433,392,0.203125,0
3274,3685548,1115,0.234375,0
3275,3685994,446,0.21875,0
3276,3686282,288,0.21875,0
3277,3687201,919,0.234375,0
3278,3688191,990,0.28125,0
3279,3688801,610,0.234375,0
3280,3690526,1725,0.3125,0
3281,3691102,576,0.203125,0
3282,3692151,1049,0.21875,0
3283,3692439,288,0.203125,0
3284,3693043,604,0.25,0
3285,3693584,541,0.28125,0
3286,3694105,521,0.25,0
3287,3695616,1511,0.21875,0
3288,3696236,620,0.25,0
3289,3697441,1205,0.296875,0
3290,3697775,334,0.203125,0
3291,3698369,594,0.21875,0
3292,3699132,763,0.21875,0
3293,3699450,318,0.21875,0
3294,3700295,845,0.234375,0
3295,3700962,667,0.265625,0
3296,3701343,381,0.25,0
3297,3701921,578,0.203125,0
3298,3702343,422,0.203125,0
3299,3703692,1349,0.296875,0
3300,3704220,528,0.25,0
3301,3704523,303,0.1875,0
3302,3705125,602,0.1875,0
3303,3705568,443,0.1875,0
3304,3705979,411,0.203125,0
3305,3706461,482,0.25,0
3306,3707237,776,0.265625,0
3307,3708140,903,0.25,0
3308,3708755,615,0.21875,0
3309,3709195,440,0.203125,0
3310,3709627,432,0.21875,0
3311,3709952,325,0.21875,0
3312,3711180,1228,0.296875,0
3313,3713003,1823,0.25,0
3314,3713800,797,0.265625,0
3315,3714591,791,0.265625,0
3316,3715200,609,0.203125,0
3317,3715629,429,0.203125,0
3318,3716065,436,0.203125,0
3319,3716662,597,0.25,0
3320,3717160,498,0.265625,0
3321,3717710,550,0.265625,0
3322,3718520,810,0.1875,0
3323,3718970,450,0.1875,0
3324,3719418,448,0.203125,0
3325,3720031,613,0.25,0
3326,3720974,943,0.28125,0
3327,3721366,392,0.203125,0
3328,3722481,1115,0.234375,0
3329,3722927,446,0.21875,0
3330,3723215,288,0.21875,0
3331,3724134,919,0.234375,0
3332,3725124,990,0.28125,0
3333,3725734,610,0.234375,0
3334,3727459,1725,0.3125,0
3335,3728035,576,0.203125,0
3336,3729084,1049,0.21875,0
3337,3729372,288,0.203125,0
3338,3729976,604,0.25,0
3339,3730517,541,0.28125,0
3340,3731038,521,0.25,0
3341,3732549,1511,0.21875,0
3342,3733169,620,0.25,0
3343,3734374,1205,0.296875,0
3344,3734708,334,0.203125,0
3345,3735302,594,0.21875,0
3346,3736065,763,0.21875,0
3347,3736383,318,0.21875,0
3348,3737228,845,0.234375,0
3349,3737895,667,0.265625,0
3350,3743112,5217,0.1875,0
3351,3744649,1537,0.3125,0
3352,3745959,1310,0.265625,0
3353,3747576,1617,0.359375,0
3354,3748826,1250,0.21875,0
3355,3750402,1576,0.28125,0
3356,3751835,1433,0.265625,0
3357,3753186,1351,0.25,0
3358,3754365,1179,0.203125,0
3359,3755554,1189,0.234375,0
3360,3757114,1560,0.28125,0
3361,3757770,656,0.125,0
3362,3763392,5622,0.390625,0
3363,3763579,187,0.03125,0
3364,3763906,327,0.15625,0
3365,3764190,284,0.125,0
3366,3764821,631,0.296875,0
3367,3765639,818,0.34375,0
3368,3766055,416,0.15625,0
3369,3766348,293,0.140625,0
3370,3767153,805,0.359375,0
3371,3767714,561,0.234375,0
3372,3768098,384,0.15625,0
3373,3768319,221,0.109375,0
3374,3768749,430,0.203125,0
3375,3769245,496,0.1875,0
3376,3769884,639,0.3125,0
3377,3770496,612,0.25,0
3378,3770989,493,0.234375,0
3379,3771815,826,0.3125,0
3380,3772098,283,0.109375,0
3381,3772326,228,0.109375,0
3382,3772816,490,0.265625,0
3383,3773285,469,0.203125,0
3384,3778556,5271,0.265625,0
3385,3779379,823,0.46875,0
3386,3779861,482,0.046875,0
3387,3780670,809,0.46875,0
3388,3781819,1149,0.46875,0
3389,3782962,1143,0.46875,0
3390,3784111,1149,0.46875,0
3391,3785254,1143,0.46875,0
3392,3786403,1149,0.46875,0
3393,3787546,1143,0.46875,0
3394,3789044,1498,0.46875,0
3395,3790240,1196,0.46875,0
3396,3791448,1208,0.46875,0
3397,3792546,1098,0.46875,0
3398,3793754,1208,0.46875,0
3399,3794852,1098,0.46875,0
3400,3796060,1208,0.46875,0
3401,3797158,1098,0.46875,0
3402,3798366,1208,0.46875,0
3403,3799087,721,0.46875,0
3404,3799591,504,0.046875,0
3405,3800427,836,0.46875,0
3406,3801563,1136,0.46875,0
3407,3802714,1151,0.46875,0
3408,3803850,1136,0.46875,0
3409,3805001,1151,0.46875,0
3410,3806137,1136,0.46875,0
3411,3807288,1151,0.46875,0
3412,3808795,1507,0.46875,0
3413,3809969,1174,0.46875,0
3414,3811190,1221,0.46875,0
3415,3812267,1077,0.46875,0
3416,3813488,1221,0.46875,0
3417,3814565,1077,0.46875,0
3418,3815786,1221,0.46875,0
3419,3816863,1077,0.46875,0
3420,3818084,1221,0.46875,0
3421,3818676,592,0.46875,0
3422,3819464,788,0.046875,0
3423,3820061,597,0.46875,0
3424,3821196,1135,0.46875,0
3425,3822373,1177,0.46875,0
3426,3823508,1135,0.46875,0
3427,3824685,1177,0.46875,0
3428,3825820,1135,0.46875,0
3429,3826997,1177,0.46875,0
3430,3828525,1528,0.46875,0
3431,3829684,1159,0.46875,0
3432,3830927,1243,0.46875,0
3433,3831997,1070,0.46875,0
3434,3833240,1243,0.46875,0
3435,3834310,1070,0.46875,0
3436,3835553,1243,0.46875,0
3437,3836623,1070,0.46875,0
3438,3837866,1243,0.46875,0
3439,3838848,982,0.46875,0
3440,3839437,589,0.046875,0
3441,3840150,713,0.46875,0
3442,3841271,1121,0.46875,0
3443,3842457,1186,0.46875,0
3444,3843578,1121,0.46875,0
3445,3844764,1186,0.46875,0
3446,3845885,1121,0.46875,0
3447,3847071,1186,0.46875,0
3448,3848607,1536,0.46875,0
3449,3849136,529,0.46875,0
3450,3849573,437,0.046875,0
3451,3850511,938,0.46875,0
3452,3851611,1100,0.46875,0
3453,3852823,1212,0.46875,0
3454,3853923,1100,0.46875,0
3455,3855135,1212,0.46875,0
3456,3856235,1100,0.46875,0
3457,3857447,1212,0.46875,0
3458,3858984,1537,0.46875,0
3459,3860092,1108,0.46875,0
3460,3861362,1270,0.46875,0
3461,3862397,1035,0.46875,0
3462,3863667,1270,0.46875,0
3463,3864702,1035,0.46875,0
3464,3865972,1270,0.46875,0
3465,3867007,1035,0.46875,0
3466,3868277,1270,0.46875,0
3467,3868755,478,0.46875,0
3468,3869237,482,0.046875,0
3469,3870182,945,0.46875,0
3470,3871275,1093,0.46875,0
3471,3872480,1205,0.46875,0
3472,3873573,1093,0.46875,0
3473,3874778,1205,0.46875,0
3474,3875871,1093,0.46875,0
3475,3877076,1205,0.46875,0
3476,3878606,1530,0.46875,0
3477,3879714,1108,0.46875,0
3478,3880970,1256,0.46875,0
3479,3882004,1034,0.46875,0
3480,3883260,1256,0.46875,0
3481,3884294,1034,0.46875,0
3482,3885550,1256,0.46875,0
3483,3886584,1034,0.46875,0
3484,3887840,1256,0.46875,0
3485,3888479,639,0.46875,0
3486,3889690,1211,0.53125,0
3487,3890129,439,0.078125,0
3488,3895436,5307,0.265625,0
3489,3896182,746,0.3125,0
3490,3896681,499,0.203125,0
3491,3897212,531,0.21875,0
3492,3897880,668,0.28125,0
3493,3898435,555,0.234375,0
3494,3898861,426,0.1875,0
3495,3899607,746,0.296875,0
3496,3900115,508,0.203125,0
3497,3900564,449,0.203125,0
3498,3901368,804,0.34375,0
3499,3902005,637,0.265625,0
3500,3902631,626,0.265625,0
3501,3902899,268,0.109375,0
3502,3903673,774,0.296875,0
3503,3903956,283,0.109375,0
3504,3904293,337,0.171875,0
3505,3904874,581,0.265625,0
3506,3905718,844,0.171875,0
3507,3910891,5173,0.078125,0
3508,3911255,364,0.03125,0
3509,3911566,311,0.03125,0
3510,3911877,311,0.03125,0
3511,3912188,311,0.03125,0
3512,3912499,311,0.03125,0
3513,3912810,311,0.03125,0
3514,3913120,310,0.03125,0
3515,3913430,310,0.03125,0
3516,3913740,310,0.03125,0
3517,3914051,311,0.03125,0
3518,3914362,311,0.03125,0
3519,3914673,311,0.03125,0
3520,3914984,311,0.03125,0
3521,3915295,311,0.03125,0
3522,3915606,311,0.03125,0
3523,3915917,311,0.03125,0
3524,3916228,311,0.03125,0
3525,3916539,311,0.03125,0
3526,3916850,311,0.03125,0
3527,3917161,311,0.03125,0
3528,3917472,311,0.03125,0
3529,3917783,311,0.03125,0
3530,3918094,311,0.03125,0
3531,3918405,311,0.03125,0
3532,3918716,311,0.03125,0
3533,3919027,311,0.03125,0
3534,3919338,311,0.03125,0
3535,3919649,311,0.03125,0
3536,3919960,311,0.03125,0
3537,3920267,307,0.03125,0
3538,3920574,307,0.03125,0
3539,3920881,307,0.03125,0
3540,3921188,307,0.03125,0
3541,3921495,307,0.03125,0
3542,3921802,307,0.03125,0
3543,3922109,307,0.03125,0
3544,3922416,307,0.03125,0
3545,3922723,307,0.03125,0
3546,3923030,307,0.03125,0
3547,3923337,307,0.03125,0
3548,3923644,307,0.03125,0
3549,3923951,307,0.03125,0
3550,3924258,307,0.03125,0
3551,3924839,581,0.515625,0
3552,3926514,1675,0.609375,0
3553,3927187,673,0.59375,0
3554,3928703,1516,0.40625,0
3555,3929320,617,0.4375,0
3556,3929859,539,0.546875,0
3557,3931898,2039,0.5,0
3558,3932793,895,0.03125,0
3559,3933206,413,0.03125,0
3560,3933619,413,0.03125,0
3561,3934032,413,0.03125,0
3562,3934445,413,0.03125,0
3563,3934858,413,0.03125,0
3564,3935271,413,0.03125,0
3565,3935684,413,0.03125,0
3566,3936097,413,0.03125,0
3567,3936510,413,0.03125,0
3568,3936923,413,0.03125,0
3569,3937336,413,0.03125,0
3570,3937749,413,0.03125,0
3571,3938162,413,0.03125,0
3572,3938575,413,0.03125,0
3573,3938988,413,0.03125,0
3574,3939401,413,0.03125,0
3575,3939814,413,0.03125,0
3576,3940227,413,0.03125,0
3577,3940640,413,0.03125,0
3578,3941053,413,0.03125,0
3579,3941462,409,0.03125,0
3580,3941871,409,0.03125,0
3581,3942280,409,0.03125,0
3582,3942694,414,0.015625,0
3583,3943107,413,0.015625,0
3584,3943520,413,0.015625,0
3585,3943933,413,0.015625,0
3586,3944346,413,0.015625,0
3587,3944759,413,0.015625,0
3588,3945172,413,0.015625,0
3589,3945585,413,0.015625,0
3590,3945997,412,0.015625,0
3591,3946409,412,0.015625,0
3592,3946821,412,0.015625,0
3593,3947234,413,0.015625,0
3594,3947647,413,0.015625,0
3595,3948060,413,0.015625,0
3596,3948473,413,0.015625,0
3597,3948886,413,0.015625,0
3598,3949299,413,0.015625,0
3599,3949712,413,0.015625,0
3600,3950125,413,0.015625,0
3601,3950538,413,0.015625,0
3602,3950951,413,0.015625,0
3603,3951364,413,0.015625,0
3604,3951777,413,0.015625,0
3605,3952190,413,0.015625,0
3606,3952603,413,0.015625,0
3607,3953016,413,0.015625,0
3608,3953429,413,0.015625,0
3609,3953842,413,0.015625,0
3610,3954255,413,0.015625,0
3611,3954668,413,0.015625,0
3612,3955081,413,0.015625,0
3613,3955494,413,0.015625,0
3614,3955895,401,0.03125,0
3615,3956304,409,0.03125,0
3616,3956713,409,0.03125,0
3617,3957122,409,0.03125,0
3618,3957615,493,0.515625,0
3619,3959414,1799,0.515625,0
3620,3961219,1805,0.40625,0
3621,3965032,3813,0.765625,0
3622,3968900,3868,0.90625,0
3623,3970630,1730,0.328125,0
3624,3972928,2298,0.59375,0
3625,3974588,1660,0.28125,0
3626,3975062,474,0.390625,0
3627,3975771,709,0.65625,0
3628,3977642,1871,0.484375,0
3629,3978147,505,0.390625,0
3630,3978875,728,0.65625,0
3631,3980739,1864,0.484375,0
3632,3981244,505,0.390625,0
3633,3981962,718,0.71875,0
3634,3983840,1878,0.40625,0
3635,3984328,488,0.390625,0
3636,3985045,717,0.703125,0
3637,3986910,1865,0.40625,0
3638,3987404,494,0.390625,0
3639,3987929,525,0.140625,0
3640,3988081,152,0.03125,0
3641,3988220,139,0.03125,0
3642,3988359,139,0.03125,0
3643,3988498,139,0.03125,0
3644,3988637,139,0.03125,0
3645,3988776,139,0.03125,0
3646,3988914,138,0.03125,0
3647,3989052,138,0.03125,0
3648,3989190,138,0.03125,0
3649,3989329,139,0.03125,0
3650,3989468,139,0.03125,0
3651,3989607,139,0.03125,0
3652,3989746,139,0.03125,0
3653,3989885,139,0.03125,0
3654,3990024,139,0.03125,0
