checkpoints,cycle count,last checkpoint,dirty ratio,cause
1,269105,269105,0.117188,0
2,290504,21399,0.09375,0
3,301760,11256,0.0703125,0
4,312526,10766,0.0820312,0
5,325689,13163,0.183594,0
6,337744,12055,0.0703125,0
7,348510,10766,0.0820312,0
8,356933,8423,0.160156,0
9,368685,11752,0.0703125,0
10,379451,10766,0.0820312,0
11,394819,15368,0.460938,0
12,429397,34578,0.652344,0
13,461567,32170,0.09375,0
14,472823,11256,0.0703125,0
15,483589,10766,0.0820312,0
16,508188,24599,0.261719,0
17,673202,165014,0.496094,0
18,680875,7673,0.511719,0
19,710250,29375,0.699219,0
20,745492,35242,0.699219,0
21,784046,38554,0.53125,0
22,811565,27519,0.152344,0
23,822830,11265,0.0703125,0
24,833596,10766,0.0820312,0
25,847007,13411,0.25,0
26,859088,12081,0.0703125,0
27,869854,10766,0.0820312,0
28,878087,8233,0.101562,0
29,889830,11743,0.0703125,0
30,900596,10766,0.0820312,0
31,913766,13170,0.183594,0
32,925821,12055,0.0703125,0
33,936587,10766,0.0820312,0
34,945010,8423,0.160156,0
35,956762,11752,0.0703125,0
36,967528,10766,0.0820312,0
37,982901,15373,0.460938,0
38,1017480,34579,0.652344,0
39,1049650,32170,0.09375,0
40,1060906,11256,0.0703125,0
41,1071672,10766,0.0820312,0
42,1096456,24784,0.261719,0
43,1261409,164953,0.496094,0
44,1269082,7673,0.511719,0
45,1298453,29371,0.699219,0
46,1333698,35245,0.699219,0
47,1372251,38553,0.53125,0
48,1399770,27519,0.152344,0
49,1411035,11265,0.0703125,0
50,1421801,10766,0.0820312,0
51,1435212,13411,0.25,0
52,1447293,12081,0.0703125,0
53,1458059,10766,0.0820312,0
54,1466292,8233,0.101562,0
55,1478035,11743,0.0703125,0
56,1488801,10766,0.0820312,0
57,1501947,13146,0.183594,0
58,1514002,12055,0.0703125,0
59,1524768,10766,0.0820312,0
60,1533191,8423,0.160156,0
61,1544943,11752,0.0703125,0
62,1555709,10766,0.0820312,0
63,1571111,15402,0.460938,0
64,1605691,34580,0.652344,0
65,1637861,32170,0.09375,0
66,1649117,11256,0.0703125,0
67,1659883,10766,0.0820312,0
68,1684303,24420,0.261719,0
69,1849447,165144,0.496094,0
70,1857120,7673,0.511719,0
71,1886500,29380,0.699219,0
72,1921741,35241,0.699219,0
73,1960298,38557,0.53125,0
74,1987817,27519,0.152344,0
75,1999082,11265,0.0703125,0
76,2009848,10766,0.0820312,0
77,2023264,13416,0.25,0
78,2035345,12081,0.0703125,0
79,2046111,10766,0.0820312,0
80,2054344,8233,0.101562,0
81,2066087,11743,0.0703125,0
82,2076853,10766,0.0820312,0
83,2090020,13167,0.183594,0
84,2102075,12055,0.0703125,0
85,2112841,10766,0.0820312,0
86,2121264,8423,0.160156,0
87,2133016,11752,0.0703125,0
88,2143782,10766,0.0820312,0
89,2159158,15376,0.460938,0
90,2193743,34585,0.652344,0
91,2225913,32170,0.09375,0
92,2237169,11256,0.0703125,0
93,2247935,10766,0.0820312,0
94,2272593,24658,0.261719,0
95,2437433,164840,0.496094,0
96,2445106,7673,0.511719,0
97,2474481,29375,0.699219,0
98,2509727,35246,0.699219,0
99,2548275,38548,0.53125,0
100,2575794,27519,0.152344,0
101,2587059,11265,0.0703125,0
102,2597825,10766,0.0820312,0
103,2611231,13406,0.25,0
104,2623312,12081,0.0703125,0
105,2634078,10766,0.0820312,0
106,2642311,8233,0.101562,0
107,2654054,11743,0.0703125,0
108,2664820,10766,0.0820312,0
109,2677959,13139,0.183594,0
110,2690014,12055,0.0703125,0
111,2700780,10766,0.0820312,0
112,2709203,8423,0.160156,0
113,2720955,11752,0.0703125,0
114,2731721,10766,0.0820312,0
115,2747131,15410,0.460938,0
116,2781708,34577,0.652344,0
117,2813878,32170,0.09375,0
118,2825134,11256,0.0703125,0
119,2835900,10766,0.0820312,0
120,2860823,24923,0.261719,0
121,2960959,100136,0.269531,0
122,2977596,16637,0.34375,0
