checkpoints,cycle count,last checkpoint,dirty ratio,cause
1,234968,234968,0.401855,0
2,237812,2844,0.00683594,0
3,238382,570,0.00830078,0
4,238818,436,0.00732422,0
5,239923,1105,0.00830078,0
6,242103,2180,0.00976562,0
7,272766,30663,0.0317383,0
8,273440,674,0.00683594,0
9,274010,570,0.00830078,0
10,274446,436,0.00732422,0
11,275551,1105,0.00830078,0
12,277743,2192,0.00976562,0
13,303182,25439,0.0126953,0
14,303685,503,0.00683594,0
15,304255,570,0.00830078,0
16,304691,436,0.00732422,0
17,305796,1105,0.00830078,0
18,307977,2181,0.00976562,0
19,338428,30451,0.0229492,0
20,339070,642,0.00683594,0
21,339640,570,0.00830078,0
22,340076,436,0.00732422,0
23,341181,1105,0.00830078,0
24,343374,2193,0.00976562,0
25,368994,25620,0.0200195,0
26,369512,518,0.00683594,0
27,370082,570,0.00830078,0
28,370518,436,0.00732422,0
29,371623,1105,0.00830078,0
30,373803,2180,0.00976562,0
31,439449,65646,0.117676,0
32,441007,1558,0.00683594,0
33,441577,570,0.00830078,0
34,442013,436,0.00732422,0
35,443118,1105,0.00830078,0
36,445310,2192,0.00976562,0
37,470749,25439,0.0126953,0
38,471252,503,0.00683594,0
39,471822,570,0.00830078,0
40,472258,436,0.00732422,0
41,473363,1105,0.00830078,0
42,475544,2181,0.00976562,0
43,781768,306224,0.14209,0
44,783674,1906,0.00683594,0
45,784244,570,0.00830078,0
46,784680,436,0.00732422,0
47,785785,1105,0.00830078,0
48,787978,2193,0.00976562,0
49,813630,25652,0.0200195,0
50,814148,518,0.00683594,0
51,814718,570,0.00830078,0
52,815154,436,0.00732422,0
53,816259,1105,0.00830078,0
54,818439,2180,0.00976562,0
55,849092,30653,0.03125,0
56,849763,671,0.00683594,0
57,850333,570,0.00830078,0
58,850769,436,0.00732422,0
59,851874,1105,0.00830078,0
60,854066,2192,0.00976562,0
61,879505,25439,0.0126953,0
62,880008,503,0.00683594,0
63,880578,570,0.00830078,0
64,881014,436,0.00732422,0
65,882119,1105,0.00830078,0
66,884300,2181,0.00976562,0
67,914758,30458,0.0229492,0
68,915400,642,0.00683594,0
69,915970,570,0.00830078,0
70,916406,436,0.00732422,0
71,917511,1105,0.00830078,0
72,919704,2193,0.00976562,0
73,945324,25620,0.0200195,0
74,945842,518,0.00683594,0
75,946412,570,0.00830078,0
76,946848,436,0.00732422,0
77,947953,1105,0.00830078,0
78,950133,2180,0.00976562,0
79,1015779,65646,0.117676,0
80,1017337,1558,0.00683594,0
81,1017907,570,0.00830078,0
82,1018343,436,0.00732422,0
83,1019448,1105,0.00830078,0
84,1021640,2192,0.00976562,0
85,1047079,25439,0.0126953,0
86,1047582,503,0.00683594,0
87,1048152,570,0.00830078,0
88,1048588,436,0.00732422,0
89,1049693,1105,0.00830078,0
90,1051874,2181,0.00976562,0
91,1358221,306347,0.141602,0
92,1360124,1903,0.00683594,0
93,1360694,570,0.00830078,0
94,1361130,436,0.00732422,0
95,1362235,1105,0.00830078,0
96,1364428,2193,0.00976562,0
97,1390080,25652,0.0200195,0
98,1390598,518,0.00683594,0
99,1391168,570,0.00830078,0
100,1391604,436,0.00732422,0
101,1392709,1105,0.00830078,0
102,1394889,2180,0.00976562,0
103,1425542,30653,0.03125,0
104,1426213,671,0.00683594,0
105,1426783,570,0.00830078,0
106,1427219,436,0.00732422,0
107,1428324,1105,0.00830078,0
108,1430516,2192,0.00976562,0
109,1455955,25439,0.0126953,0
110,1456458,503,0.00683594,0
111,1457028,570,0.00830078,0
112,1457464,436,0.00732422,0
113,1458569,1105,0.00830078,0
114,1460750,2181,0.00976562,0
115,1491184,30434,0.0229492,0
116,1491826,642,0.00683594,0
117,1492396,570,0.00830078,0
118,1492832,436,0.00732422,0
119,1493937,1105,0.00830078,0
120,1496130,2193,0.00976562,0
121,1521750,25620,0.0200195,0
122,1522268,518,0.00683594,0
123,1522838,570,0.00830078,0
124,1523274,436,0.00732422,0
125,1524379,1105,0.00830078,0
126,1526559,2180,0.00976562,0
127,1592235,65676,0.117676,0
128,1593793,1558,0.00683594,0
129,1594363,570,0.00830078,0
130,1594799,436,0.00732422,0
131,1595904,1105,0.00830078,0
132,1598096,2192,0.00976562,0
133,1623535,25439,0.0126953,0
134,1624038,503,0.00683594,0
135,1624608,570,0.00830078,0
136,1625044,436,0.00732422,0
137,1626149,1105,0.00830078,0
138,1628330,2181,0.00976562,0
139,1934513,306183,0.141602,0
140,1936416,1903,0.00683594,0
141,1936986,570,0.00830078,0
142,1937422,436,0.00732422,0
143,1938527,1105,0.00830078,0
144,1940720,2193,0.00976562,0
145,1966372,25652,0.0200195,0
146,1966890,518,0.00683594,0
147,1967460,570,0.00830078,0
148,1967896,436,0.00732422,0
149,1969001,1105,0.00830078,0
150,1971181,2180,0.00976562,0
151,2001839,30658,0.03125,0
152,2002510,671,0.00683594,0
153,2003080,570,0.00830078,0
154,2003516,436,0.00732422,0
155,2004621,1105,0.00830078,0
156,2006813,2192,0.00976562,0
157,2032252,25439,0.0126953,0
158,2032755,503,0.00683594,0
159,2033325,570,0.00830078,0
160,2033761,436,0.00732422,0
161,2034866,1105,0.00830078,0
162,2037047,2181,0.00976562,0
163,2067502,30455,0.0229492,0
164,2068144,642,0.00683594,0
165,2068714,570,0.00830078,0
166,2069150,436,0.00732422,0
167,2070255,1105,0.00830078,0
168,2072448,2193,0.00976562,0
169,2098068,25620,0.0200195,0
170,2098586,518,0.00683594,0
171,2099156,570,0.00830078,0
172,2099592,436,0.00732422,0
173,2100697,1105,0.00830078,0
174,2102877,2180,0.00976562,0
175,2168532,65655,0.117676,0
176,2170090,1558,0.00683594,0
177,2170660,570,0.00830078,0
178,2171096,436,0.00732422,0
179,2172201,1105,0.00830078,0
180,2174393,2192,0.00976562,0
181,2199832,25439,0.0126953,0
182,2200335,503,0.00683594,0
183,2200905,570,0.00830078,0
184,2201341,436,0.00732422,0
185,2202446,1105,0.00830078,0
186,2204627,2181,0.00976562,0
187,2510735,306108,0.141602,0
188,2512638,1903,0.00683594,0
189,2513208,570,0.00830078,0
190,2513644,436,0.00732422,0
191,2514749,1105,0.00830078,0
192,2516942,2193,0.00976562,0
193,2542594,25652,0.0200195,0
194,2543112,518,0.00683594,0
195,2543682,570,0.00830078,0
196,2544118,436,0.00732422,0
197,2545223,1105,0.00830078,0
198,2547403,2180,0.00976562,0
199,2578051,30648,0.03125,0
200,2578722,671,0.00683594,0
201,2579292,570,0.00830078,0
202,2579728,436,0.00732422,0
203,2580833,1105,0.00830078,0
204,2583025,2192,0.00976562,0
205,2608464,25439,0.0126953,0
206,2608967,503,0.00683594,0
207,2609537,570,0.00830078,0
208,2609973,436,0.00732422,0
209,2611078,1105,0.00830078,0
210,2613259,2181,0.00976562,0
211,2643686,30427,0.0229492,0
212,2644328,642,0.00683594,0
213,2644898,570,0.00830078,0
214,2645334,436,0.00732422,0
215,2646439,1105,0.00830078,0
216,2648632,2193,0.00976562,0
217,2674252,25620,0.0200195,0
218,2674770,518,0.00683594,0
219,2675340,570,0.00830078,0
220,2675776,436,0.00732422,0
221,2676881,1105,0.00830078,0
222,2679061,2180,0.00976562,0
223,2744742,65681,0.117676,0
224,2746300,1558,0.00683594,0
225,2746870,570,0.00830078,0
226,2747306,436,0.00732422,0
227,2748411,1105,0.00830078,0
228,2750603,2192,0.00976562,0
229,2776042,25439,0.0126953,0
230,2776545,503,0.00683594,0
231,2777115,570,0.00830078,0
232,2777551,436,0.00732422,0
233,2778656,1105,0.00830078,0
234,2780837,2181,0.00976562,0
235,2903150,122313,0.0600586,0
