checkpoints,cycle count,last checkpoint,dirty ratio,cause
1,10507,10507,0.155762,0
2,11895,1388,0.000976562,0
3,11975,80,0.00195312,0
4,12065,90,0.00195312,0
5,12109,44,0.00195312,0
6,12152,43,0.00195312,0
7,12236,84,0.00195312,0
8,12279,43,0.00195312,0
9,12369,90,0.00195312,0
10,12413,44,0.00195312,0
11,12496,83,0.00195312,0
12,12540,44,0.00195312,0
13,12629,89,0.00195312,0
14,12673,44,0.00195312,0
15,12716,43,0.00195312,0
16,12807,91,0.00195312,0
17,12873,66,0.00195312,0
18,12939,66,0.00195312,0
19,13013,74,0.00195312,0
20,13057,44,0.00195312,0
21,13100,43,0.00195312,0
22,13170,70,0.00195312,0
23,13214,44,0.00195312,0
24,13290,76,0.00195312,0
25,13334,44,0.00195312,0
26,13401,67,0.00195312,0
27,13445,44,0.00195312,0
28,13519,74,0.00195312,0
29,13563,44,0.00195312,0
30,13606,43,0.00195312,0
31,13683,77,0.00195312,0
32,13751,68,0.00195312,0
33,13819,68,0.00195312,0
34,13895,76,0.00195312,0
35,13939,44,0.00195312,0
36,13982,43,0.00195312,0
37,14052,70,0.00195312,0
38,14096,44,0.00195312,0
39,14172,76,0.00195312,0
40,14216,44,0.00195312,0
41,14283,67,0.00195312,0
42,14327,44,0.00195312,0
43,14401,74,0.00195312,0
44,14445,44,0.00195312,0
45,14488,43,0.00195312,0
46,14565,77,0.00195312,0
47,14631,66,0.00195312,0
48,14697,66,0.00195312,0
49,14771,74,0.00195312,0
50,14815,44,0.00195312,0
51,14858,43,0.00195312,0
52,14927,69,0.00195312,0
53,14971,44,0.00195312,0
54,15047,76,0.00195312,0
55,15091,44,0.00195312,0
56,15158,67,0.00195312,0
57,15202,44,0.00195312,0
58,15276,74,0.00195312,0
59,15320,44,0.00195312,0
60,15363,43,0.00195312,0
61,15433,70,0.00195312,0
62,15501,68,0.00195312,0
63,15569,68,0.00195312,0
64,15638,69,0.00195312,0
65,15682,44,0.00195312,0
66,15724,42,0.00195312,0
67,15794,70,0.00195312,0
68,15837,43,0.00195312,0
69,15906,69,0.00195312,0
70,15950,44,0.00195312,0
71,16019,69,0.00195312,0
72,16063,44,0.00195312,0
73,16130,67,0.00195312,0
74,16173,43,0.00195312,0
75,16214,41,0.00195312,0
76,16280,66,0.00195312,0
77,16346,66,0.00195312,0
78,16412,66,0.00195312,0
79,16479,67,0.00195312,0
80,16523,44,0.00195312,0
81,16566,43,0.00195312,0
82,16636,70,0.00195312,0
83,16680,44,0.00195312,0
84,16749,69,0.00195312,0
85,16792,43,0.00195312,0
86,16858,66,0.00195312,0
87,16902,44,0.00195312,0
88,16969,67,0.00195312,0
89,17013,44,0.00195312,0
90,17055,42,0.00195312,0
91,17124,69,0.00195312,0
92,17192,68,0.00195312,0
93,17260,68,0.00195312,0
94,17329,69,0.00195312,0
95,17373,44,0.00195312,0
96,17416,43,0.00195312,0
97,17486,70,0.00195312,0
98,17530,44,0.00195312,0
99,17597,67,0.00195312,0
100,17640,43,0.00195312,0
101,17706,66,0.00195312,0
102,17750,44,0.00195312,0
103,17817,67,0.00195312,0
104,17861,44,0.00195312,0
105,17903,42,0.00195312,0
106,17971,68,0.00195312,0
107,18037,66,0.00195312,0
108,18103,66,0.00195312,0
109,18169,66,0.00195312,0
110,18213,44,0.00195312,0
111,18256,43,0.00195312,0
112,18325,69,0.00195312,0
113,18369,44,0.00195312,0
114,18436,67,0.00195312,0
115,18479,43,0.00195312,0
116,18545,66,0.00195312,0
117,18589,44,0.00195312,0
118,18656,67,0.00195312,0
119,18700,44,0.00195312,0
120,18743,43,0.00195312,0
121,18813,70,0.00195312,0
122,18881,68,0.00195312,0
123,18949,68,0.00195312,0
124,19018,69,0.00195312,0
125,19062,44,0.00195312,0
126,19104,42,0.00195312,0
127,19174,70,0.00195312,0
128,19217,43,0.00195312,0
129,19286,69,0.00195312,0
130,19330,44,0.00195312,0
131,19399,69,0.00195312,0
132,19443,44,0.00195312,0
133,19510,67,0.00195312,0
134,19553,43,0.00195312,0
135,19594,41,0.00195312,0
136,19660,66,0.00195312,0
137,19726,66,0.00195312,0
138,19792,66,0.00195312,0
139,19859,67,0.00195312,0
140,19903,44,0.00195312,0
141,19946,43,0.00195312,0
142,20016,70,0.00195312,0
143,20060,44,0.00195312,0
144,20129,69,0.00195312,0
145,20172,43,0.00195312,0
146,20238,66,0.00195312,0
147,20282,44,0.00195312,0
148,20349,67,0.00195312,0
149,20393,44,0.00195312,0
150,20435,42,0.00195312,0
151,20504,69,0.00195312,0
152,20572,68,0.00195312,0
153,20640,68,0.00195312,0
154,20709,69,0.00195312,0
155,20753,44,0.00195312,0
156,20796,43,0.00195312,0
157,20866,70,0.00195312,0
158,20910,44,0.00195312,0
159,20977,67,0.00195312,0
160,21020,43,0.00195312,0
161,21086,66,0.00195312,0
162,21130,44,0.00195312,0
163,21197,67,0.00195312,0
164,21241,44,0.00195312,0
165,21283,42,0.00195312,0
166,21351,68,0.00195312,0
167,21425,74,0.00195312,0
168,217935,196510,0.133789,0
169,219805,1870,0.0146484,0
170,254924,35119,0.0317383,0
171,285114,30190,0.0126953,0
172,320079,34965,0.0229492,0
173,350427,30348,0.0200195,0
174,420606,70179,0.117676,0
175,451680,31074,0.0126953,0
176,598724,147044,0.0571289,0
177,793127,194403,0.133301,0
178,829546,36419,0.03125,0
179,859733,30187,0.0126953,0
180,894705,34972,0.0229492,0
181,925053,30348,0.0200195,0
182,995232,70179,0.117676,0
183,1026306,31074,0.0126953,0
184,1173472,147166,0.0566406,0
185,1367881,194409,0.133301,0
186,1404300,36419,0.03125,0
187,1434487,30187,0.0126953,0
188,1469435,34948,0.0229492,0
189,1499783,30348,0.0200195,0
190,1569992,70209,0.117676,0
191,1601066,31074,0.0126953,0
192,1748067,147001,0.0566406,0
193,1942477,194410,0.133301,0
194,1978901,36424,0.03125,0
195,2009088,30187,0.0126953,0
196,2044057,34969,0.0229492,0
197,2074405,30348,0.0200195,0
198,2144593,70188,0.117676,0
199,2175667,31074,0.0126953,0
200,2322607,146940,0.0566406,0
201,2517003,194396,0.133301,0
202,2553417,36414,0.03125,0
203,2583604,30187,0.0126953,0
204,2618545,34941,0.0229492,0
205,2648893,30348,0.0200195,0
206,2719107,70214,0.117676,0
207,2750181,31074,0.0126953,0
208,2896223,146042,0.0595703,0
209,2898217,1994,0.00244141,0
210,2899528,1311,0.00244141,0
211,2900839,1311,0.00244141,0
212,2902150,1311,0.00244141,0
213,2903461,1311,0.00244141,0
214,2904772,1311,0.00244141,0
215,2906083,1311,0.00244141,0
216,2907394,1311,0.00244141,0
217,2908705,1311,0.00244141,0
218,2910015,1310,0.00244141,0
219,2910712,697,0.0175781,0
220,2911180,468,0.00390625,0
221,2911456,276,0.00390625,0
222,2911732,276,0.00390625,0
223,2912008,276,0.00390625,0
224,2912253,245,0.00244141,0
225,2912488,235,0.0117188,0
226,2913101,613,0.0205078,0
227,2913615,514,0.00390625,0
228,2913891,276,0.00390625,0
229,2914167,276,0.00390625,0
230,2914443,276,0.00390625,0
231,2914688,245,0.00244141,0
232,2914793,105,0.00195312,0
233,2915015,222,0.0117188,0
234,2915313,298,0.00292969,0
235,2915563,250,0.00488281,0
236,2915959,396,0.0185547,0
237,2916451,492,0.00390625,0
238,2916727,276,0.00390625,0
239,2917003,276,0.00390625,0
240,2917279,276,0.00390625,0
241,2919213,1934,0.0175781,0
242,2921217,2004,0.00244141,0
243,2923016,1799,0.00244141,0
244,2924815,1799,0.00244141,0
245,2926614,1799,0.00244141,0
246,2928413,1799,0.00244141,0
247,2930212,1799,0.00244141,0
248,2932011,1799,0.00244141,0
249,2933810,1799,0.00244141,0
250,2935609,1799,0.00244141,0
251,2937408,1799,0.00244141,0
252,2939207,1799,0.00244141,0
253,2941006,1799,0.00244141,0
254,2942805,1799,0.00244141,0
255,2944604,1799,0.00244141,0
256,2945763,1159,0.0175781,0
257,2946229,466,0.00390625,0
258,2946505,276,0.00390625,0
259,2946781,276,0.00390625,0
260,2947057,276,0.00390625,0
261,2947818,761,0.0283203,0
262,2948432,614,0.00390625,0
263,2948708,276,0.00390625,0
264,2948984,276,0.00390625,0
265,2949260,276,0.00390625,0
266,2950666,1406,0.00488281,0
267,2950952,286,0.00390625,0
268,2951224,272,0.00390625,0
269,2951496,272,0.00390625,0
270,2951768,272,0.00390625,0
271,2952040,272,0.00390625,0
272,2952312,272,0.00390625,0
273,2952584,272,0.00390625,0
274,2952856,272,0.00390625,0
275,2953128,272,0.00390625,0
276,2953400,272,0.00390625,0
277,2953695,295,0.00683594,0
278,2954009,314,0.00390625,0
279,2954281,272,0.00390625,0
280,2954553,272,0.00390625,0
281,2954825,272,0.00390625,0
282,2955097,272,0.00390625,0
283,2955369,272,0.00390625,0
284,2955641,272,0.00390625,0
285,2955913,272,0.00390625,0
286,2956185,272,0.00390625,0
287,2956457,272,0.00390625,0
288,2956729,272,0.00390625,0
289,2957001,272,0.00390625,0
290,2957273,272,0.00390625,0
291,2957565,292,0.00439453,0
292,2957783,218,0.0166016,0
293,2958173,390,0.00292969,0
294,2958447,274,0.00390625,0
295,2958723,276,0.00390625,0
296,2958999,276,0.00390625,0
297,2959275,276,0.00390625,0
298,2959894,619,0.0200195,0
299,2960395,501,0.00390625,0
300,2960671,276,0.00390625,0
301,2960947,276,0.00390625,0
302,2961223,276,0.00390625,0
303,2961650,427,0.00488281,0
304,2962167,517,0.0195312,0
305,2962661,494,0.00390625,0
306,2962937,276,0.00390625,0
307,2963213,276,0.00390625,0
308,2963489,276,0.00390625,0
309,2963879,390,0.00537109,0
310,2964165,286,0.012207,0
311,2965139,974,0.0283203,0
312,2965753,614,0.00390625,0
313,2966029,276,0.00390625,0
314,2966305,276,0.00390625,0
315,2966581,276,0.00390625,0
316,2966970,389,0.00537109,0
317,2967256,286,0.012207,0
318,2968234,978,0.0283203,0
319,2968848,614,0.00390625,0
320,2969124,276,0.00390625,0
321,2969400,276,0.00390625,0
322,2969676,276,0.00390625,0
323,2970067,391,0.00537109,0
324,2970352,285,0.012207,0
325,2971331,979,0.0283203,0
326,2971945,614,0.00390625,0
327,2972221,276,0.00390625,0
328,2972497,276,0.00390625,0
329,2972773,276,0.00390625,0
330,2973164,391,0.00537109,0
331,2973449,285,0.012207,0
332,2974420,971,0.0283203,0
333,2975034,614,0.00390625,0
334,2975310,276,0.00390625,0
335,2975586,276,0.00390625,0
336,2975862,276,0.00390625,0
337,2976252,390,0.00537109,0
338,2976538,286,0.012207,0
339,2977419,881,0.00976562,0
340,2978045,626,0.00244141,0
341,2978572,527,0.00244141,0
342,2979098,526,0.00244141,0
