checkpoints,cycle count,last checkpoint,dirty ratio,cause
1,1000006,1000006,0.208496,2
2,1018686,18680,0.0126953,0
3,1172241,153555,0.0556641,0
4,1360261,188020,0.133301,0
5,1396680,36419,0.03125,0
6,1426867,30187,0.0126953,0
7,1461815,34948,0.0229492,0
8,1492163,30348,0.0200195,0
9,1562372,70209,0.117676,0
10,1593446,31074,0.0126953,0
11,1746836,153390,0.0556641,0
12,1934857,188021,0.133301,0
13,1971281,36424,0.03125,0
14,2001468,30187,0.0126953,0
15,2036437,34969,0.0229492,0
16,2066785,30348,0.0200195,0
17,2136973,70188,0.117676,0
18,2168047,31074,0.0126953,0
19,2321376,153329,0.0556641,0
20,2509383,188007,0.133301,0
21,2545797,36414,0.03125,0
22,2575984,30187,0.0126953,0
23,2610925,34941,0.0229492,0
24,2641273,30348,0.0200195,0
25,2711487,70214,0.117676,0
26,2742561,31074,0.0126953,0
27,2947630,205069,0.0717773,0
