checkpoints,cycle count,last checkpoint,dirty ratio,cause
1,338934,338934,0.59375,0
2,341276,2342,0.28125,0
3,343412,2136,0.265625,0
4,344785,1373,0.25,0
5,345826,1041,0.234375,0
6,347273,1447,0.296875,0
7,349141,1868,0.28125,0
8,351246,2105,0.28125,0
9,353474,2228,0.28125,0
10,355341,1867,0.25,0
11,356636,1295,0.265625,0
12,358920,2284,0.25,0
13,359954,1034,0.28125,0
14,362194,2240,0.3125,0
15,364271,2077,0.296875,0
16,366115,1844,0.296875,0
17,368755,2640,0.328125,0
18,370103,1348,0.234375,0
19,372068,1965,0.34375,0
20,374834,2766,0.296875,0
21,377296,2462,0.265625,0
22,378669,1373,0.25,0
23,379710,1041,0.234375,0
24,381157,1447,0.296875,0
25,383025,1868,0.28125,0
26,385130,2105,0.28125,0
27,387358,2228,0.28125,0
28,389225,1867,0.25,0
29,390520,1295,0.265625,0
30,392804,2284,0.25,0
31,393838,1034,0.28125,0
32,396078,2240,0.3125,0
33,398155,2077,0.296875,0
34,399999,1844,0.296875,0
35,402639,2640,0.328125,0
36,403987,1348,0.234375,0
37,410727,6740,0.40625,0
38,412141,1414,0.484375,0
39,414437,2296,0.28125,0
40,416573,2136,0.265625,0
41,417946,1373,0.25,0
42,418987,1041,0.234375,0
43,420434,1447,0.296875,0
44,422302,1868,0.28125,0
45,424407,2105,0.28125,0
46,426635,2228,0.28125,0
47,428502,1867,0.25,0
48,429797,1295,0.265625,0
49,432081,2284,0.25,0
50,433115,1034,0.28125,0
51,435355,2240,0.3125,0
52,437432,2077,0.296875,0
53,439276,1844,0.296875,0
54,441916,2640,0.328125,0
55,443264,1348,0.234375,0
56,445341,2077,0.59375,0
57,448205,2864,0.296875,0
58,450667,2462,0.265625,0
59,452040,1373,0.25,0
60,453081,1041,0.234375,0
61,454528,1447,0.296875,0
62,456396,1868,0.28125,0
63,458501,2105,0.28125,0
64,460729,2228,0.28125,0
65,462596,1867,0.25,0
66,463891,1295,0.265625,0
67,466175,2284,0.25,0
68,467209,1034,0.28125,0
69,469449,2240,0.3125,0
70,471526,2077,0.296875,0
71,473370,1844,0.296875,0
72,476010,2640,0.328125,0
73,477358,1348,0.234375,0
74,484258,6900,0.609375,0
75,486100,1842,0.34375,0
76,487111,1011,1,0
77,487547,436,0.3125,0
78,529171,41624,1,0
79,530185,1014,0.40625,0
80,562784,32599,0.359375,0
81,565557,2773,0.296875,0
82,568019,2462,0.265625,0
83,569392,1373,0.25,0
84,570433,1041,0.234375,0
85,571880,1447,0.296875,0
86,573748,1868,0.28125,0
87,575853,2105,0.28125,0
88,578081,2228,0.28125,0
89,579948,1867,0.25,0
90,581243,1295,0.265625,0
91,583527,2284,0.25,0
92,584561,1034,0.28125,0
93,586801,2240,0.3125,0
94,588878,2077,0.296875,0
95,590722,1844,0.296875,0
96,593362,2640,0.328125,0
97,594710,1348,0.234375,0
98,601434,6724,0.40625,0
99,603513,2079,0.34375,0
100,604317,804,0.203125,0
101,606012,1695,0.359375,0
102,607184,1172,0.21875,0
103,609181,1997,0.28125,0
104,610647,1466,0.28125,0
105,612194,1547,0.265625,0
106,613874,1680,0.265625,0
107,615577,1703,0.390625,0
108,621435,5858,0.359375,0
109,622020,585,0.21875,0
110,622375,355,0.15625,0
111,622947,572,0.265625,0
112,623711,764,0.328125,0
113,624206,495,0.1875,0
114,624499,293,0.125,0
115,625145,646,0.296875,0
116,625696,551,0.203125,0
117,626338,642,0.265625,0
118,627222,884,0.40625,0
119,628110,888,0.34375,0
120,628600,490,0.15625,0
121,629335,735,0.359375,0
122,630107,772,0.265625,0
123,630570,463,0.1875,0
124,631083,513,0.265625,0
125,632101,1018,0.234375,0
126,636843,4742,0.21875,0
127,637788,945,0.4375,0
128,638911,1123,0.46875,0
129,640060,1149,0.46875,0
130,641203,1143,0.46875,0
131,642352,1149,0.46875,0
132,643495,1143,0.46875,0
133,644644,1149,0.46875,0
134,645787,1143,0.46875,0
135,647285,1498,0.46875,0
136,648481,1196,0.46875,0
137,649689,1208,0.46875,0
138,650787,1098,0.46875,0
139,651995,1208,0.46875,0
140,653093,1098,0.46875,0
141,654301,1208,0.46875,0
142,655399,1098,0.46875,0
143,656607,1208,0.46875,0
144,657718,1111,0.34375,0
145,658643,925,0.46875,0
146,659779,1136,0.46875,0
147,660930,1151,0.46875,0
148,662066,1136,0.46875,0
149,663217,1151,0.46875,0
150,664353,1136,0.46875,0
151,665504,1151,0.46875,0
152,667011,1507,0.46875,0
153,668185,1174,0.46875,0
154,669406,1221,0.46875,0
155,670483,1077,0.46875,0
156,671704,1221,0.46875,0
157,672781,1077,0.46875,0
158,674002,1221,0.46875,0
159,675079,1077,0.46875,0
160,676300,1221,0.46875,0
161,677392,1092,0.328125,0
162,678252,860,0.46875,0
163,679387,1135,0.46875,0
164,680564,1177,0.46875,0
165,681699,1135,0.46875,0
166,682876,1177,0.46875,0
167,684011,1135,0.46875,0
168,685188,1177,0.46875,0
169,686716,1528,0.46875,0
170,687875,1159,0.46875,0
171,689118,1243,0.46875,0
172,690188,1070,0.46875,0
173,691431,1243,0.46875,0
174,692501,1070,0.46875,0
175,693744,1243,0.46875,0
176,694814,1070,0.46875,0
177,696057,1243,0.46875,0
178,697039,982,0.46875,0
179,698337,1298,0.46875,0
180,699458,1121,0.46875,0
181,700644,1186,0.46875,0
182,701765,1121,0.46875,0
183,702951,1186,0.46875,0
184,704072,1121,0.46875,0
185,705258,1186,0.46875,0
186,706794,1536,0.46875,0
187,707928,1134,0.234375,0
188,708673,745,0.46875,0
189,709773,1100,0.46875,0
190,710985,1212,0.46875,0
191,712085,1100,0.46875,0
192,713297,1212,0.46875,0
193,714397,1100,0.46875,0
194,715609,1212,0.46875,0
195,717146,1537,0.46875,0
196,718254,1108,0.46875,0
197,719524,1270,0.46875,0
198,720559,1035,0.46875,0
199,721829,1270,0.46875,0
200,722864,1035,0.46875,0
201,724134,1270,0.46875,0
202,725169,1035,0.46875,0
203,726439,1270,0.46875,0
204,727795,1356,0.203125,0
205,728326,531,0.453125,0
206,729412,1086,0.46875,0
207,730617,1205,0.46875,0
208,731710,1093,0.46875,0
209,732915,1205,0.46875,0
210,734008,1093,0.46875,0
211,735213,1205,0.46875,0
212,736743,1530,0.46875,0
213,737851,1108,0.46875,0
214,739107,1256,0.46875,0
215,740141,1034,0.46875,0
216,741397,1256,0.46875,0
217,742431,1034,0.46875,0
218,743687,1256,0.46875,0
219,744721,1034,0.46875,0
220,745977,1256,0.46875,0
221,747087,1110,0.328125,0
222,747827,740,0.53125,0
223,753603,5776,0.265625,0
224,754549,946,0.359375,0
225,754976,427,0.171875,0
226,755763,787,0.34375,0
227,756544,781,0.3125,0
228,756993,449,0.1875,0
229,757739,746,0.296875,0
230,758247,508,0.203125,0
231,758696,449,0.203125,0
232,759500,804,0.34375,0
233,760137,637,0.265625,0
234,760840,703,0.28125,0
235,761777,937,0.34375,0
236,762081,304,0.109375,0
237,762418,337,0.171875,0
238,762999,581,0.265625,0
239,763843,844,0.171875,0
240,768555,4712,0.453125,0
241,769105,550,0.28125,0
242,770513,1408,0.46875,0
243,772082,1569,0.46875,0
244,773261,1179,0.46875,0
245,774429,1168,0.296875,0
246,775122,693,0.46875,0
247,776243,1121,0.46875,0
248,777370,1127,0.46875,0
249,778491,1121,0.46875,0
250,779618,1127,0.46875,0
251,780739,1121,0.46875,0
252,781866,1127,0.46875,0
253,783043,1177,0.296875,0
254,783745,702,0.46875,0
255,784910,1165,0.46875,0
256,786000,1090,0.46875,0
257,787165,1165,0.46875,0
258,788255,1090,0.46875,0
259,789420,1165,0.46875,0
260,790510,1090,0.46875,0
261,791709,1199,0.296875,0
262,792368,659,0.46875,0
263,793538,1170,0.46875,0
264,794623,1085,0.46875,0
265,795793,1170,0.46875,0
266,796878,1085,0.46875,0
267,798048,1170,0.46875,0
268,799133,1085,0.46875,0
269,800303,1170,0.46875,0
270,801388,1085,0.46875,0
271,802558,1170,0.46875,0
272,803643,1085,0.46875,0
273,804813,1170,0.46875,0
274,805898,1085,0.46875,0
275,807068,1170,0.46875,0
276,808153,1085,0.46875,0
277,809323,1170,0.46875,0
278,810408,1085,0.46875,0
279,811578,1170,0.46875,0
280,812663,1085,0.46875,0
281,813833,1170,0.46875,0
282,814918,1085,0.46875,0
283,816088,1170,0.46875,0
284,817173,1085,0.46875,0
285,818343,1170,0.46875,0
286,819428,1085,0.46875,0
287,820598,1170,0.46875,0
288,821683,1085,0.46875,0
289,822853,1170,0.46875,0
290,823938,1085,0.46875,0
291,825108,1170,0.46875,0
292,826193,1085,0.46875,0
293,827363,1170,0.46875,0
294,828448,1085,0.46875,0
295,829618,1170,0.46875,0
296,830703,1085,0.46875,0
297,831873,1170,0.46875,0
298,832958,1085,0.46875,0
299,834128,1170,0.46875,0
300,835213,1085,0.46875,0
301,836383,1170,0.46875,0
302,837468,1085,0.46875,0
303,838638,1170,0.46875,0
304,839723,1085,0.46875,0
305,840893,1170,0.46875,0
306,841978,1085,0.46875,0
307,843148,1170,0.46875,0
308,844233,1085,0.46875,0
309,845403,1170,0.46875,0
310,846488,1085,0.46875,0
311,847658,1170,0.46875,0
312,848743,1085,0.46875,0
313,849913,1170,0.46875,0
314,850998,1085,0.46875,0
315,852168,1170,0.46875,0
316,853253,1085,0.46875,0
317,854423,1170,0.46875,0
318,855508,1085,0.46875,0
319,856678,1170,0.46875,0
320,857763,1085,0.46875,0
321,858933,1170,0.46875,0
322,860018,1085,0.46875,0
323,861188,1170,0.46875,0
324,862273,1085,0.46875,0
325,863443,1170,0.46875,0
326,864528,1085,0.46875,0
327,865698,1170,0.46875,0
328,866783,1085,0.46875,0
329,867953,1170,0.46875,0
330,869038,1085,0.46875,0
331,870208,1170,0.46875,0
332,871293,1085,0.46875,0
333,872463,1170,0.46875,0
334,873548,1085,0.46875,0
335,874718,1170,0.46875,0
336,875803,1085,0.46875,0
337,876973,1170,0.46875,0
338,878058,1085,0.46875,0
339,879228,1170,0.46875,0
340,880313,1085,0.46875,0
341,882947,2634,0.421875,0
342,883740,793,0.453125,0
343,884653,913,1,0
344,885092,439,0.296875,0
345,926601,41509,1,0
346,927571,970,0.5625,0
347,928497,926,1,0
348,928933,436,0.3125,0
349,970557,41624,1,0
350,971512,955,0.328125,0
351,972568,1056,1,0
352,973004,436,0.3125,0
353,1014614,41610,1,0
354,1015581,967,0.671875,0
355,1018977,3396,0.28125,0
356,1021113,2136,0.265625,0
357,1022486,1373,0.25,0
358,1023527,1041,0.234375,0
359,1024974,1447,0.296875,0
360,1026842,1868,0.28125,0
361,1028947,2105,0.28125,0
362,1031175,2228,0.28125,0
363,1033042,1867,0.25,0
364,1034337,1295,0.265625,0
365,1036621,2284,0.25,0
366,1037655,1034,0.28125,0
367,1039895,2240,0.3125,0
368,1041972,2077,0.296875,0
369,1043816,1844,0.296875,0
370,1046456,2640,0.328125,0
371,1047804,1348,0.234375,0
372,1049881,2077,0.59375,0
373,1052745,2864,0.296875,0
374,1055207,2462,0.265625,0
375,1056580,1373,0.25,0
376,1057621,1041,0.234375,0
377,1059068,1447,0.296875,0
378,1060936,1868,0.28125,0
379,1063041,2105,0.28125,0
380,1065269,2228,0.28125,0
381,1067136,1867,0.25,0
382,1068431,1295,0.265625,0
383,1070715,2284,0.25,0
384,1071749,1034,0.28125,0
385,1073989,2240,0.3125,0
386,1076066,2077,0.296875,0
387,1077910,1844,0.296875,0
388,1080550,2640,0.328125,0
389,1081898,1348,0.234375,0
390,1088807,6909,0.609375,0
391,1089156,349,0.109375,0
392,1121702,32546,0.359375,0
393,1124475,2773,0.296875,0
394,1126937,2462,0.265625,0
395,1128310,1373,0.25,0
396,1129351,1041,0.234375,0
397,1130798,1447,0.296875,0
398,1132666,1868,0.28125,0
399,1134771,2105,0.28125,0
400,1136999,2228,0.28125,0
401,1138866,1867,0.25,0
402,1140161,1295,0.265625,0
403,1142445,2284,0.25,0
404,1143479,1034,0.28125,0
405,1145719,2240,0.3125,0
406,1147796,2077,0.296875,0
407,1149640,1844,0.296875,0
408,1152280,2640,0.328125,0
409,1153628,1348,0.234375,0
410,1160375,6747,0.40625,0
411,1161789,1414,0.484375,0
412,1164085,2296,0.28125,0
413,1166221,2136,0.265625,0
414,1167594,1373,0.25,0
415,1168635,1041,0.234375,0
416,1170082,1447,0.296875,0
417,1171950,1868,0.28125,0
418,1174055,2105,0.28125,0
419,1176283,2228,0.28125,0
420,1178150,1867,0.25,0
421,1179445,1295,0.265625,0
422,1181729,2284,0.25,0
423,1182763,1034,0.28125,0
424,1185003,2240,0.3125,0
425,1187080,2077,0.296875,0
426,1188924,1844,0.296875,0
427,1191564,2640,0.328125,0
428,1192912,1348,0.234375,0
429,1194989,2077,0.59375,0
430,1197853,2864,0.296875,0
431,1200315,2462,0.265625,0
432,1201688,1373,0.25,0
433,1202729,1041,0.234375,0
434,1204176,1447,0.296875,0
435,1206044,1868,0.28125,0
436,1208149,2105,0.28125,0
437,1210377,2228,0.28125,0
438,1212244,1867,0.25,0
439,1213539,1295,0.265625,0
440,1215823,2284,0.25,0
441,1216857,1034,0.28125,0
442,1219097,2240,0.3125,0
443,1221174,2077,0.296875,0
444,1223018,1844,0.296875,0
445,1225658,2640,0.328125,0
446,1227006,1348,0.234375,0
447,1233906,6900,0.609375,0
448,1235753,1847,0.34375,0
449,1236764,1011,1,0
450,1237200,436,0.3125,0
451,1278824,41624,1,0
452,1279839,1015,0.40625,0
453,1312438,32599,0.359375,0
454,1315211,2773,0.296875,0
455,1317673,2462,0.265625,0
456,1319046,1373,0.25,0
457,1320087,1041,0.234375,0
458,1321534,1447,0.296875,0
459,1323402,1868,0.28125,0
460,1325507,2105,0.28125,0
461,1327735,2228,0.28125,0
462,1329602,1867,0.25,0
463,1330897,1295,0.265625,0
464,1333181,2284,0.25,0
465,1334215,1034,0.28125,0
466,1336455,2240,0.3125,0
467,1338532,2077,0.296875,0
468,1340376,1844,0.296875,0
469,1343016,2640,0.328125,0
470,1344364,1348,0.234375,0
471,1351092,6728,0.40625,0
472,1353275,2183,0.359375,0
473,1354418,1143,0.21875,0
474,1355784,1366,0.296875,0
475,1356925,1141,0.21875,0
476,1359257,2332,0.328125,0
477,1360474,1217,0.203125,0
478,1361901,1427,0.28125,0
479,1363476,1575,0.25,0
480,1365207,1731,0.34375,0
481,1365875,668,0.0625,0
482,1371222,5347,0.328125,0
483,1371481,259,0.09375,0
484,1371761,280,0.109375,0
485,1371990,229,0.09375,0
486,1372441,451,0.1875,0
487,1372814,373,0.171875,0
488,1373529,715,0.328125,0
489,1374104,575,0.203125,0
490,1374361,257,0.09375,0
491,1374937,576,0.25,0
492,1375479,542,0.203125,0
493,1375858,379,0.171875,0
494,1376198,340,0.140625,0
495,1376524,326,0.15625,0
496,1377089,565,0.25,0
497,1377777,688,0.28125,0
498,1378039,262,0.109375,0
499,1378493,454,0.171875,0
500,1379146,653,0.3125,0
501,1379875,729,0.265625,0
502,1380331,456,0.1875,0
503,1380786,455,0.234375,0
504,1381314,528,0.21875,0
505,1386584,5270,0.265625,0
506,1387550,966,0.4375,0
507,1388673,1123,0.46875,0
508,1389822,1149,0.46875,0
509,1390965,1143,0.46875,0
510,1392114,1149,0.46875,0
511,1393257,1143,0.46875,0
512,1394406,1149,0.46875,0
513,1395549,1143,0.46875,0
514,1397047,1498,0.46875,0
515,1398243,1196,0.46875,0
516,1399451,1208,0.46875,0
517,1400549,1098,0.46875,0
518,1401757,1208,0.46875,0
519,1402855,1098,0.46875,0
520,1404063,1208,0.46875,0
521,1405161,1098,0.46875,0
522,1406369,1208,0.46875,0
523,1407480,1111,0.34375,0
524,1408405,925,0.46875,0
525,1409541,1136,0.46875,0
526,1410692,1151,0.46875,0
527,1411828,1136,0.46875,0
528,1412979,1151,0.46875,0
529,1414115,1136,0.46875,0
530,1415266,1151,0.46875,0
531,1416773,1507,0.46875,0
532,1417947,1174,0.46875,0
533,1419168,1221,0.46875,0
534,1420245,1077,0.46875,0
535,1421466,1221,0.46875,0
536,1422543,1077,0.46875,0
537,1423764,1221,0.46875,0
538,1424841,1077,0.46875,0
539,1426062,1221,0.46875,0
540,1427154,1092,0.328125,0
541,1428014,860,0.46875,0
542,1429149,1135,0.46875,0
543,1430326,1177,0.46875,0
544,1431461,1135,0.46875,0
545,1432638,1177,0.46875,0
546,1433773,1135,0.46875,0
547,1434950,1177,0.46875,0
548,1436478,1528,0.46875,0
549,1437637,1159,0.46875,0
550,1438880,1243,0.46875,0
551,1439950,1070,0.46875,0
552,1441193,1243,0.46875,0
553,1442263,1070,0.46875,0
554,1443506,1243,0.46875,0
555,1444576,1070,0.46875,0
556,1445819,1243,0.46875,0
557,1446801,982,0.46875,0
558,1448099,1298,0.46875,0
559,1449220,1121,0.46875,0
560,1450406,1186,0.46875,0
561,1451527,1121,0.46875,0
562,1452713,1186,0.46875,0
563,1453834,1121,0.46875,0
564,1455020,1186,0.46875,0
565,1456556,1536,0.46875,0
566,1457690,1134,0.234375,0
567,1458435,745,0.46875,0
568,1459535,1100,0.46875,0
569,1460747,1212,0.46875,0
570,1461847,1100,0.46875,0
571,1463059,1212,0.46875,0
572,1464159,1100,0.46875,0
573,1465371,1212,0.46875,0
574,1466908,1537,0.46875,0
575,1468016,1108,0.46875,0
576,1469286,1270,0.46875,0
577,1470321,1035,0.46875,0
578,1471591,1270,0.46875,0
579,1472626,1035,0.46875,0
580,1473896,1270,0.46875,0
581,1474931,1035,0.46875,0
582,1476201,1270,0.46875,0
583,1477557,1356,0.203125,0
584,1478088,531,0.453125,0
585,1479174,1086,0.46875,0
586,1480379,1205,0.46875,0
587,1481472,1093,0.46875,0
588,1482677,1205,0.46875,0
589,1483770,1093,0.46875,0
590,1484975,1205,0.46875,0
591,1486505,1530,0.46875,0
592,1487613,1108,0.46875,0
593,1488869,1256,0.46875,0
594,1489903,1034,0.46875,0
595,1491159,1256,0.46875,0
596,1492193,1034,0.46875,0
597,1493449,1256,0.46875,0
598,1494483,1034,0.46875,0
599,1495739,1256,0.46875,0
600,1496849,1110,0.328125,0
601,1497589,740,0.53125,0
602,1503365,5776,0.265625,0
603,1504311,946,0.359375,0
604,1504738,427,0.171875,0
605,1505525,787,0.34375,0
606,1506306,781,0.3125,0
607,1506755,449,0.1875,0
608,1507501,746,0.296875,0
609,1508009,508,0.203125,0
610,1508458,449,0.203125,0
611,1509262,804,0.34375,0
612,1509899,637,0.265625,0
613,1510602,703,0.28125,0
614,1511539,937,0.34375,0
615,1511843,304,0.109375,0
616,1512180,337,0.171875,0
617,1512761,581,0.265625,0
618,1513605,844,0.171875,0
619,1518303,4698,0.4375,0
620,1518850,547,0.28125,0
621,1520258,1408,0.46875,0
622,1521827,1569,0.46875,0
623,1523006,1179,0.46875,0
624,1524174,1168,0.296875,0
625,1524867,693,0.46875,0
626,1525988,1121,0.46875,0
627,1527115,1127,0.46875,0
628,1528236,1121,0.46875,0
629,1529363,1127,0.46875,0
630,1530484,1121,0.46875,0
631,1531611,1127,0.46875,0
632,1532788,1177,0.296875,0
633,1533490,702,0.46875,0
634,1534655,1165,0.46875,0
635,1535745,1090,0.46875,0
636,1536910,1165,0.46875,0
637,1538000,1090,0.46875,0
638,1539165,1165,0.46875,0
639,1540255,1090,0.46875,0
640,1541454,1199,0.296875,0
641,1542113,659,0.46875,0
642,1543283,1170,0.46875,0
643,1544368,1085,0.46875,0
644,1545538,1170,0.46875,0
645,1546623,1085,0.46875,0
646,1547793,1170,0.46875,0
647,1548878,1085,0.46875,0
648,1550048,1170,0.46875,0
649,1551133,1085,0.46875,0
650,1552303,1170,0.46875,0
651,1553388,1085,0.46875,0
652,1554558,1170,0.46875,0
653,1555643,1085,0.46875,0
654,1556813,1170,0.46875,0
655,1557898,1085,0.46875,0
656,1559068,1170,0.46875,0
657,1560153,1085,0.46875,0
658,1561323,1170,0.46875,0
659,1562408,1085,0.46875,0
660,1563578,1170,0.46875,0
661,1564663,1085,0.46875,0
662,1565833,1170,0.46875,0
663,1566918,1085,0.46875,0
664,1568088,1170,0.46875,0
665,1569173,1085,0.46875,0
666,1570343,1170,0.46875,0
667,1571428,1085,0.46875,0
668,1572598,1170,0.46875,0
669,1573683,1085,0.46875,0
670,1574853,1170,0.46875,0
671,1575938,1085,0.46875,0
672,1577108,1170,0.46875,0
673,1578193,1085,0.46875,0
674,1579363,1170,0.46875,0
675,1580448,1085,0.46875,0
676,1581618,1170,0.46875,0
677,1582703,1085,0.46875,0
678,1583873,1170,0.46875,0
679,1584958,1085,0.46875,0
680,1586128,1170,0.46875,0
681,1587213,1085,0.46875,0
682,1588383,1170,0.46875,0
683,1589468,1085,0.46875,0
684,1590638,1170,0.46875,0
685,1591723,1085,0.46875,0
686,1592893,1170,0.46875,0
687,1593978,1085,0.46875,0
688,1595148,1170,0.46875,0
689,1596233,1085,0.46875,0
690,1597403,1170,0.46875,0
691,1598488,1085,0.46875,0
692,1599658,1170,0.46875,0
693,1600743,1085,0.46875,0
694,1601913,1170,0.46875,0
695,1602998,1085,0.46875,0
696,1604168,1170,0.46875,0
697,1605253,1085,0.46875,0
698,1606423,1170,0.46875,0
699,1607508,1085,0.46875,0
700,1608678,1170,0.46875,0
701,1609763,1085,0.46875,0
702,1610933,1170,0.46875,0
703,1612018,1085,0.46875,0
704,1613188,1170,0.46875,0
705,1614273,1085,0.46875,0
706,1615443,1170,0.46875,0
707,1616528,1085,0.46875,0
708,1617698,1170,0.46875,0
709,1618783,1085,0.46875,0
710,1619953,1170,0.46875,0
711,1621038,1085,0.46875,0
712,1622208,1170,0.46875,0
713,1623293,1085,0.46875,0
714,1624463,1170,0.46875,0
715,1625548,1085,0.46875,0
716,1626718,1170,0.46875,0
717,1627803,1085,0.46875,0
718,1628973,1170,0.46875,0
719,1630058,1085,0.46875,0
720,1632702,2644,0.421875,0
721,1633496,794,0.453125,0
722,1634409,913,1,0
723,1634848,439,0.296875,0
724,1676357,41509,1,0
725,1677323,966,0.5625,0
726,1678249,926,1,0
727,1678685,436,0.3125,0
728,1720309,41624,1,0
729,1721267,958,0.328125,0
730,1722323,1056,1,0
731,1722759,436,0.3125,0
732,1764369,41610,1,0
733,1765335,966,0.671875,0
734,1768731,3396,0.28125,0
735,1770867,2136,0.265625,0
736,1772240,1373,0.25,0
737,1773281,1041,0.234375,0
738,1774728,1447,0.296875,0
739,1776596,1868,0.28125,0
740,1778701,2105,0.28125,0
741,1780929,2228,0.28125,0
742,1782796,1867,0.25,0
743,1784091,1295,0.265625,0
744,1786375,2284,0.25,0
745,1787409,1034,0.28125,0
746,1789649,2240,0.3125,0
747,1791726,2077,0.296875,0
748,1793570,1844,0.296875,0
749,1796210,2640,0.328125,0
750,1797558,1348,0.234375,0
751,1799635,2077,0.59375,0
752,1802499,2864,0.296875,0
753,1804961,2462,0.265625,0
754,1806334,1373,0.25,0
755,1807375,1041,0.234375,0
756,1808822,1447,0.296875,0
757,1810690,1868,0.28125,0
758,1812795,2105,0.28125,0
759,1815023,2228,0.28125,0
760,1816890,1867,0.25,0
761,1818185,1295,0.265625,0
762,1820469,2284,0.25,0
763,1821503,1034,0.28125,0
764,1823743,2240,0.3125,0
765,1825820,2077,0.296875,0
766,1827664,1844,0.296875,0
767,1830304,2640,0.328125,0
768,1831652,1348,0.234375,0
769,1838559,6907,0.609375,0
770,1840081,1522,0.5,0
771,1842384,2303,0.28125,0
772,1844520,2136,0.265625,0
773,1845893,1373,0.25,0
774,1846934,1041,0.234375,0
775,1848381,1447,0.296875,0
776,1850249,1868,0.28125,0
777,1852354,2105,0.28125,0
778,1854582,2228,0.28125,0
779,1856449,1867,0.25,0
780,1857744,1295,0.265625,0
781,1860028,2284,0.25,0
782,1861062,1034,0.28125,0
783,1863302,2240,0.3125,0
784,1865379,2077,0.296875,0
785,1867223,1844,0.296875,0
786,1869863,2640,0.328125,0
787,1871211,1348,0.234375,0
788,1873176,1965,0.34375,0
789,1875942,2766,0.296875,0
790,1878404,2462,0.265625,0
791,1879777,1373,0.25,0
792,1880818,1041,0.234375,0
793,1882265,1447,0.296875,0
794,1884133,1868,0.28125,0
795,1886238,2105,0.28125,0
796,1888466,2228,0.28125,0
797,1890333,1867,0.25,0
798,1891628,1295,0.265625,0
799,1893912,2284,0.25,0
800,1894946,1034,0.28125,0
801,1897186,2240,0.3125,0
802,1899263,2077,0.296875,0
803,1901107,1844,0.296875,0
804,1903747,2640,0.328125,0
805,1905095,1348,0.234375,0
806,1911818,6723,0.40625,0
807,1913232,1414,0.484375,0
808,1915528,2296,0.28125,0
809,1917664,2136,0.265625,0
810,1919037,1373,0.25,0
811,1920078,1041,0.234375,0
812,1921525,1447,0.296875,0
813,1923393,1868,0.28125,0
814,1925498,2105,0.28125,0
815,1927726,2228,0.28125,0
816,1929593,1867,0.25,0
817,1930888,1295,0.265625,0
818,1933172,2284,0.25,0
819,1934206,1034,0.28125,0
820,1936446,2240,0.3125,0
821,1938523,2077,0.296875,0
822,1940367,1844,0.296875,0
823,1943007,2640,0.328125,0
824,1944355,1348,0.234375,0
825,1946432,2077,0.59375,0
826,1949296,2864,0.296875,0
827,1951758,2462,0.265625,0
828,1953131,1373,0.25,0
829,1954172,1041,0.234375,0
830,1955619,1447,0.296875,0
831,1957487,1868,0.28125,0
832,1959592,2105,0.28125,0
833,1961820,2228,0.28125,0
834,1963687,1867,0.25,0
835,1964982,1295,0.265625,0
836,1967266,2284,0.25,0
837,1968300,1034,0.28125,0
838,1970540,2240,0.3125,0
839,1972617,2077,0.296875,0
840,1974461,1844,0.296875,0
841,1977101,2640,0.328125,0
842,1978449,1348,0.234375,0
843,1985372,6923,0.609375,0
844,1987225,1853,0.34375,0
845,1988236,1011,1,0
846,1988672,436,0.3125,0
847,2030296,41624,1,0
848,2031312,1016,0.40625,0
849,2063911,32599,0.359375,0
850,2066684,2773,0.296875,0
851,2069146,2462,0.265625,0
852,2070519,1373,0.25,0
853,2071560,1041,0.234375,0
854,2073007,1447,0.296875,0
855,2074875,1868,0.28125,0
856,2076980,2105,0.28125,0
857,2079208,2228,0.28125,0
858,2081075,1867,0.25,0
859,2082370,1295,0.265625,0
860,2084654,2284,0.25,0
861,2085688,1034,0.28125,0
862,2087928,2240,0.3125,0
863,2090005,2077,0.296875,0
864,2091849,1844,0.296875,0
865,2094489,2640,0.328125,0
866,2095837,1348,0.234375,0
867,2102558,6721,0.40625,0
868,2104791,2233,0.390625,0
869,2105975,1184,0.21875,0
870,2107504,1529,0.328125,0
871,2108372,868,0.1875,0
872,2110351,1979,0.3125,0
873,2112382,2031,0.328125,0
874,2113383,1001,0.1875,0
875,2115045,1662,0.265625,0
876,2116561,1516,0.375,0
877,2117180,619,0.03125,0
878,2122573,5393,0.34375,0
879,2123228,655,0.28125,0
880,2123512,284,0.09375,0
881,2124078,566,0.265625,0
882,2124882,804,0.328125,0
883,2125409,527,0.234375,0
884,2125606,197,0.046875,0
885,2126184,578,0.28125,0
886,2126768,584,0.21875,0
887,2127086,318,0.125,0
888,2127490,404,0.171875,0
889,2128335,845,0.359375,0
890,2128796,461,0.171875,0
891,2129427,631,0.25,0
892,2129911,484,0.21875,0
893,2130476,565,0.234375,0
894,2131150,674,0.265625,0
895,2131606,456,0.1875,0
896,2132002,396,0.203125,0
897,2132442,440,0.203125,0
898,2135726,3284,0.109375,0
899,2137880,2154,0.21875,0
900,2138825,945,0.4375,0
901,2139948,1123,0.46875,0
902,2141097,1149,0.46875,0
903,2142240,1143,0.46875,0
904,2143389,1149,0.46875,0
905,2144532,1143,0.46875,0
906,2145681,1149,0.46875,0
907,2146824,1143,0.46875,0
908,2148322,1498,0.46875,0
909,2149518,1196,0.46875,0
910,2150726,1208,0.46875,0
911,2151824,1098,0.46875,0
912,2153032,1208,0.46875,0
913,2154130,1098,0.46875,0
914,2155338,1208,0.46875,0
915,2156436,1098,0.46875,0
916,2157644,1208,0.46875,0
917,2158755,1111,0.34375,0
918,2159680,925,0.46875,0
919,2160816,1136,0.46875,0
920,2161967,1151,0.46875,0
921,2163103,1136,0.46875,0
922,2164254,1151,0.46875,0
923,2165390,1136,0.46875,0
924,2166541,1151,0.46875,0
925,2168048,1507,0.46875,0
926,2169222,1174,0.46875,0
927,2170443,1221,0.46875,0
928,2171520,1077,0.46875,0
929,2172741,1221,0.46875,0
930,2173818,1077,0.46875,0
931,2175039,1221,0.46875,0
932,2176116,1077,0.46875,0
933,2177337,1221,0.46875,0
934,2178429,1092,0.328125,0
935,2179289,860,0.46875,0
936,2180424,1135,0.46875,0
937,2181601,1177,0.46875,0
938,2182736,1135,0.46875,0
939,2183913,1177,0.46875,0
940,2185048,1135,0.46875,0
941,2186225,1177,0.46875,0
942,2187753,1528,0.46875,0
943,2188912,1159,0.46875,0
944,2190155,1243,0.46875,0
945,2191225,1070,0.46875,0
946,2192468,1243,0.46875,0
947,2193538,1070,0.46875,0
948,2194781,1243,0.46875,0
949,2195851,1070,0.46875,0
950,2197094,1243,0.46875,0
951,2198076,982,0.46875,0
952,2199374,1298,0.46875,0
953,2200495,1121,0.46875,0
954,2201681,1186,0.46875,0
955,2202802,1121,0.46875,0
956,2203988,1186,0.46875,0
957,2205109,1121,0.46875,0
958,2206295,1186,0.46875,0
959,2207831,1536,0.46875,0
960,2208965,1134,0.234375,0
961,2209710,745,0.46875,0
962,2210810,1100,0.46875,0
963,2212022,1212,0.46875,0
964,2213122,1100,0.46875,0
965,2214334,1212,0.46875,0
966,2215434,1100,0.46875,0
967,2216646,1212,0.46875,0
968,2218183,1537,0.46875,0
969,2219291,1108,0.46875,0
970,2220561,1270,0.46875,0
971,2221596,1035,0.46875,0
972,2222866,1270,0.46875,0
973,2223901,1035,0.46875,0
974,2225171,1270,0.46875,0
975,2226206,1035,0.46875,0
976,2227476,1270,0.46875,0
977,2228832,1356,0.203125,0
978,2229363,531,0.453125,0
979,2230449,1086,0.46875,0
980,2231654,1205,0.46875,0
981,2232747,1093,0.46875,0
982,2233952,1205,0.46875,0
983,2235045,1093,0.46875,0
984,2236250,1205,0.46875,0
985,2237780,1530,0.46875,0
986,2238888,1108,0.46875,0
987,2240144,1256,0.46875,0
988,2241178,1034,0.46875,0
989,2242434,1256,0.46875,0
990,2243468,1034,0.46875,0
991,2244724,1256,0.46875,0
992,2245758,1034,0.46875,0
993,2247014,1256,0.46875,0
994,2248124,1110,0.328125,0
995,2248864,740,0.53125,0
996,2254640,5776,0.265625,0
997,2255586,946,0.359375,0
998,2256013,427,0.171875,0
999,2256800,787,0.34375,0
1000,2257581,781,0.3125,0
1001,2258030,449,0.1875,0
1002,2258776,746,0.296875,0
1003,2259284,508,0.203125,0
1004,2259733,449,0.203125,0
1005,2260537,804,0.34375,0
1006,2261174,637,0.265625,0
1007,2261877,703,0.28125,0
1008,2262814,937,0.34375,0
1009,2263118,304,0.109375,0
1010,2263455,337,0.171875,0
1011,2264036,581,0.265625,0
1012,2264880,844,0.171875,0
1013,2269580,4700,0.4375,0
1014,2270127,547,0.28125,0
1015,2271535,1408,0.46875,0
1016,2273104,1569,0.46875,0
1017,2274283,1179,0.46875,0
1018,2275451,1168,0.296875,0
1019,2276144,693,0.46875,0
1020,2277265,1121,0.46875,0
1021,2278392,1127,0.46875,0
1022,2279513,1121,0.46875,0
1023,2280640,1127,0.46875,0
1024,2281761,1121,0.46875,0
1025,2282888,1127,0.46875,0
1026,2284065,1177,0.296875,0
1027,2284767,702,0.46875,0
1028,2285932,1165,0.46875,0
1029,2287022,1090,0.46875,0
1030,2288187,1165,0.46875,0
1031,2289277,1090,0.46875,0
1032,2290442,1165,0.46875,0
1033,2291532,1090,0.46875,0
1034,2292731,1199,0.296875,0
1035,2293390,659,0.46875,0
1036,2294560,1170,0.46875,0
1037,2295645,1085,0.46875,0
1038,2296815,1170,0.46875,0
1039,2297900,1085,0.46875,0
1040,2299070,1170,0.46875,0
1041,2300155,1085,0.46875,0
1042,2301325,1170,0.46875,0
1043,2302410,1085,0.46875,0
1044,2303580,1170,0.46875,0
1045,2304665,1085,0.46875,0
1046,2305835,1170,0.46875,0
1047,2306920,1085,0.46875,0
1048,2308090,1170,0.46875,0
1049,2309175,1085,0.46875,0
1050,2310345,1170,0.46875,0
1051,2311430,1085,0.46875,0
1052,2312600,1170,0.46875,0
1053,2313685,1085,0.46875,0
1054,2314855,1170,0.46875,0
1055,2315940,1085,0.46875,0
1056,2317110,1170,0.46875,0
1057,2318195,1085,0.46875,0
1058,2319365,1170,0.46875,0
1059,2320450,1085,0.46875,0
1060,2321620,1170,0.46875,0
1061,2322705,1085,0.46875,0
1062,2323875,1170,0.46875,0
1063,2324960,1085,0.46875,0
1064,2326130,1170,0.46875,0
1065,2327215,1085,0.46875,0
1066,2328385,1170,0.46875,0
1067,2329470,1085,0.46875,0
1068,2330640,1170,0.46875,0
1069,2331725,1085,0.46875,0
1070,2332895,1170,0.46875,0
1071,2333980,1085,0.46875,0
1072,2335150,1170,0.46875,0
1073,2336235,1085,0.46875,0
1074,2337405,1170,0.46875,0
1075,2338490,1085,0.46875,0
1076,2339660,1170,0.46875,0
1077,2340745,1085,0.46875,0
1078,2341915,1170,0.46875,0
1079,2343000,1085,0.46875,0
1080,2344170,1170,0.46875,0
1081,2345255,1085,0.46875,0
1082,2346425,1170,0.46875,0
1083,2347510,1085,0.46875,0
1084,2348680,1170,0.46875,0
1085,2349765,1085,0.46875,0
1086,2350935,1170,0.46875,0
1087,2352020,1085,0.46875,0
1088,2353190,1170,0.46875,0
1089,2354275,1085,0.46875,0
1090,2355445,1170,0.46875,0
1091,2356530,1085,0.46875,0
1092,2357700,1170,0.46875,0
1093,2358785,1085,0.46875,0
1094,2359955,1170,0.46875,0
1095,2361040,1085,0.46875,0
1096,2362210,1170,0.46875,0
1097,2363295,1085,0.46875,0
1098,2364465,1170,0.46875,0
1099,2365550,1085,0.46875,0
1100,2366720,1170,0.46875,0
1101,2367805,1085,0.46875,0
1102,2368975,1170,0.46875,0
1103,2370060,1085,0.46875,0
1104,2371230,1170,0.46875,0
1105,2372315,1085,0.46875,0
1106,2373485,1170,0.46875,0
1107,2374570,1085,0.46875,0
1108,2375740,1170,0.46875,0
1109,2376825,1085,0.46875,0
1110,2377995,1170,0.46875,0
1111,2379080,1085,0.46875,0
1112,2380250,1170,0.46875,0
1113,2381335,1085,0.46875,0
1114,2383975,2640,0.421875,0
1115,2384765,790,0.453125,0
1116,2385678,913,1,0
1117,2386117,439,0.296875,0
1118,2427626,41509,1,0
1119,2428601,975,0.5625,0
1120,2429527,926,1,0
1121,2429963,436,0.3125,0
1122,2471587,41624,1,0
1123,2472541,954,0.328125,0
1124,2473597,1056,1,0
1125,2474033,436,0.3125,0
1126,2515643,41610,1,0
1127,2516613,970,0.671875,0
1128,2520009,3396,0.28125,0
1129,2522145,2136,0.265625,0
1130,2523518,1373,0.25,0
1131,2524559,1041,0.234375,0
1132,2526006,1447,0.296875,0
1133,2527874,1868,0.28125,0
1134,2529979,2105,0.28125,0
1135,2532207,2228,0.28125,0
1136,2534074,1867,0.25,0
1137,2535369,1295,0.265625,0
1138,2537653,2284,0.25,0
1139,2538687,1034,0.28125,0
1140,2540927,2240,0.3125,0
1141,2543004,2077,0.296875,0
1142,2544848,1844,0.296875,0
1143,2547488,2640,0.328125,0
1144,2548836,1348,0.234375,0
1145,2550913,2077,0.59375,0
1146,2553777,2864,0.296875,0
1147,2556239,2462,0.265625,0
1148,2557612,1373,0.25,0
1149,2558653,1041,0.234375,0
1150,2560100,1447,0.296875,0
1151,2561968,1868,0.28125,0
1152,2564073,2105,0.28125,0
1153,2566301,2228,0.28125,0
1154,2568168,1867,0.25,0
1155,2569463,1295,0.265625,0
1156,2571747,2284,0.25,0
1157,2572781,1034,0.28125,0
1158,2575021,2240,0.3125,0
1159,2577098,2077,0.296875,0
1160,2578942,1844,0.296875,0
1161,2581582,2640,0.328125,0
1162,2582930,1348,0.234375,0
1163,2589844,6914,0.609375,0
1164,2590193,349,0.109375,0
1165,2622739,32546,0.359375,0
1166,2625512,2773,0.296875,0
1167,2627974,2462,0.265625,0
1168,2629347,1373,0.25,0
1169,2630388,1041,0.234375,0
1170,2631835,1447,0.296875,0
1171,2633703,1868,0.28125,0
1172,2635808,2105,0.28125,0
1173,2638036,2228,0.28125,0
1174,2639903,1867,0.25,0
1175,2641198,1295,0.265625,0
1176,2643482,2284,0.25,0
1177,2644516,1034,0.28125,0
1178,2646756,2240,0.3125,0
1179,2648833,2077,0.296875,0
1180,2650677,1844,0.296875,0
1181,2653317,2640,0.328125,0
1182,2654665,1348,0.234375,0
1183,2661409,6744,0.40625,0
1184,2662823,1414,0.484375,0
1185,2665119,2296,0.28125,0
1186,2667255,2136,0.265625,0
1187,2668628,1373,0.25,0
1188,2669669,1041,0.234375,0
1189,2671116,1447,0.296875,0
1190,2672984,1868,0.28125,0
1191,2675089,2105,0.28125,0
1192,2677317,2228,0.28125,0
1193,2679184,1867,0.25,0
1194,2680479,1295,0.265625,0
1195,2682763,2284,0.25,0
1196,2683797,1034,0.28125,0
1197,2686037,2240,0.3125,0
1198,2688114,2077,0.296875,0
1199,2689958,1844,0.296875,0
1200,2692598,2640,0.328125,0
1201,2693946,1348,0.234375,0
1202,2696023,2077,0.59375,0
1203,2698887,2864,0.296875,0
1204,2701349,2462,0.265625,0
1205,2702722,1373,0.25,0
1206,2703763,1041,0.234375,0
1207,2705210,1447,0.296875,0
1208,2707078,1868,0.28125,0
1209,2709183,2105,0.28125,0
1210,2711411,2228,0.28125,0
1211,2713278,1867,0.25,0
1212,2714573,1295,0.265625,0
1213,2716857,2284,0.25,0
1214,2717891,1034,0.28125,0
1215,2720131,2240,0.3125,0
1216,2722208,2077,0.296875,0
1217,2724052,1844,0.296875,0
1218,2726692,2640,0.328125,0
1219,2728040,1348,0.234375,0
1220,2734940,6900,0.609375,0
1221,2736790,1850,0.34375,0
1222,2737801,1011,1,0
1223,2738237,436,0.3125,0
1224,2779861,41624,1,0
1225,2780882,1021,0.40625,0
1226,2813481,32599,0.359375,0
1227,2816254,2773,0.296875,0
1228,2818716,2462,0.265625,0
1229,2820089,1373,0.25,0
1230,2821130,1041,0.234375,0
1231,2822577,1447,0.296875,0
1232,2824445,1868,0.28125,0
1233,2826550,2105,0.28125,0
1234,2828778,2228,0.28125,0
1235,2830645,1867,0.25,0
1236,2831940,1295,0.265625,0
1237,2834224,2284,0.25,0
1238,2835258,1034,0.28125,0
1239,2837498,2240,0.3125,0
1240,2839575,2077,0.296875,0
1241,2841419,1844,0.296875,0
1242,2844059,2640,0.328125,0
1243,2845407,1348,0.234375,0
1244,2852134,6727,0.40625,0
1245,2854211,2077,0.34375,0
1246,2855261,1050,0.203125,0
1247,2856802,1541,0.34375,0
1248,2857964,1162,0.21875,0
1249,2859343,1379,0.28125,0
1250,2861105,1762,0.296875,0
1251,2862764,1659,0.28125,0
1252,2864347,1583,0.234375,0
1253,2866055,1708,0.390625,0
1254,2866716,661,0.0625,0
1255,2872013,5297,0.296875,0
1256,2872545,532,0.21875,0
1257,2872875,330,0.125,0
1258,2873310,435,0.1875,0
1259,2873801,491,0.203125,0
1260,2874678,877,0.390625,0
1261,2875122,444,0.171875,0
1262,2875679,557,0.234375,0
1263,2876438,759,0.328125,0
1264,2876911,473,0.1875,0
1265,2877492,581,0.28125,0
1266,2878154,662,0.21875,0
1267,2878512,358,0.171875,0
1268,2878770,258,0.125,0
1269,2879263,493,0.203125,0
1270,2879915,652,0.28125,0
1271,2880610,695,0.265625,0
1272,2881073,463,0.1875,0
1273,2881528,455,0.234375,0
1274,2882056,528,0.21875,0
1275,2887326,5270,0.265625,0
1276,2888292,966,0.4375,0
1277,2889415,1123,0.46875,0
1278,2890564,1149,0.46875,0
1279,2891707,1143,0.46875,0
1280,2892856,1149,0.46875,0
1281,2893999,1143,0.46875,0
1282,2895148,1149,0.46875,0
1283,2896291,1143,0.46875,0
1284,2897789,1498,0.46875,0
1285,2898985,1196,0.46875,0
1286,2900193,1208,0.46875,0
1287,2901291,1098,0.46875,0
1288,2902499,1208,0.46875,0
1289,2903597,1098,0.46875,0
1290,2904805,1208,0.46875,0
1291,2905903,1098,0.46875,0
1292,2907111,1208,0.46875,0
1293,2908222,1111,0.34375,0
1294,2909147,925,0.46875,0
1295,2910283,1136,0.46875,0
1296,2911434,1151,0.46875,0
1297,2912570,1136,0.46875,0
1298,2913721,1151,0.46875,0
1299,2914857,1136,0.46875,0
1300,2916008,1151,0.46875,0
1301,2917515,1507,0.46875,0
1302,2918689,1174,0.46875,0
1303,2919910,1221,0.46875,0
1304,2920987,1077,0.46875,0
1305,2922208,1221,0.46875,0
1306,2923285,1077,0.46875,0
1307,2924506,1221,0.46875,0
1308,2925583,1077,0.46875,0
1309,2926804,1221,0.46875,0
1310,2927896,1092,0.328125,0
1311,2928756,860,0.46875,0
1312,2929891,1135,0.46875,0
1313,2931068,1177,0.46875,0
1314,2932203,1135,0.46875,0
1315,2933380,1177,0.46875,0
1316,2934515,1135,0.46875,0
1317,2935692,1177,0.46875,0
1318,2937220,1528,0.46875,0
1319,2938379,1159,0.46875,0
1320,2939622,1243,0.46875,0
1321,2940692,1070,0.46875,0
1322,2941935,1243,0.46875,0
1323,2943005,1070,0.46875,0
1324,2944248,1243,0.46875,0
1325,2945318,1070,0.46875,0
1326,2946561,1243,0.46875,0
1327,2947543,982,0.46875,0
1328,2948841,1298,0.46875,0
1329,2949962,1121,0.46875,0
1330,2951148,1186,0.46875,0
1331,2952269,1121,0.46875,0
1332,2953455,1186,0.46875,0
1333,2954576,1121,0.46875,0
1334,2955762,1186,0.46875,0
1335,2957298,1536,0.46875,0
1336,2958432,1134,0.234375,0
1337,2959177,745,0.46875,0
1338,2960277,1100,0.46875,0
1339,2961489,1212,0.46875,0
1340,2962589,1100,0.46875,0
1341,2963801,1212,0.46875,0
1342,2964901,1100,0.46875,0
1343,2966113,1212,0.46875,0
1344,2967650,1537,0.46875,0
1345,2968758,1108,0.46875,0
1346,2970028,1270,0.46875,0
1347,2971063,1035,0.46875,0
1348,2972333,1270,0.46875,0
1349,2973368,1035,0.46875,0
1350,2974638,1270,0.46875,0
1351,2975673,1035,0.46875,0
1352,2976943,1270,0.46875,0
1353,2978299,1356,0.203125,0
1354,2978830,531,0.453125,0
1355,2979916,1086,0.46875,0
1356,2981121,1205,0.46875,0
1357,2982214,1093,0.46875,0
1358,2983419,1205,0.46875,0
1359,2984512,1093,0.46875,0
1360,2985717,1205,0.46875,0
1361,2987247,1530,0.46875,0
1362,2988355,1108,0.46875,0
1363,2989611,1256,0.46875,0
1364,2990645,1034,0.46875,0
1365,2991901,1256,0.46875,0
1366,2992935,1034,0.46875,0
1367,2994191,1256,0.46875,0
1368,2995225,1034,0.46875,0
1369,2996481,1256,0.46875,0
1370,2997591,1110,0.328125,0
1371,2998331,740,0.53125,0
1372,3004107,5776,0.265625,0
1373,3005053,946,0.359375,0
1374,3005480,427,0.171875,0
1375,3006267,787,0.34375,0
1376,3007048,781,0.3125,0
1377,3007497,449,0.1875,0
1378,3008243,746,0.296875,0
1379,3008751,508,0.203125,0
1380,3009200,449,0.203125,0
1381,3010004,804,0.34375,0
1382,3010641,637,0.265625,0
1383,3011344,703,0.28125,0
1384,3012281,937,0.34375,0
1385,3012585,304,0.109375,0
1386,3012922,337,0.171875,0
1387,3013503,581,0.265625,0
1388,3014347,844,0.171875,0
1389,3019049,4702,0.4375,0
1390,3019596,547,0.28125,0
1391,3021004,1408,0.46875,0
1392,3022573,1569,0.46875,0
1393,3023752,1179,0.46875,0
1394,3024920,1168,0.296875,0
1395,3025613,693,0.46875,0
1396,3026734,1121,0.46875,0
1397,3027861,1127,0.46875,0
1398,3028982,1121,0.46875,0
1399,3030109,1127,0.46875,0
1400,3031230,1121,0.46875,0
1401,3032357,1127,0.46875,0
1402,3033534,1177,0.296875,0
1403,3034236,702,0.46875,0
1404,3035401,1165,0.46875,0
1405,3036491,1090,0.46875,0
1406,3037656,1165,0.46875,0
1407,3038746,1090,0.46875,0
1408,3039911,1165,0.46875,0
1409,3041001,1090,0.46875,0
1410,3042200,1199,0.296875,0
1411,3042859,659,0.46875,0
1412,3044029,1170,0.46875,0
1413,3045114,1085,0.46875,0
1414,3046284,1170,0.46875,0
1415,3047369,1085,0.46875,0
1416,3048539,1170,0.46875,0
1417,3049624,1085,0.46875,0
1418,3050794,1170,0.46875,0
1419,3051879,1085,0.46875,0
1420,3053049,1170,0.46875,0
1421,3054134,1085,0.46875,0
1422,3055304,1170,0.46875,0
1423,3056389,1085,0.46875,0
1424,3057559,1170,0.46875,0
1425,3058644,1085,0.46875,0
1426,3059814,1170,0.46875,0
1427,3060899,1085,0.46875,0
1428,3062069,1170,0.46875,0
1429,3063154,1085,0.46875,0
1430,3064324,1170,0.46875,0
1431,3065409,1085,0.46875,0
1432,3066579,1170,0.46875,0
1433,3067664,1085,0.46875,0
1434,3068834,1170,0.46875,0
1435,3069919,1085,0.46875,0
1436,3071089,1170,0.46875,0
1437,3072174,1085,0.46875,0
1438,3073344,1170,0.46875,0
1439,3074429,1085,0.46875,0
1440,3075599,1170,0.46875,0
1441,3076684,1085,0.46875,0
1442,3077854,1170,0.46875,0
1443,3078939,1085,0.46875,0
1444,3080109,1170,0.46875,0
1445,3081194,1085,0.46875,0
1446,3082364,1170,0.46875,0
1447,3083449,1085,0.46875,0
1448,3084619,1170,0.46875,0
1449,3085704,1085,0.46875,0
1450,3086874,1170,0.46875,0
1451,3087959,1085,0.46875,0
1452,3089129,1170,0.46875,0
1453,3090214,1085,0.46875,0
1454,3091384,1170,0.46875,0
1455,3092469,1085,0.46875,0
1456,3093639,1170,0.46875,0
1457,3094724,1085,0.46875,0
1458,3095894,1170,0.46875,0
1459,3096979,1085,0.46875,0
1460,3098149,1170,0.46875,0
1461,3099234,1085,0.46875,0
1462,3100404,1170,0.46875,0
1463,3101489,1085,0.46875,0
1464,3102659,1170,0.46875,0
1465,3103744,1085,0.46875,0
1466,3104914,1170,0.46875,0
1467,3105999,1085,0.46875,0
1468,3107169,1170,0.46875,0
1469,3108254,1085,0.46875,0
1470,3109424,1170,0.46875,0
1471,3110509,1085,0.46875,0
1472,3111679,1170,0.46875,0
1473,3112764,1085,0.46875,0
1474,3113934,1170,0.46875,0
1475,3115019,1085,0.46875,0
1476,3116189,1170,0.46875,0
1477,3117274,1085,0.46875,0
1478,3118444,1170,0.46875,0
1479,3119529,1085,0.46875,0
1480,3120699,1170,0.46875,0
1481,3121784,1085,0.46875,0
1482,3122954,1170,0.46875,0
1483,3124039,1085,0.46875,0
1484,3125209,1170,0.46875,0
1485,3126294,1085,0.46875,0
1486,3127464,1170,0.46875,0
1487,3128549,1085,0.46875,0
1488,3129719,1170,0.46875,0
1489,3130804,1085,0.46875,0
1490,3133436,2632,0.421875,0
1491,3134229,793,0.453125,0
1492,3135142,913,1,0
1493,3135581,439,0.296875,0
1494,3177090,41509,1,0
1495,3178060,970,0.5625,0
1496,3178986,926,1,0
1497,3179422,436,0.3125,0
1498,3221046,41624,1,0
1499,3222005,959,0.328125,0
1500,3223061,1056,1,0
1501,3223497,436,0.3125,0
1502,3265107,41610,1,0
1503,3266068,961,0.671875,0
1504,3269464,3396,0.28125,0
1505,3271600,2136,0.265625,0
1506,3272973,1373,0.25,0
1507,3274014,1041,0.234375,0
1508,3275461,1447,0.296875,0
1509,3277329,1868,0.28125,0
1510,3279434,2105,0.28125,0
1511,3281662,2228,0.28125,0
1512,3283529,1867,0.25,0
1513,3284824,1295,0.265625,0
1514,3287108,2284,0.25,0
1515,3288142,1034,0.28125,0
1516,3290382,2240,0.3125,0
1517,3292459,2077,0.296875,0
1518,3294303,1844,0.296875,0
1519,3296943,2640,0.328125,0
1520,3298291,1348,0.234375,0
1521,3300368,2077,0.59375,0
1522,3303232,2864,0.296875,0
1523,3305694,2462,0.265625,0
1524,3307067,1373,0.25,0
1525,3308108,1041,0.234375,0
1526,3309555,1447,0.296875,0
1527,3311423,1868,0.28125,0
1528,3313528,2105,0.28125,0
1529,3315756,2228,0.28125,0
1530,3317623,1867,0.25,0
1531,3318918,1295,0.265625,0
1532,3321202,2284,0.25,0
1533,3322236,1034,0.28125,0
1534,3324476,2240,0.3125,0
1535,3326553,2077,0.296875,0
1536,3328397,1844,0.296875,0
1537,3331037,2640,0.328125,0
1538,3332385,1348,0.234375,0
1539,3339287,6902,0.609375,0
1540,3340809,1522,0.5,0
1541,3343112,2303,0.28125,0
1542,3345248,2136,0.265625,0
1543,3346621,1373,0.25,0
1544,3347662,1041,0.234375,0
1545,3349109,1447,0.296875,0
1546,3350977,1868,0.28125,0
1547,3353082,2105,0.28125,0
1548,3355310,2228,0.28125,0
1549,3357177,1867,0.25,0
1550,3358472,1295,0.265625,0
1551,3360756,2284,0.25,0
1552,3361790,1034,0.28125,0
1553,3364030,2240,0.3125,0
1554,3366107,2077,0.296875,0
1555,3367951,1844,0.296875,0
1556,3370591,2640,0.328125,0
1557,3371939,1348,0.234375,0
1558,3373904,1965,0.34375,0
1559,3376670,2766,0.296875,0
1560,3379132,2462,0.265625,0
1561,3380505,1373,0.25,0
1562,3381546,1041,0.234375,0
1563,3382993,1447,0.296875,0
1564,3384861,1868,0.28125,0
1565,3386966,2105,0.28125,0
1566,3389194,2228,0.28125,0
1567,3391061,1867,0.25,0
1568,3392356,1295,0.265625,0
1569,3394640,2284,0.25,0
1570,3395674,1034,0.28125,0
1571,3397914,2240,0.3125,0
1572,3399991,2077,0.296875,0
1573,3401835,1844,0.296875,0
1574,3404475,2640,0.328125,0
1575,3405823,1348,0.234375,0
1576,3412539,6716,0.40625,0
1577,3413953,1414,0.484375,0
1578,3416249,2296,0.28125,0
1579,3418385,2136,0.265625,0
1580,3419758,1373,0.25,0
1581,3420799,1041,0.234375,0
1582,3422246,1447,0.296875,0
1583,3424114,1868,0.28125,0
1584,3426219,2105,0.28125,0
1585,3428447,2228,0.28125,0
1586,3430314,1867,0.25,0
1587,3431609,1295,0.265625,0
1588,3433893,2284,0.25,0
1589,3434927,1034,0.28125,0
1590,3437167,2240,0.3125,0
1591,3439244,2077,0.296875,0
1592,3441088,1844,0.296875,0
1593,3443728,2640,0.328125,0
1594,3445076,1348,0.234375,0
1595,3447153,2077,0.59375,0
1596,3450017,2864,0.296875,0
1597,3452479,2462,0.265625,0
1598,3453852,1373,0.25,0
1599,3454893,1041,0.234375,0
1600,3456340,1447,0.296875,0
1601,3458208,1868,0.28125,0
1602,3460313,2105,0.28125,0
1603,3462541,2228,0.28125,0
1604,3464408,1867,0.25,0
1605,3465703,1295,0.265625,0
1606,3467987,2284,0.25,0
1607,3469021,1034,0.28125,0
1608,3471261,2240,0.3125,0
1609,3473338,2077,0.296875,0
1610,3475182,1844,0.296875,0
1611,3477822,2640,0.328125,0
1612,3479170,1348,0.234375,0
1613,3486111,6941,0.609375,0
1614,3487954,1843,0.34375,0
1615,3488965,1011,1,0
1616,3489401,436,0.3125,0
1617,3531025,41624,1,0
1618,3532038,1013,0.40625,0
1619,3564637,32599,0.359375,0
1620,3567410,2773,0.296875,0
1621,3569872,2462,0.265625,0
1622,3571245,1373,0.25,0
1623,3572286,1041,0.234375,0
1624,3573733,1447,0.296875,0
1625,3575601,1868,0.28125,0
1626,3577706,2105,0.28125,0
1627,3579934,2228,0.28125,0
1628,3581801,1867,0.25,0
1629,3583096,1295,0.265625,0
1630,3585380,2284,0.25,0
1631,3586414,1034,0.28125,0
1632,3588654,2240,0.3125,0
1633,3590731,2077,0.296875,0
1634,3592575,1844,0.296875,0
1635,3595215,2640,0.328125,0
1636,3596563,1348,0.234375,0
1637,3603311,6748,0.40625,0
1638,3605628,2317,0.390625,0
1639,3606897,1269,0.21875,0
1640,3608520,1623,0.34375,0
1641,3609723,1203,0.21875,0
1642,3611610,1887,0.3125,0
1643,3613304,1694,0.296875,0
1644,3614173,869,0.203125,0
1645,3617120,2947,0.359375,0
1646,3617989,869,0.203125,0
1647,3623646,5657,0.390625,0
1648,3623833,187,0.03125,0
1649,3624160,327,0.15625,0
1650,3624444,284,0.125,0
1651,3625075,631,0.296875,0
1652,3625893,818,0.34375,0
1653,3626309,416,0.15625,0
1654,3626602,293,0.140625,0
1655,3627407,805,0.359375,0
1656,3627968,561,0.234375,0
1657,3628352,384,0.15625,0
1658,3628650,298,0.125,0
1659,3629013,363,0.171875,0
1660,3629532,519,0.1875,0
1661,3630141,609,0.296875,0
1662,3630750,609,0.25,0
1663,3631243,493,0.234375,0
1664,3632069,826,0.3125,0
1665,3632546,477,0.1875,0
1666,3633063,517,0.265625,0
1667,3633532,469,0.203125,0
1668,3638803,5271,0.265625,0
1669,3639769,966,0.4375,0
1670,3640892,1123,0.46875,0
1671,3642041,1149,0.46875,0
1672,3643184,1143,0.46875,0
1673,3644333,1149,0.46875,0
1674,3645476,1143,0.46875,0
1675,3646625,1149,0.46875,0
1676,3647768,1143,0.46875,0
1677,3649266,1498,0.46875,0
1678,3650462,1196,0.46875,0
1679,3651670,1208,0.46875,0
1680,3652768,1098,0.46875,0
1681,3653976,1208,0.46875,0
1682,3655074,1098,0.46875,0
1683,3656282,1208,0.46875,0
1684,3657380,1098,0.46875,0
1685,3658588,1208,0.46875,0
1686,3659699,1111,0.34375,0
1687,3660624,925,0.46875,0
1688,3661760,1136,0.46875,0
1689,3662911,1151,0.46875,0
1690,3664047,1136,0.46875,0
1691,3665198,1151,0.46875,0
1692,3666334,1136,0.46875,0
1693,3667485,1151,0.46875,0
1694,3668992,1507,0.46875,0
1695,3670166,1174,0.46875,0
1696,3671387,1221,0.46875,0
1697,3672464,1077,0.46875,0
1698,3673685,1221,0.46875,0
1699,3674762,1077,0.46875,0
1700,3675983,1221,0.46875,0
1701,3677060,1077,0.46875,0
1702,3678281,1221,0.46875,0
1703,3679373,1092,0.328125,0
1704,3680233,860,0.46875,0
1705,3681368,1135,0.46875,0
1706,3682545,1177,0.46875,0
1707,3683680,1135,0.46875,0
1708,3684857,1177,0.46875,0
1709,3685992,1135,0.46875,0
1710,3687169,1177,0.46875,0
1711,3688697,1528,0.46875,0
1712,3689856,1159,0.46875,0
1713,3691099,1243,0.46875,0
1714,3692169,1070,0.46875,0
1715,3693412,1243,0.46875,0
1716,3694482,1070,0.46875,0
1717,3695725,1243,0.46875,0
1718,3696795,1070,0.46875,0
1719,3698038,1243,0.46875,0
1720,3699020,982,0.46875,0
1721,3700318,1298,0.46875,0
1722,3701439,1121,0.46875,0
1723,3702625,1186,0.46875,0
1724,3703746,1121,0.46875,0
1725,3704932,1186,0.46875,0
1726,3706053,1121,0.46875,0
1727,3707239,1186,0.46875,0
1728,3708775,1536,0.46875,0
1729,3709909,1134,0.234375,0
1730,3710654,745,0.46875,0
1731,3711754,1100,0.46875,0
1732,3712966,1212,0.46875,0
1733,3714066,1100,0.46875,0
1734,3715278,1212,0.46875,0
1735,3716378,1100,0.46875,0
1736,3717590,1212,0.46875,0
1737,3719127,1537,0.46875,0
1738,3720235,1108,0.46875,0
1739,3721505,1270,0.46875,0
1740,3722540,1035,0.46875,0
1741,3723810,1270,0.46875,0
1742,3724845,1035,0.46875,0
1743,3726115,1270,0.46875,0
1744,3727150,1035,0.46875,0
1745,3728420,1270,0.46875,0
1746,3729776,1356,0.203125,0
1747,3730307,531,0.453125,0
1748,3731393,1086,0.46875,0
1749,3732598,1205,0.46875,0
1750,3733691,1093,0.46875,0
1751,3734896,1205,0.46875,0
1752,3735989,1093,0.46875,0
1753,3737194,1205,0.46875,0
1754,3738724,1530,0.46875,0
1755,3739832,1108,0.46875,0
1756,3741088,1256,0.46875,0
1757,3742122,1034,0.46875,0
1758,3743378,1256,0.46875,0
1759,3744412,1034,0.46875,0
1760,3745668,1256,0.46875,0
1761,3746702,1034,0.46875,0
1762,3747958,1256,0.46875,0
1763,3749068,1110,0.328125,0
1764,3749808,740,0.53125,0
1765,3755584,5776,0.265625,0
1766,3756530,946,0.359375,0
1767,3756957,427,0.171875,0
1768,3757744,787,0.34375,0
1769,3758525,781,0.3125,0
1770,3758974,449,0.1875,0
1771,3759720,746,0.296875,0
1772,3760228,508,0.203125,0
1773,3760677,449,0.203125,0
1774,3761481,804,0.34375,0
1775,3762118,637,0.265625,0
1776,3762821,703,0.28125,0
1777,3763758,937,0.34375,0
1778,3764062,304,0.109375,0
1779,3764399,337,0.171875,0
1780,3764980,581,0.265625,0
1781,3765824,844,0.171875,0
1782,3770997,5173,0.078125,0
1783,3771361,364,0.03125,0
1784,3771672,311,0.03125,0
1785,3771983,311,0.03125,0
1786,3772294,311,0.03125,0
1787,3772605,311,0.03125,0
1788,3772916,311,0.03125,0
1789,3773226,310,0.03125,0
1790,3773536,310,0.03125,0
1791,3773846,310,0.03125,0
1792,3774157,311,0.03125,0
1793,3774468,311,0.03125,0
1794,3774779,311,0.03125,0
1795,3775090,311,0.03125,0
1796,3775401,311,0.03125,0
1797,3775712,311,0.03125,0
1798,3776023,311,0.03125,0
1799,3776334,311,0.03125,0
1800,3776645,311,0.03125,0
1801,3776956,311,0.03125,0
1802,3777267,311,0.03125,0
1803,3777578,311,0.03125,0
1804,3777889,311,0.03125,0
1805,3778200,311,0.03125,0
1806,3778511,311,0.03125,0
1807,3778822,311,0.03125,0
1808,3779133,311,0.03125,0
1809,3779444,311,0.03125,0
1810,3779755,311,0.03125,0
1811,3780066,311,0.03125,0
1812,3780373,307,0.03125,0
1813,3780680,307,0.03125,0
1814,3780987,307,0.03125,0
1815,3781294,307,0.03125,0
1816,3781601,307,0.03125,0
1817,3781908,307,0.03125,0
1818,3782215,307,0.03125,0
1819,3782522,307,0.03125,0
1820,3782829,307,0.03125,0
1821,3783136,307,0.03125,0
1822,3783443,307,0.03125,0
1823,3783750,307,0.03125,0
1824,3784057,307,0.03125,0
1825,3784364,307,0.03125,0
1826,3784945,581,0.515625,0
1827,3787177,2232,0.75,0
1828,3789863,2686,0.75,0
1829,3791908,2045,0.5,0
1830,3792803,895,0.03125,0
1831,3793216,413,0.03125,0
1832,3793629,413,0.03125,0
1833,3794042,413,0.03125,0
1834,3794455,413,0.03125,0
1835,3794868,413,0.03125,0
1836,3795281,413,0.03125,0
1837,3795694,413,0.03125,0
1838,3796107,413,0.03125,0
1839,3796520,413,0.03125,0
1840,3796933,413,0.03125,0
1841,3797346,413,0.03125,0
1842,3797759,413,0.03125,0
1843,3798172,413,0.03125,0
1844,3798585,413,0.03125,0
1845,3798998,413,0.03125,0
1846,3799411,413,0.03125,0
1847,3799824,413,0.03125,0
1848,3800237,413,0.03125,0
1849,3800650,413,0.03125,0
1850,3801063,413,0.03125,0
1851,3801472,409,0.03125,0
1852,3801881,409,0.03125,0
1853,3802290,409,0.03125,0
1854,3802704,414,0.015625,0
1855,3803117,413,0.015625,0
1856,3803530,413,0.015625,0
1857,3803943,413,0.015625,0
1858,3804356,413,0.015625,0
1859,3804769,413,0.015625,0
1860,3805182,413,0.015625,0
1861,3805595,413,0.015625,0
1862,3806007,412,0.015625,0
1863,3806419,412,0.015625,0
1864,3806831,412,0.015625,0
1865,3807244,413,0.015625,0
1866,3807657,413,0.015625,0
1867,3808070,413,0.015625,0
1868,3808483,413,0.015625,0
1869,3808896,413,0.015625,0
1870,3809309,413,0.015625,0
1871,3809722,413,0.015625,0
1872,3810135,413,0.015625,0
1873,3810548,413,0.015625,0
1874,3810961,413,0.015625,0
1875,3811374,413,0.015625,0
1876,3811787,413,0.015625,0
1877,3812200,413,0.015625,0
1878,3812613,413,0.015625,0
1879,3813026,413,0.015625,0
1880,3813439,413,0.015625,0
1881,3813852,413,0.015625,0
1882,3814265,413,0.015625,0
1883,3814678,413,0.015625,0
1884,3815091,413,0.015625,0
1885,3815504,413,0.015625,0
1886,3815905,401,0.03125,0
1887,3816314,409,0.03125,0
1888,3816723,409,0.03125,0
1889,3817132,409,0.03125,0
1890,3817625,493,0.515625,0
1891,3819612,1987,0.75,0
1892,3825045,5433,0.765625,0
1893,3828913,3868,0.90625,0
1894,3830749,1836,0.609375,0
1895,3832997,2248,0.59375,0
1896,3835706,2709,0.703125,0
1897,3838036,2330,0.609375,0
1898,3838778,742,0.65625,0
1899,3841080,2302,0.609375,0
1900,3841812,732,0.71875,0
1901,3844761,2949,0.71875,0
1902,3847499,2738,0.40625,0
1903,3847740,241,0.03125,0
1904,3847879,139,0.03125,0
1905,3848018,139,0.03125,0
1906,3848157,139,0.03125,0
1907,3848296,139,0.03125,0
1908,3848435,139,0.03125,0
1909,3848573,138,0.03125,0
1910,3848711,138,0.03125,0
1911,3848849,138,0.03125,0
1912,3848988,139,0.03125,0
1913,3849127,139,0.03125,0
1914,3849266,139,0.03125,0
1915,3849405,139,0.03125,0
1916,3849544,139,0.03125,0
1917,3849683,139,0.03125,0
