checkpoints,cycle count,last checkpoint,dirty ratio,cause
1,441,441,0.296875,0
2,9032,8591,0.914062,0
3,10508,1476,0.632812,0
4,11656,1148,0.6875,0
5,12125,469,0.078125,0
6,12378,253,0.140625,0
7,12639,261,0.140625,0
8,12765,126,0.0703125,0
9,12949,184,0.078125,0
10,13183,234,0.109375,0
11,13580,397,0.210938,0
12,13656,76,0.0390625,0
13,13858,202,0.109375,0
14,14088,230,0.109375,0
15,14305,217,0.140625,0
16,14708,403,0.226562,0
17,14807,99,0.03125,0
18,14899,92,0.0703125,0
19,15151,252,0.140625,0
20,15537,386,0.179688,0
21,15584,47,0.015625,0
22,15669,85,0.03125,0
23,15852,183,0.101562,0
24,16068,216,0.140625,0
25,16349,281,0.148438,0
26,16614,265,0.109375,0
27,16816,202,0.140625,0
28,16965,149,0.0703125,0
29,17509,544,0.257812,0
30,18000,491,0.296875,0
31,18346,346,0.171875,0
32,18698,352,0.21875,0
33,18799,101,0.0625,0
34,19803,1004,0.539062,0
35,19923,120,0.0234375,0
36,20200,277,0.132812,0
37,20282,82,0.03125,0
38,20351,69,0.0546875,0
39,20441,90,0.0390625,0
40,20486,45,0.03125,0
41,20594,108,0.0546875,0
42,21051,457,0.21875,0
43,21137,86,0.046875,0
44,21386,249,0.140625,0
45,21688,302,0.164062,0
46,21932,244,0.1875,0
47,87570,65638,0.421875,0
48,89486,1916,0.703125,0
49,90191,705,0.25,0
50,91038,847,0.5,0
51,94306,3268,0.0703125,0
52,97867,3561,0.0625,0
53,101119,3252,0.195312,0
54,101537,418,0.015625,0
55,101733,196,0.0234375,0
56,102320,587,0.0390625,0
57,103425,1105,0.0703125,0
58,104820,1395,0.0859375,0
59,105822,1002,0.0625,0
60,106709,887,0.0546875,0
61,109455,2746,0.109375,0
62,115912,6457,0.21875,0
63,116624,712,0.03125,0
64,116878,254,0.0234375,0
65,117616,738,0.0390625,0
66,119006,1390,0.0703125,0
67,120769,1763,0.0859375,0
68,122035,1266,0.0625,0
69,123142,1107,0.0546875,0
70,126171,3029,0.109375,0
71,128891,2720,0.65625,0
72,129847,956,0.640625,0
73,130473,626,0.25,0
74,131320,847,0.5,0
75,134588,3268,0.0703125,0
76,138149,3561,0.0625,0
77,141401,3252,0.195312,0
78,141819,418,0.015625,0
79,142015,196,0.0234375,0
80,142602,587,0.0390625,0
81,143707,1105,0.0703125,0
82,145102,1395,0.0859375,0
83,146104,1002,0.0625,0
84,146991,887,0.0546875,0
85,149747,2756,0.109375,0
86,156203,6456,0.21875,0
87,156915,712,0.03125,0
88,157169,254,0.0234375,0
89,157907,738,0.0390625,0
90,159297,1390,0.0703125,0
91,161060,1763,0.0859375,0
92,162326,1266,0.0625,0
93,163433,1107,0.0546875,0
94,166462,3029,0.109375,0
95,169150,2688,0.640625,0
96,170243,1093,0.664062,0
97,170886,643,0.25,0
98,171733,847,0.5,0
99,175001,3268,0.0703125,0
100,178562,3561,0.0625,0
101,181814,3252,0.195312,0
102,182232,418,0.015625,0
103,182428,196,0.0234375,0
104,183015,587,0.0390625,0
105,184120,1105,0.0703125,0
106,185515,1395,0.0859375,0
107,186517,1002,0.0625,0
108,187404,887,0.0546875,0
109,190150,2746,0.109375,0
110,196607,6457,0.21875,0
111,197319,712,0.03125,0
112,197573,254,0.0234375,0
113,198311,738,0.0390625,0
114,199701,1390,0.0703125,0
115,201464,1763,0.0859375,0
116,202730,1266,0.0625,0
117,203837,1107,0.0546875,0
118,206866,3029,0.109375,0
119,209585,2719,0.648438,0
120,210092,507,0.320312,0
121,211182,1090,0.109375,0
122,212887,1705,0.15625,0
123,213218,331,0.09375,0
124,213820,602,0.09375,0
125,214263,443,0.09375,0
126,214704,441,0.101562,0
127,215282,578,0.125,0
128,215897,615,0.132812,0
129,217278,1381,0.132812,0
130,218264,986,0.117188,0
131,220326,2062,0.148438,0
132,220804,478,0.109375,0
133,221247,443,0.109375,0
134,222137,890,0.132812,0
135,222907,770,0.132812,0
136,224504,1597,0.140625,0
137,225192,688,0.140625,0
138,226393,1201,0.132812,0
139,226878,485,0.09375,0
140,227326,448,0.101562,0
141,227918,592,0.125,0
142,229102,1184,0.148438,0
143,230770,1668,0.125,0
144,233180,2410,0.15625,0
145,233665,485,0.109375,0
146,234249,584,0.132812,0
147,234685,436,0.117188,0
148,235441,756,0.132812,0
149,237819,2378,0.164062,0
150,239519,1700,0.109375,0
151,240118,599,0.125,0
152,241302,1184,0.148438,0
153,241629,327,0.101562,0
154,242216,587,0.109375,0
155,242972,756,0.109375,0
156,244063,1091,0.117188,0
157,245273,1210,0.289062,0
158,246078,805,0.109375,0
159,247789,1711,0.15625,0
160,248120,331,0.09375,0
161,248721,601,0.09375,0
162,249164,443,0.09375,0
163,249605,441,0.101562,0
164,250183,578,0.125,0
165,250798,615,0.132812,0
166,252179,1381,0.132812,0
167,253165,986,0.117188,0
168,255227,2062,0.148438,0
169,255705,478,0.109375,0
170,256148,443,0.109375,0
171,257038,890,0.132812,0
172,257808,770,0.132812,0
173,259405,1597,0.140625,0
174,260093,688,0.140625,0
175,261294,1201,0.132812,0
176,261779,485,0.09375,0
177,262227,448,0.101562,0
178,262819,592,0.125,0
179,264003,1184,0.148438,0
180,265671,1668,0.125,0
181,268081,2410,0.15625,0
182,268566,485,0.109375,0
183,269150,584,0.132812,0
184,269586,436,0.117188,0
185,270342,756,0.132812,0
186,272720,2378,0.164062,0
187,274420,1700,0.109375,0
188,275019,599,0.125,0
189,276203,1184,0.148438,0
190,276530,327,0.101562,0
191,277117,587,0.109375,0
192,277873,756,0.109375,0
193,278964,1091,0.117188,0
194,284884,5920,0.328125,0
195,285378,494,0.335938,0
196,286482,1104,0.109375,0
197,288187,1705,0.15625,0
198,288518,331,0.09375,0
199,289119,601,0.09375,0
200,289562,443,0.09375,0
201,290003,441,0.101562,0
202,290581,578,0.125,0
203,291196,615,0.132812,0
204,292577,1381,0.132812,0
205,293563,986,0.117188,0
206,295625,2062,0.148438,0
207,296103,478,0.109375,0
208,296546,443,0.109375,0
209,297436,890,0.132812,0
210,298206,770,0.132812,0
211,299803,1597,0.140625,0
212,300491,688,0.140625,0
213,301692,1201,0.132812,0
214,302177,485,0.09375,0
215,302625,448,0.101562,0
216,303217,592,0.125,0
217,304401,1184,0.148438,0
218,306069,1668,0.125,0
219,308479,2410,0.15625,0
220,308964,485,0.109375,0
221,309548,584,0.132812,0
222,309984,436,0.117188,0
223,310740,756,0.132812,0
224,313118,2378,0.164062,0
225,314818,1700,0.109375,0
226,315417,599,0.125,0
227,316601,1184,0.148438,0
228,316928,327,0.101562,0
229,317515,587,0.109375,0
230,318271,756,0.109375,0
231,319362,1091,0.117188,0
232,320409,1047,0.171875,0
233,321169,760,0.109375,0
234,322881,1712,0.15625,0
235,323212,331,0.09375,0
236,323814,602,0.09375,0
237,324257,443,0.09375,0
238,324698,441,0.101562,0
239,325276,578,0.125,0
240,325891,615,0.132812,0
241,327272,1381,0.132812,0
242,328258,986,0.117188,0
243,330320,2062,0.148438,0
244,330798,478,0.109375,0
245,331241,443,0.109375,0
246,332131,890,0.132812,0
247,332901,770,0.132812,0
248,334498,1597,0.140625,0
249,335186,688,0.140625,0
250,336387,1201,0.132812,0
251,336872,485,0.09375,0
252,337320,448,0.101562,0
253,337912,592,0.125,0
254,339096,1184,0.148438,0
255,340764,1668,0.125,0
256,343174,2410,0.15625,0
257,343659,485,0.109375,0
258,344243,584,0.132812,0
259,344679,436,0.117188,0
260,345435,756,0.132812,0
261,347813,2378,0.164062,0
262,349513,1700,0.109375,0
263,350112,599,0.125,0
264,351296,1184,0.148438,0
265,351623,327,0.101562,0
266,352210,587,0.109375,0
267,352966,756,0.109375,0
268,354057,1091,0.117188,0
269,360041,5984,0.367188,0
270,361141,1100,0.109375,0
271,362846,1705,0.15625,0
272,363177,331,0.09375,0
273,363779,602,0.09375,0
274,364222,443,0.09375,0
275,364663,441,0.101562,0
276,365241,578,0.125,0
277,365856,615,0.132812,0
278,367237,1381,0.132812,0
279,368223,986,0.117188,0
280,370285,2062,0.148438,0
281,370763,478,0.109375,0
282,371206,443,0.109375,0
283,372096,890,0.132812,0
284,372866,770,0.132812,0
285,374463,1597,0.140625,0
286,375151,688,0.140625,0
287,376352,1201,0.132812,0
288,376837,485,0.09375,0
289,377285,448,0.101562,0
290,377877,592,0.125,0
291,379061,1184,0.148438,0
292,380729,1668,0.125,0
293,383139,2410,0.15625,0
294,383624,485,0.109375,0
295,384208,584,0.132812,0
296,384644,436,0.117188,0
297,385400,756,0.132812,0
298,387778,2378,0.164062,0
299,389478,1700,0.109375,0
300,390077,599,0.125,0
301,391261,1184,0.148438,0
302,391588,327,0.101562,0
303,392175,587,0.109375,0
304,392931,756,0.109375,0
305,394022,1091,0.117188,0
306,395232,1210,0.289062,0
307,396037,805,0.109375,0
308,397748,1711,0.15625,0
309,398079,331,0.09375,0
310,398680,601,0.09375,0
311,399123,443,0.09375,0
312,399564,441,0.101562,0
313,400142,578,0.125,0
314,400757,615,0.132812,0
315,402138,1381,0.132812,0
316,403124,986,0.117188,0
317,405186,2062,0.148438,0
318,405664,478,0.109375,0
319,406107,443,0.109375,0
320,406997,890,0.132812,0
321,407767,770,0.132812,0
322,409364,1597,0.140625,0
323,410052,688,0.140625,0
324,411253,1201,0.132812,0
325,411738,485,0.09375,0
326,412186,448,0.101562,0
327,412778,592,0.125,0
328,413962,1184,0.148438,0
329,415630,1668,0.125,0
330,418040,2410,0.15625,0
331,418525,485,0.109375,0
332,419109,584,0.132812,0
333,419545,436,0.117188,0
334,420301,756,0.132812,0
335,422679,2378,0.164062,0
336,424379,1700,0.109375,0
337,424978,599,0.125,0
338,426162,1184,0.148438,0
339,426489,327,0.101562,0
340,427076,587,0.109375,0
341,427832,756,0.109375,0
342,428923,1091,0.117188,0
343,434827,5904,0.320312,0
344,437274,2447,0.648438,0
345,438131,857,0.351562,0
346,439010,879,0.5,0
347,442262,3252,0.078125,0
348,445858,3596,0.0625,0
349,449110,3252,0.195312,0
350,449528,418,0.015625,0
351,449724,196,0.0234375,0
352,450311,587,0.0390625,0
353,451416,1105,0.0703125,0
354,452811,1395,0.0859375,0
355,453813,1002,0.0625,0
356,454700,887,0.0546875,0
357,457456,2756,0.109375,0
358,463912,6456,0.21875,0
359,464624,712,0.03125,0
360,464878,254,0.0234375,0
361,465616,738,0.0390625,0
362,467006,1390,0.0703125,0
363,468769,1763,0.0859375,0
364,470035,1266,0.0625,0
365,471142,1107,0.0546875,0
366,474171,3029,0.109375,0
367,476894,2723,0.648438,0
368,477499,605,0.335938,0
369,478603,1104,0.109375,0
370,480308,1705,0.15625,0
371,480639,331,0.09375,0
372,481241,602,0.09375,0
373,481684,443,0.09375,0
374,482125,441,0.101562,0
375,482703,578,0.125,0
376,483318,615,0.132812,0
377,484699,1381,0.132812,0
378,485685,986,0.117188,0
379,487747,2062,0.148438,0
380,488225,478,0.109375,0
381,488668,443,0.109375,0
382,489558,890,0.132812,0
383,490328,770,0.132812,0
384,491925,1597,0.140625,0
385,492613,688,0.140625,0
386,493814,1201,0.132812,0
387,494299,485,0.09375,0
388,494747,448,0.101562,0
389,495339,592,0.125,0
390,496523,1184,0.148438,0
391,498191,1668,0.125,0
392,500601,2410,0.15625,0
393,501086,485,0.109375,0
394,501670,584,0.132812,0
395,502106,436,0.117188,0
396,502862,756,0.132812,0
397,505240,2378,0.164062,0
398,506940,1700,0.109375,0
399,507539,599,0.125,0
400,508723,1184,0.148438,0
401,509050,327,0.101562,0
402,509637,587,0.109375,0
403,510393,756,0.109375,0
404,511484,1091,0.117188,0
405,512531,1047,0.171875,0
406,513291,760,0.109375,0
407,515003,1712,0.15625,0
408,515334,331,0.09375,0
409,515936,602,0.09375,0
410,516379,443,0.09375,0
411,516820,441,0.101562,0
412,517398,578,0.125,0
413,518013,615,0.132812,0
414,519394,1381,0.132812,0
415,520380,986,0.117188,0
416,522442,2062,0.148438,0
417,522920,478,0.109375,0
418,523363,443,0.109375,0
419,524253,890,0.132812,0
420,525023,770,0.132812,0
421,526620,1597,0.140625,0
422,527308,688,0.140625,0
423,528509,1201,0.132812,0
424,528994,485,0.09375,0
425,529442,448,0.101562,0
426,530034,592,0.125,0
427,531218,1184,0.148438,0
428,532886,1668,0.125,0
429,535296,2410,0.15625,0
430,535781,485,0.109375,0
431,536365,584,0.132812,0
432,536801,436,0.117188,0
433,537557,756,0.132812,0
434,539935,2378,0.164062,0
435,541635,1700,0.109375,0
436,542234,599,0.125,0
437,543418,1184,0.148438,0
438,543745,327,0.101562,0
439,544332,587,0.109375,0
440,545088,756,0.109375,0
441,546179,1091,0.117188,0
442,552874,6695,0.320312,0
443,568504,15630,0.320312,0
444,579690,11186,0.46875,0
445,581077,1387,0.34375,0
446,652806,71729,0.382812,0
447,663475,10669,0.46875,0
448,664580,1105,0.351562,0
449,730234,65654,0.4375,0
450,731697,1463,0.820312,0
451,732792,1095,0.5,0
452,736044,3252,0.078125,0
453,739640,3596,0.0625,0
454,742892,3252,0.195312,0
455,743310,418,0.015625,0
456,743506,196,0.0234375,0
457,744093,587,0.0390625,0
458,745198,1105,0.0703125,0
459,746593,1395,0.0859375,0
460,747595,1002,0.0625,0
461,748482,887,0.0546875,0
462,751228,2746,0.109375,0
463,757685,6457,0.21875,0
464,758397,712,0.03125,0
465,758651,254,0.0234375,0
466,759389,738,0.0390625,0
467,760779,1390,0.0703125,0
468,762542,1763,0.0859375,0
469,763808,1266,0.0625,0
470,764915,1107,0.0546875,0
471,767944,3029,0.109375,0
472,770658,2714,0.648438,0
473,771611,953,0.640625,0
474,772237,626,0.25,0
475,773084,847,0.5,0
476,776352,3268,0.0703125,0
477,779913,3561,0.0625,0
478,783165,3252,0.195312,0
479,783583,418,0.015625,0
480,783779,196,0.0234375,0
481,784366,587,0.0390625,0
482,785471,1105,0.0703125,0
483,786866,1395,0.0859375,0
484,787868,1002,0.0625,0
485,788755,887,0.0546875,0
486,791511,2756,0.109375,0
487,797967,6456,0.21875,0
488,798679,712,0.03125,0
489,798933,254,0.0234375,0
490,799671,738,0.0390625,0
491,801061,1390,0.0703125,0
492,802824,1763,0.0859375,0
493,804090,1266,0.0625,0
494,805197,1107,0.0546875,0
495,808226,3029,0.109375,0
496,810909,2683,0.640625,0
497,812002,1093,0.664062,0
498,812645,643,0.25,0
499,813492,847,0.5,0
500,816760,3268,0.0703125,0
501,820321,3561,0.0625,0
502,823573,3252,0.195312,0
503,823991,418,0.015625,0
504,824187,196,0.0234375,0
505,824774,587,0.0390625,0
506,825879,1105,0.0703125,0
507,827274,1395,0.0859375,0
508,828276,1002,0.0625,0
509,829163,887,0.0546875,0
510,831909,2746,0.109375,0
511,838366,6457,0.21875,0
512,839078,712,0.03125,0
513,839332,254,0.0234375,0
514,840070,738,0.0390625,0
515,841460,1390,0.0703125,0
516,843223,1763,0.0859375,0
517,844489,1266,0.0625,0
518,845596,1107,0.0546875,0
519,848625,3029,0.109375,0
520,851347,2722,0.648438,0
521,851854,507,0.320312,0
522,852944,1090,0.109375,0
523,854649,1705,0.15625,0
524,854980,331,0.09375,0
525,855582,602,0.09375,0
526,856025,443,0.09375,0
527,856466,441,0.101562,0
528,857044,578,0.125,0
529,857659,615,0.132812,0
530,859040,1381,0.132812,0
531,860026,986,0.117188,0
532,862088,2062,0.148438,0
533,862566,478,0.109375,0
534,863009,443,0.109375,0
535,863899,890,0.132812,0
536,864669,770,0.132812,0
537,866266,1597,0.140625,0
538,866954,688,0.140625,0
539,868155,1201,0.132812,0
540,868640,485,0.09375,0
541,869088,448,0.101562,0
542,869680,592,0.125,0
543,870864,1184,0.148438,0
544,872532,1668,0.125,0
545,874942,2410,0.15625,0
546,875427,485,0.109375,0
547,876011,584,0.132812,0
548,876447,436,0.117188,0
549,877203,756,0.132812,0
550,879581,2378,0.164062,0
551,881281,1700,0.109375,0
552,881880,599,0.125,0
553,883064,1184,0.148438,0
554,883391,327,0.101562,0
555,883978,587,0.109375,0
556,884734,756,0.109375,0
557,885825,1091,0.117188,0
558,887035,1210,0.289062,0
559,887840,805,0.109375,0
560,889551,1711,0.15625,0
561,889882,331,0.09375,0
562,890483,601,0.09375,0
563,890926,443,0.09375,0
564,891367,441,0.101562,0
565,891945,578,0.125,0
566,892560,615,0.132812,0
567,893941,1381,0.132812,0
568,894927,986,0.117188,0
569,896989,2062,0.148438,0
570,897467,478,0.109375,0
571,897910,443,0.109375,0
572,898800,890,0.132812,0
573,899570,770,0.132812,0
574,901167,1597,0.140625,0
575,901855,688,0.140625,0
576,903056,1201,0.132812,0
577,903541,485,0.09375,0
578,903989,448,0.101562,0
579,904581,592,0.125,0
580,905765,1184,0.148438,0
581,907433,1668,0.125,0
582,909843,2410,0.15625,0
583,910328,485,0.109375,0
584,910912,584,0.132812,0
585,911348,436,0.117188,0
586,912104,756,0.132812,0
587,914482,2378,0.164062,0
588,916182,1700,0.109375,0
589,916781,599,0.125,0
590,917965,1184,0.148438,0
591,918292,327,0.101562,0
592,918879,587,0.109375,0
593,919635,756,0.109375,0
594,920726,1091,0.117188,0
595,926639,5913,0.320312,0
596,927130,491,0.335938,0
597,928234,1104,0.109375,0
598,929939,1705,0.15625,0
599,930270,331,0.09375,0
600,930871,601,0.09375,0
601,931314,443,0.09375,0
602,931755,441,0.101562,0
603,932333,578,0.125,0
604,932948,615,0.132812,0
605,934329,1381,0.132812,0
606,935315,986,0.117188,0
607,937377,2062,0.148438,0
608,937855,478,0.109375,0
609,938298,443,0.109375,0
610,939188,890,0.132812,0
611,939958,770,0.132812,0
612,941555,1597,0.140625,0
613,942243,688,0.140625,0
614,943444,1201,0.132812,0
615,943929,485,0.09375,0
616,944377,448,0.101562,0
617,944969,592,0.125,0
618,946153,1184,0.148438,0
619,947821,1668,0.125,0
620,950231,2410,0.15625,0
621,950716,485,0.109375,0
622,951300,584,0.132812,0
623,951736,436,0.117188,0
624,952492,756,0.132812,0
625,954870,2378,0.164062,0
626,956570,1700,0.109375,0
627,957169,599,0.125,0
628,958353,1184,0.148438,0
629,958680,327,0.101562,0
630,959267,587,0.109375,0
631,960023,756,0.109375,0
632,961114,1091,0.117188,0
633,962161,1047,0.171875,0
634,962921,760,0.109375,0
635,964633,1712,0.15625,0
636,964964,331,0.09375,0
637,965566,602,0.09375,0
638,966009,443,0.09375,0
639,966450,441,0.101562,0
640,967028,578,0.125,0
641,967643,615,0.132812,0
642,969024,1381,0.132812,0
643,970010,986,0.117188,0
644,972072,2062,0.148438,0
645,972550,478,0.109375,0
646,972993,443,0.109375,0
647,973883,890,0.132812,0
648,974653,770,0.132812,0
649,976250,1597,0.140625,0
650,976938,688,0.140625,0
651,978139,1201,0.132812,0
652,978624,485,0.09375,0
653,979072,448,0.101562,0
654,979664,592,0.125,0
655,980848,1184,0.148438,0
656,982516,1668,0.125,0
657,984926,2410,0.15625,0
658,985411,485,0.109375,0
659,985995,584,0.132812,0
660,986431,436,0.117188,0
661,987187,756,0.132812,0
662,989565,2378,0.164062,0
663,991265,1700,0.109375,0
664,991864,599,0.125,0
665,993048,1184,0.148438,0
666,993375,327,0.101562,0
667,993962,587,0.109375,0
668,994718,756,0.109375,0
669,995809,1091,0.117188,0
670,1001800,5991,0.367188,0
671,1002900,1100,0.109375,0
672,1004605,1705,0.15625,0
673,1004936,331,0.09375,0
674,1005538,602,0.09375,0
675,1005981,443,0.09375,0
676,1006422,441,0.101562,0
677,1007000,578,0.125,0
678,1007615,615,0.132812,0
679,1008996,1381,0.132812,0
680,1009982,986,0.117188,0
681,1012044,2062,0.148438,0
682,1012522,478,0.109375,0
683,1012965,443,0.109375,0
684,1013855,890,0.132812,0
685,1014625,770,0.132812,0
686,1016222,1597,0.140625,0
687,1016910,688,0.140625,0
688,1018111,1201,0.132812,0
689,1018596,485,0.09375,0
690,1019044,448,0.101562,0
691,1019636,592,0.125,0
692,1020820,1184,0.148438,0
693,1022488,1668,0.125,0
694,1024898,2410,0.15625,0
695,1025383,485,0.109375,0
696,1025967,584,0.132812,0
697,1026403,436,0.117188,0
698,1027159,756,0.132812,0
699,1029537,2378,0.164062,0
700,1031237,1700,0.109375,0
701,1031836,599,0.125,0
702,1033020,1184,0.148438,0
703,1033347,327,0.101562,0
704,1033934,587,0.109375,0
705,1034690,756,0.109375,0
706,1035781,1091,0.117188,0
707,1036991,1210,0.289062,0
708,1037796,805,0.109375,0
709,1039507,1711,0.15625,0
710,1039838,331,0.09375,0
711,1040439,601,0.09375,0
712,1040882,443,0.09375,0
713,1041323,441,0.101562,0
714,1041901,578,0.125,0
715,1042516,615,0.132812,0
716,1043897,1381,0.132812,0
717,1044883,986,0.117188,0
718,1046945,2062,0.148438,0
719,1047423,478,0.109375,0
720,1047866,443,0.109375,0
721,1048756,890,0.132812,0
722,1049526,770,0.132812,0
723,1051123,1597,0.140625,0
724,1051811,688,0.140625,0
725,1053012,1201,0.132812,0
726,1053497,485,0.09375,0
727,1053945,448,0.101562,0
728,1054537,592,0.125,0
729,1055721,1184,0.148438,0
730,1057389,1668,0.125,0
731,1059799,2410,0.15625,0
732,1060284,485,0.109375,0
733,1060868,584,0.132812,0
734,1061304,436,0.117188,0
735,1062060,756,0.132812,0
736,1064438,2378,0.164062,0
737,1066138,1700,0.109375,0
738,1066737,599,0.125,0
739,1067921,1184,0.148438,0
740,1068248,327,0.101562,0
741,1068835,587,0.109375,0
742,1069591,756,0.109375,0
743,1070682,1091,0.117188,0
744,1076586,5904,0.320312,0
745,1079038,2452,0.648438,0
746,1079895,857,0.351562,0
747,1080774,879,0.5,0
748,1084026,3252,0.078125,0
749,1087622,3596,0.0625,0
750,1090874,3252,0.195312,0
751,1091292,418,0.015625,0
752,1091488,196,0.0234375,0
753,1092075,587,0.0390625,0
754,1093180,1105,0.0703125,0
755,1094575,1395,0.0859375,0
756,1095577,1002,0.0625,0
757,1096464,887,0.0546875,0
758,1099220,2756,0.109375,0
759,1105676,6456,0.21875,0
760,1106388,712,0.03125,0
761,1106642,254,0.0234375,0
762,1107380,738,0.0390625,0
763,1108770,1390,0.0703125,0
764,1110533,1763,0.0859375,0
765,1111799,1266,0.0625,0
766,1112906,1107,0.0546875,0
767,1115935,3029,0.109375,0
768,1118659,2724,0.648438,0
769,1119264,605,0.335938,0
770,1120368,1104,0.109375,0
771,1122073,1705,0.15625,0
772,1122404,331,0.09375,0
773,1123006,602,0.09375,0
774,1123449,443,0.09375,0
775,1123890,441,0.101562,0
776,1124468,578,0.125,0
777,1125083,615,0.132812,0
778,1126464,1381,0.132812,0
779,1127450,986,0.117188,0
780,1129512,2062,0.148438,0
781,1129990,478,0.109375,0
782,1130433,443,0.109375,0
783,1131323,890,0.132812,0
784,1132093,770,0.132812,0
785,1133690,1597,0.140625,0
786,1134378,688,0.140625,0
787,1135579,1201,0.132812,0
788,1136064,485,0.09375,0
789,1136512,448,0.101562,0
790,1137104,592,0.125,0
791,1138288,1184,0.148438,0
792,1139956,1668,0.125,0
793,1142366,2410,0.15625,0
794,1142851,485,0.109375,0
795,1143435,584,0.132812,0
796,1143871,436,0.117188,0
797,1144627,756,0.132812,0
798,1147005,2378,0.164062,0
799,1148705,1700,0.109375,0
800,1149304,599,0.125,0
801,1150488,1184,0.148438,0
802,1150815,327,0.101562,0
803,1151402,587,0.109375,0
804,1152158,756,0.109375,0
805,1153249,1091,0.117188,0
806,1154296,1047,0.171875,0
807,1155056,760,0.109375,0
808,1156768,1712,0.15625,0
809,1157099,331,0.09375,0
810,1157701,602,0.09375,0
811,1158144,443,0.09375,0
812,1158585,441,0.101562,0
813,1159163,578,0.125,0
814,1159778,615,0.132812,0
815,1161159,1381,0.132812,0
816,1162145,986,0.117188,0
817,1164207,2062,0.148438,0
818,1164685,478,0.109375,0
819,1165128,443,0.109375,0
820,1166018,890,0.132812,0
821,1166788,770,0.132812,0
822,1168385,1597,0.140625,0
823,1169073,688,0.140625,0
824,1170274,1201,0.132812,0
825,1170759,485,0.09375,0
826,1171207,448,0.101562,0
827,1171799,592,0.125,0
828,1172983,1184,0.148438,0
829,1174651,1668,0.125,0
830,1177061,2410,0.15625,0
831,1177546,485,0.109375,0
832,1178130,584,0.132812,0
833,1178566,436,0.117188,0
834,1179322,756,0.132812,0
835,1181700,2378,0.164062,0
836,1183400,1700,0.109375,0
837,1183999,599,0.125,0
838,1185183,1184,0.148438,0
839,1185510,327,0.101562,0
840,1186097,587,0.109375,0
841,1186853,756,0.109375,0
842,1187944,1091,0.117188,0
843,1194642,6698,0.320312,0
844,1210426,15784,0.320312,0
845,1221596,11170,0.46875,0
846,1222978,1382,0.34375,0
847,1294707,71729,0.382812,0
848,1305376,10669,0.46875,0
849,1306513,1137,0.34375,0
850,1372123,65610,0.4375,0
851,1373586,1463,0.820312,0
852,1374681,1095,0.5,0
853,1377933,3252,0.078125,0
854,1381529,3596,0.0625,0
855,1384781,3252,0.195312,0
856,1385199,418,0.015625,0
857,1385395,196,0.0234375,0
858,1385982,587,0.0390625,0
859,1387087,1105,0.0703125,0
860,1388482,1395,0.0859375,0
861,1389484,1002,0.0625,0
862,1390371,887,0.0546875,0
863,1393117,2746,0.109375,0
864,1399574,6457,0.21875,0
865,1400286,712,0.03125,0
866,1400540,254,0.0234375,0
867,1401278,738,0.0390625,0
868,1402668,1390,0.0703125,0
869,1404431,1763,0.0859375,0
870,1405697,1266,0.0625,0
871,1406804,1107,0.0546875,0
872,1409833,3029,0.109375,0
873,1412543,2710,0.648438,0
874,1413496,953,0.640625,0
875,1414122,626,0.25,0
876,1414969,847,0.5,0
877,1418237,3268,0.0703125,0
878,1421798,3561,0.0625,0
879,1425050,3252,0.195312,0
880,1425468,418,0.015625,0
881,1425664,196,0.0234375,0
882,1426251,587,0.0390625,0
883,1427356,1105,0.0703125,0
884,1428751,1395,0.0859375,0
885,1429753,1002,0.0625,0
886,1430640,887,0.0546875,0
887,1433396,2756,0.109375,0
888,1439852,6456,0.21875,0
889,1440564,712,0.03125,0
890,1440818,254,0.0234375,0
891,1441556,738,0.0390625,0
892,1442946,1390,0.0703125,0
893,1444709,1763,0.0859375,0
894,1445975,1266,0.0625,0
895,1447082,1107,0.0546875,0
896,1450111,3029,0.109375,0
897,1452797,2686,0.640625,0
898,1453890,1093,0.664062,0
899,1454533,643,0.25,0
900,1455380,847,0.5,0
901,1458648,3268,0.0703125,0
902,1462209,3561,0.0625,0
903,1465461,3252,0.195312,0
904,1465879,418,0.015625,0
905,1466075,196,0.0234375,0
906,1466662,587,0.0390625,0
907,1467767,1105,0.0703125,0
908,1469162,1395,0.0859375,0
909,1470164,1002,0.0625,0
910,1471051,887,0.0546875,0
911,1473797,2746,0.109375,0
912,1480254,6457,0.21875,0
913,1480966,712,0.03125,0
914,1481220,254,0.0234375,0
915,1481958,738,0.0390625,0
916,1483348,1390,0.0703125,0
917,1485111,1763,0.0859375,0
918,1486377,1266,0.0625,0
919,1487484,1107,0.0546875,0
920,1490513,3029,0.109375,0
921,1493234,2721,0.648438,0
922,1493741,507,0.320312,0
923,1494831,1090,0.109375,0
924,1496536,1705,0.15625,0
925,1496867,331,0.09375,0
926,1497469,602,0.09375,0
927,1497912,443,0.09375,0
928,1498353,441,0.101562,0
929,1498931,578,0.125,0
930,1499546,615,0.132812,0
931,1500927,1381,0.132812,0
932,1501913,986,0.117188,0
933,1503975,2062,0.148438,0
934,1504453,478,0.109375,0
935,1504896,443,0.109375,0
936,1505786,890,0.132812,0
937,1506556,770,0.132812,0
938,1508153,1597,0.140625,0
939,1508841,688,0.140625,0
940,1510042,1201,0.132812,0
941,1510527,485,0.09375,0
942,1510975,448,0.101562,0
943,1511567,592,0.125,0
944,1512751,1184,0.148438,0
945,1514419,1668,0.125,0
946,1516829,2410,0.15625,0
947,1517314,485,0.109375,0
948,1517898,584,0.132812,0
949,1518334,436,0.117188,0
950,1519090,756,0.132812,0
951,1521468,2378,0.164062,0
952,1523168,1700,0.109375,0
953,1523767,599,0.125,0
954,1524951,1184,0.148438,0
955,1525278,327,0.101562,0
956,1525865,587,0.109375,0
957,1526621,756,0.109375,0
958,1527712,1091,0.117188,0
959,1528922,1210,0.289062,0
960,1529727,805,0.109375,0
961,1531438,1711,0.15625,0
962,1531769,331,0.09375,0
963,1532370,601,0.09375,0
964,1532813,443,0.09375,0
965,1533254,441,0.101562,0
966,1533832,578,0.125,0
967,1534447,615,0.132812,0
968,1535828,1381,0.132812,0
969,1536814,986,0.117188,0
970,1538876,2062,0.148438,0
971,1539354,478,0.109375,0
972,1539797,443,0.109375,0
973,1540687,890,0.132812,0
974,1541457,770,0.132812,0
975,1543054,1597,0.140625,0
976,1543742,688,0.140625,0
977,1544943,1201,0.132812,0
978,1545428,485,0.09375,0
979,1545876,448,0.101562,0
980,1546468,592,0.125,0
981,1547652,1184,0.148438,0
982,1549320,1668,0.125,0
983,1551730,2410,0.15625,0
984,1552215,485,0.109375,0
985,1552799,584,0.132812,0
986,1553235,436,0.117188,0
987,1553991,756,0.132812,0
988,1556369,2378,0.164062,0
989,1558069,1700,0.109375,0
990,1558668,599,0.125,0
991,1559852,1184,0.148438,0
992,1560179,327,0.101562,0
993,1560766,587,0.109375,0
994,1561522,756,0.109375,0
995,1562613,1091,0.117188,0
996,1568511,5898,0.320312,0
997,1569017,506,0.335938,0
998,1570121,1104,0.109375,0
999,1571826,1705,0.15625,0
1000,1572157,331,0.09375,0
1001,1572758,601,0.09375,0
1002,1573201,443,0.09375,0
1003,1573642,441,0.101562,0
1004,1574220,578,0.125,0
1005,1574835,615,0.132812,0
1006,1576216,1381,0.132812,0
1007,1577202,986,0.117188,0
1008,1579264,2062,0.148438,0
1009,1579742,478,0.109375,0
1010,1580185,443,0.109375,0
1011,1581075,890,0.132812,0
1012,1581845,770,0.132812,0
1013,1583442,1597,0.140625,0
1014,1584130,688,0.140625,0
1015,1585331,1201,0.132812,0
1016,1585816,485,0.09375,0
1017,1586264,448,0.101562,0
1018,1586856,592,0.125,0
1019,1588040,1184,0.148438,0
1020,1589708,1668,0.125,0
1021,1592118,2410,0.15625,0
1022,1592603,485,0.109375,0
1023,1593187,584,0.132812,0
1024,1593623,436,0.117188,0
1025,1594379,756,0.132812,0
1026,1596757,2378,0.164062,0
1027,1598457,1700,0.109375,0
1028,1599056,599,0.125,0
1029,1600240,1184,0.148438,0
1030,1600567,327,0.101562,0
1031,1601154,587,0.109375,0
1032,1601910,756,0.109375,0
1033,1603001,1091,0.117188,0
1034,1604048,1047,0.171875,0
1035,1604808,760,0.109375,0
1036,1606520,1712,0.15625,0
1037,1606851,331,0.09375,0
1038,1607453,602,0.09375,0
1039,1607896,443,0.09375,0
1040,1608337,441,0.101562,0
1041,1608915,578,0.125,0
1042,1609530,615,0.132812,0
1043,1610911,1381,0.132812,0
1044,1611897,986,0.117188,0
1045,1613959,2062,0.148438,0
1046,1614437,478,0.109375,0
1047,1614880,443,0.109375,0
1048,1615770,890,0.132812,0
1049,1616540,770,0.132812,0
1050,1618137,1597,0.140625,0
1051,1618825,688,0.140625,0
1052,1620026,1201,0.132812,0
1053,1620511,485,0.09375,0
1054,1620959,448,0.101562,0
1055,1621551,592,0.125,0
1056,1622735,1184,0.148438,0
1057,1624403,1668,0.125,0
1058,1626813,2410,0.15625,0
1059,1627298,485,0.109375,0
1060,1627882,584,0.132812,0
1061,1628318,436,0.117188,0
1062,1629074,756,0.132812,0
1063,1631452,2378,0.164062,0
1064,1633152,1700,0.109375,0
1065,1633751,599,0.125,0
1066,1634935,1184,0.148438,0
1067,1635262,327,0.101562,0
1068,1635849,587,0.109375,0
1069,1636605,756,0.109375,0
1070,1637696,1091,0.117188,0
1071,1643663,5967,0.367188,0
1072,1644763,1100,0.109375,0
1073,1646468,1705,0.15625,0
1074,1646799,331,0.09375,0
1075,1647401,602,0.09375,0
1076,1647844,443,0.09375,0
1077,1648285,441,0.101562,0
1078,1648863,578,0.125,0
1079,1649478,615,0.132812,0
1080,1650859,1381,0.132812,0
1081,1651845,986,0.117188,0
1082,1653907,2062,0.148438,0
1083,1654385,478,0.109375,0
1084,1654828,443,0.109375,0
1085,1655718,890,0.132812,0
1086,1656488,770,0.132812,0
1087,1658085,1597,0.140625,0
1088,1658773,688,0.140625,0
1089,1659974,1201,0.132812,0
1090,1660459,485,0.09375,0
1091,1660907,448,0.101562,0
1092,1661499,592,0.125,0
1093,1662683,1184,0.148438,0
1094,1664351,1668,0.125,0
1095,1666761,2410,0.15625,0
1096,1667246,485,0.109375,0
1097,1667830,584,0.132812,0
1098,1668266,436,0.117188,0
1099,1669022,756,0.132812,0
1100,1671400,2378,0.164062,0
1101,1673100,1700,0.109375,0
1102,1673699,599,0.125,0
1103,1674883,1184,0.148438,0
1104,1675210,327,0.101562,0
1105,1675797,587,0.109375,0
1106,1676553,756,0.109375,0
1107,1677644,1091,0.117188,0
1108,1678854,1210,0.289062,0
1109,1679659,805,0.109375,0
1110,1681370,1711,0.15625,0
1111,1681701,331,0.09375,0
1112,1682302,601,0.09375,0
1113,1682745,443,0.09375,0
1114,1683186,441,0.101562,0
1115,1683764,578,0.125,0
1116,1684379,615,0.132812,0
1117,1685760,1381,0.132812,0
1118,1686746,986,0.117188,0
1119,1688808,2062,0.148438,0
1120,1689286,478,0.109375,0
1121,1689729,443,0.109375,0
1122,1690619,890,0.132812,0
1123,1691389,770,0.132812,0
1124,1692986,1597,0.140625,0
1125,1693674,688,0.140625,0
1126,1694875,1201,0.132812,0
1127,1695360,485,0.09375,0
1128,1695808,448,0.101562,0
1129,1696400,592,0.125,0
1130,1697584,1184,0.148438,0
1131,1699252,1668,0.125,0
1132,1701662,2410,0.15625,0
1133,1702147,485,0.109375,0
1134,1702731,584,0.132812,0
1135,1703167,436,0.117188,0
1136,1703923,756,0.132812,0
1137,1706301,2378,0.164062,0
1138,1708001,1700,0.109375,0
1139,1708600,599,0.125,0
1140,1709784,1184,0.148438,0
1141,1710111,327,0.101562,0
1142,1710698,587,0.109375,0
1143,1711454,756,0.109375,0
1144,1712545,1091,0.117188,0
1145,1719541,6996,0.4375,0
1146,1721019,1478,0.570312,0
1147,1721822,803,0.351562,0
1148,1722701,879,0.5,0
1149,1725953,3252,0.078125,0
1150,1729549,3596,0.0625,0
1151,1732801,3252,0.195312,0
1152,1733219,418,0.015625,0
1153,1733415,196,0.0234375,0
1154,1734002,587,0.0390625,0
1155,1735107,1105,0.0703125,0
1156,1736502,1395,0.0859375,0
1157,1737504,1002,0.0625,0
1158,1738391,887,0.0546875,0
1159,1741147,2756,0.109375,0
1160,1747603,6456,0.21875,0
1161,1748315,712,0.03125,0
1162,1748569,254,0.0234375,0
1163,1749307,738,0.0390625,0
1164,1750697,1390,0.0703125,0
1165,1752460,1763,0.0859375,0
1166,1753726,1266,0.0625,0
1167,1754833,1107,0.0546875,0
1168,1757862,3029,0.109375,0
1169,1760585,2723,0.648438,0
1170,1761192,607,0.335938,0
1171,1762296,1104,0.109375,0
1172,1764001,1705,0.15625,0
1173,1764332,331,0.09375,0
1174,1764934,602,0.09375,0
1175,1765377,443,0.09375,0
1176,1765818,441,0.101562,0
1177,1766396,578,0.125,0
1178,1767011,615,0.132812,0
1179,1768392,1381,0.132812,0
1180,1769378,986,0.117188,0
1181,1771440,2062,0.148438,0
1182,1771918,478,0.109375,0
1183,1772361,443,0.109375,0
1184,1773251,890,0.132812,0
1185,1774021,770,0.132812,0
1186,1775618,1597,0.140625,0
1187,1776306,688,0.140625,0
1188,1777507,1201,0.132812,0
1189,1777992,485,0.09375,0
1190,1778440,448,0.101562,0
1191,1779032,592,0.125,0
1192,1780216,1184,0.148438,0
1193,1781884,1668,0.125,0
1194,1784294,2410,0.15625,0
1195,1784779,485,0.109375,0
1196,1785363,584,0.132812,0
1197,1785799,436,0.117188,0
1198,1786555,756,0.132812,0
1199,1788933,2378,0.164062,0
1200,1790633,1700,0.109375,0
1201,1791232,599,0.125,0
1202,1792416,1184,0.148438,0
1203,1792743,327,0.101562,0
1204,1793330,587,0.109375,0
1205,1794086,756,0.109375,0
1206,1795177,1091,0.117188,0
1207,1796224,1047,0.171875,0
1208,1796984,760,0.109375,0
1209,1798696,1712,0.15625,0
1210,1799027,331,0.09375,0
1211,1799629,602,0.09375,0
1212,1800072,443,0.09375,0
1213,1800513,441,0.101562,0
1214,1801091,578,0.125,0
1215,1801706,615,0.132812,0
1216,1803087,1381,0.132812,0
1217,1804073,986,0.117188,0
1218,1806135,2062,0.148438,0
1219,1806613,478,0.109375,0
1220,1807056,443,0.109375,0
1221,1807946,890,0.132812,0
1222,1808716,770,0.132812,0
1223,1810313,1597,0.140625,0
1224,1811001,688,0.140625,0
1225,1812202,1201,0.132812,0
1226,1812687,485,0.09375,0
1227,1813135,448,0.101562,0
1228,1813727,592,0.125,0
1229,1814911,1184,0.148438,0
1230,1816579,1668,0.125,0
1231,1818989,2410,0.15625,0
1232,1819474,485,0.109375,0
1233,1820058,584,0.132812,0
1234,1820494,436,0.117188,0
1235,1821250,756,0.132812,0
1236,1823628,2378,0.164062,0
1237,1825328,1700,0.109375,0
1238,1825927,599,0.125,0
1239,1827111,1184,0.148438,0
1240,1827438,327,0.101562,0
1241,1828025,587,0.109375,0
1242,1828781,756,0.109375,0
1243,1829872,1091,0.117188,0
1244,1836566,6694,0.320312,0
1245,1852284,15718,0.335938,0
1246,1863364,11080,0.46875,0
1247,1864745,1381,0.34375,0
1248,1936474,71729,0.382812,0
1249,1947143,10669,0.46875,0
1250,1948282,1139,0.34375,0
1251,2013884,65602,0.4375,0
1252,2015347,1463,0.820312,0
1253,2016442,1095,0.5,0
1254,2019694,3252,0.078125,0
1255,2023290,3596,0.0625,0
1256,2026542,3252,0.195312,0
1257,2026960,418,0.015625,0
1258,2027156,196,0.0234375,0
1259,2027743,587,0.0390625,0
1260,2028848,1105,0.0703125,0
1261,2030243,1395,0.0859375,0
1262,2031245,1002,0.0625,0
1263,2032132,887,0.0546875,0
1264,2034878,2746,0.109375,0
1265,2041335,6457,0.21875,0
1266,2042047,712,0.03125,0
1267,2042301,254,0.0234375,0
1268,2043039,738,0.0390625,0
1269,2044429,1390,0.0703125,0
1270,2046192,1763,0.0859375,0
1271,2047458,1266,0.0625,0
1272,2048565,1107,0.0546875,0
1273,2051594,3029,0.109375,0
1274,2054313,2719,0.648438,0
1275,2055266,953,0.640625,0
1276,2055892,626,0.25,0
1277,2056739,847,0.5,0
1278,2060007,3268,0.0703125,0
1279,2063568,3561,0.0625,0
1280,2066820,3252,0.195312,0
1281,2067238,418,0.015625,0
1282,2067434,196,0.0234375,0
1283,2068021,587,0.0390625,0
1284,2069126,1105,0.0703125,0
1285,2070521,1395,0.0859375,0
1286,2071523,1002,0.0625,0
1287,2072410,887,0.0546875,0
1288,2075166,2756,0.109375,0
1289,2081622,6456,0.21875,0
1290,2082334,712,0.03125,0
1291,2082588,254,0.0234375,0
1292,2083326,738,0.0390625,0
1293,2084716,1390,0.0703125,0
1294,2086479,1763,0.0859375,0
1295,2087745,1266,0.0625,0
1296,2088852,1107,0.0546875,0
1297,2091881,3029,0.109375,0
1298,2094563,2682,0.640625,0
1299,2095656,1093,0.664062,0
1300,2096299,643,0.25,0
1301,2097146,847,0.5,0
1302,2100414,3268,0.0703125,0
1303,2103975,3561,0.0625,0
1304,2107227,3252,0.195312,0
1305,2107645,418,0.015625,0
1306,2107841,196,0.0234375,0
1307,2108428,587,0.0390625,0
1308,2109533,1105,0.0703125,0
1309,2110928,1395,0.0859375,0
1310,2111930,1002,0.0625,0
1311,2112817,887,0.0546875,0
1312,2115563,2746,0.109375,0
1313,2122020,6457,0.21875,0
1314,2122732,712,0.03125,0
1315,2122986,254,0.0234375,0
1316,2123724,738,0.0390625,0
1317,2125114,1390,0.0703125,0
1318,2126877,1763,0.0859375,0
1319,2128143,1266,0.0625,0
1320,2129250,1107,0.0546875,0
1321,2132279,3029,0.109375,0
1322,2135004,2725,0.648438,0
1323,2135511,507,0.320312,0
1324,2136601,1090,0.109375,0
1325,2138306,1705,0.15625,0
1326,2138637,331,0.09375,0
1327,2139239,602,0.09375,0
1328,2139682,443,0.09375,0
1329,2140123,441,0.101562,0
1330,2140701,578,0.125,0
1331,2141316,615,0.132812,0
1332,2142697,1381,0.132812,0
1333,2143683,986,0.117188,0
1334,2145745,2062,0.148438,0
1335,2146223,478,0.109375,0
1336,2146666,443,0.109375,0
1337,2147556,890,0.132812,0
1338,2148326,770,0.132812,0
1339,2149923,1597,0.140625,0
1340,2150611,688,0.140625,0
1341,2151812,1201,0.132812,0
1342,2152297,485,0.09375,0
1343,2152745,448,0.101562,0
1344,2153337,592,0.125,0
1345,2154521,1184,0.148438,0
1346,2156189,1668,0.125,0
1347,2158599,2410,0.15625,0
1348,2159084,485,0.109375,0
1349,2159668,584,0.132812,0
1350,2160104,436,0.117188,0
1351,2160860,756,0.132812,0
1352,2163238,2378,0.164062,0
1353,2164938,1700,0.109375,0
1354,2165537,599,0.125,0
1355,2166721,1184,0.148438,0
1356,2167048,327,0.101562,0
1357,2167635,587,0.109375,0
1358,2168391,756,0.109375,0
1359,2169482,1091,0.117188,0
1360,2170692,1210,0.289062,0
1361,2171497,805,0.109375,0
1362,2173208,1711,0.15625,0
1363,2173539,331,0.09375,0
1364,2174140,601,0.09375,0
1365,2174583,443,0.09375,0
1366,2175024,441,0.101562,0
1367,2175602,578,0.125,0
1368,2176217,615,0.132812,0
1369,2177598,1381,0.132812,0
1370,2178584,986,0.117188,0
1371,2180646,2062,0.148438,0
1372,2181124,478,0.109375,0
1373,2181567,443,0.109375,0
1374,2182457,890,0.132812,0
1375,2183227,770,0.132812,0
1376,2184824,1597,0.140625,0
1377,2185512,688,0.140625,0
1378,2186713,1201,0.132812,0
1379,2187198,485,0.09375,0
1380,2187646,448,0.101562,0
1381,2188238,592,0.125,0
1382,2189422,1184,0.148438,0
1383,2191090,1668,0.125,0
1384,2193500,2410,0.15625,0
1385,2193985,485,0.109375,0
1386,2194569,584,0.132812,0
1387,2195005,436,0.117188,0
1388,2195761,756,0.132812,0
1389,2198139,2378,0.164062,0
1390,2199839,1700,0.109375,0
1391,2200438,599,0.125,0
1392,2201622,1184,0.148438,0
1393,2201949,327,0.101562,0
1394,2202536,587,0.109375,0
1395,2203292,756,0.109375,0
1396,2204383,1091,0.117188,0
1397,2210301,5918,0.320312,0
1398,2210792,491,0.335938,0
1399,2211896,1104,0.109375,0
1400,2213601,1705,0.15625,0
1401,2213932,331,0.09375,0
1402,2214533,601,0.09375,0
1403,2214976,443,0.09375,0
1404,2215417,441,0.101562,0
1405,2215995,578,0.125,0
1406,2216610,615,0.132812,0
1407,2217991,1381,0.132812,0
1408,2218977,986,0.117188,0
1409,2221039,2062,0.148438,0
1410,2221517,478,0.109375,0
1411,2221960,443,0.109375,0
1412,2222850,890,0.132812,0
1413,2223620,770,0.132812,0
1414,2225217,1597,0.140625,0
1415,2225905,688,0.140625,0
1416,2227106,1201,0.132812,0
1417,2227591,485,0.09375,0
1418,2228039,448,0.101562,0
1419,2228631,592,0.125,0
1420,2229815,1184,0.148438,0
1421,2231483,1668,0.125,0
1422,2233893,2410,0.15625,0
1423,2234378,485,0.109375,0
1424,2234962,584,0.132812,0
1425,2235398,436,0.117188,0
1426,2236154,756,0.132812,0
1427,2238532,2378,0.164062,0
1428,2240232,1700,0.109375,0
1429,2240831,599,0.125,0
1430,2242015,1184,0.148438,0
1431,2242342,327,0.101562,0
1432,2242929,587,0.109375,0
1433,2243685,756,0.109375,0
1434,2244776,1091,0.117188,0
1435,2245823,1047,0.171875,0
1436,2246583,760,0.109375,0
1437,2248295,1712,0.15625,0
1438,2248626,331,0.09375,0
1439,2249228,602,0.09375,0
1440,2249671,443,0.09375,0
1441,2250112,441,0.101562,0
1442,2250690,578,0.125,0
1443,2251305,615,0.132812,0
1444,2252686,1381,0.132812,0
1445,2253672,986,0.117188,0
1446,2255734,2062,0.148438,0
1447,2256212,478,0.109375,0
1448,2256655,443,0.109375,0
1449,2257545,890,0.132812,0
1450,2258315,770,0.132812,0
1451,2259912,1597,0.140625,0
1452,2260600,688,0.140625,0
1453,2261801,1201,0.132812,0
1454,2262286,485,0.09375,0
1455,2262734,448,0.101562,0
1456,2263326,592,0.125,0
1457,2264510,1184,0.148438,0
1458,2266178,1668,0.125,0
1459,2268588,2410,0.15625,0
1460,2269073,485,0.109375,0
1461,2269657,584,0.132812,0
1462,2270093,436,0.117188,0
1463,2270849,756,0.132812,0
1464,2273227,2378,0.164062,0
1465,2274927,1700,0.109375,0
1466,2275526,599,0.125,0
1467,2276710,1184,0.148438,0
1468,2277037,327,0.101562,0
1469,2277624,587,0.109375,0
1470,2278380,756,0.109375,0
1471,2279471,1091,0.117188,0
1472,2285459,5988,0.367188,0
1473,2286559,1100,0.109375,0
1474,2288264,1705,0.15625,0
1475,2288595,331,0.09375,0
1476,2289197,602,0.09375,0
1477,2289640,443,0.09375,0
1478,2290081,441,0.101562,0
1479,2290659,578,0.125,0
1480,2291274,615,0.132812,0
1481,2292655,1381,0.132812,0
1482,2293641,986,0.117188,0
1483,2295703,2062,0.148438,0
1484,2296181,478,0.109375,0
1485,2296624,443,0.109375,0
1486,2297514,890,0.132812,0
1487,2298284,770,0.132812,0
1488,2299881,1597,0.140625,0
1489,2300569,688,0.140625,0
1490,2301770,1201,0.132812,0
1491,2302255,485,0.09375,0
1492,2302703,448,0.101562,0
1493,2303295,592,0.125,0
1494,2304479,1184,0.148438,0
1495,2306147,1668,0.125,0
1496,2308557,2410,0.15625,0
1497,2309042,485,0.109375,0
1498,2309626,584,0.132812,0
1499,2310062,436,0.117188,0
1500,2310818,756,0.132812,0
1501,2313196,2378,0.164062,0
1502,2314896,1700,0.109375,0
1503,2315495,599,0.125,0
1504,2316679,1184,0.148438,0
1505,2317006,327,0.101562,0
1506,2317593,587,0.109375,0
1507,2318349,756,0.109375,0
1508,2319440,1091,0.117188,0
1509,2320650,1210,0.289062,0
1510,2321455,805,0.109375,0
1511,2323166,1711,0.15625,0
1512,2323497,331,0.09375,0
1513,2324098,601,0.09375,0
1514,2324541,443,0.09375,0
1515,2324982,441,0.101562,0
1516,2325560,578,0.125,0
1517,2326175,615,0.132812,0
1518,2327556,1381,0.132812,0
1519,2328542,986,0.117188,0
1520,2330604,2062,0.148438,0
1521,2331082,478,0.109375,0
1522,2331525,443,0.109375,0
1523,2332415,890,0.132812,0
1524,2333185,770,0.132812,0
1525,2334782,1597,0.140625,0
1526,2335470,688,0.140625,0
1527,2336671,1201,0.132812,0
1528,2337156,485,0.09375,0
1529,2337604,448,0.101562,0
1530,2338196,592,0.125,0
1531,2339380,1184,0.148438,0
1532,2341048,1668,0.125,0
1533,2343458,2410,0.15625,0
1534,2343943,485,0.109375,0
1535,2344527,584,0.132812,0
1536,2344963,436,0.117188,0
1537,2345719,756,0.132812,0
1538,2348097,2378,0.164062,0
1539,2349797,1700,0.109375,0
1540,2350396,599,0.125,0
1541,2351580,1184,0.148438,0
1542,2351907,327,0.101562,0
1543,2352494,587,0.109375,0
1544,2353250,756,0.109375,0
1545,2354341,1091,0.117188,0
1546,2360245,5904,0.320312,0
1547,2362700,2455,0.648438,0
1548,2363557,857,0.351562,0
1549,2364436,879,0.5,0
1550,2367688,3252,0.078125,0
1551,2371284,3596,0.0625,0
1552,2374536,3252,0.195312,0
1553,2374954,418,0.015625,0
1554,2375150,196,0.0234375,0
1555,2375737,587,0.0390625,0
1556,2376842,1105,0.0703125,0
1557,2378237,1395,0.0859375,0
1558,2379239,1002,0.0625,0
1559,2380126,887,0.0546875,0
1560,2382882,2756,0.109375,0
1561,2389338,6456,0.21875,0
1562,2390050,712,0.03125,0
1563,2390304,254,0.0234375,0
1564,2391042,738,0.0390625,0
1565,2392432,1390,0.0703125,0
1566,2394195,1763,0.0859375,0
1567,2395461,1266,0.0625,0
1568,2396568,1107,0.0546875,0
1569,2399597,3029,0.109375,0
1570,2402327,2730,0.648438,0
1571,2402932,605,0.335938,0
1572,2404036,1104,0.109375,0
1573,2405741,1705,0.15625,0
1574,2406072,331,0.09375,0
1575,2406674,602,0.09375,0
1576,2407117,443,0.09375,0
1577,2407558,441,0.101562,0
1578,2408136,578,0.125,0
1579,2408751,615,0.132812,0
1580,2410132,1381,0.132812,0
1581,2411118,986,0.117188,0
1582,2413180,2062,0.148438,0
1583,2413658,478,0.109375,0
1584,2414101,443,0.109375,0
1585,2414991,890,0.132812,0
1586,2415761,770,0.132812,0
1587,2417358,1597,0.140625,0
1588,2418046,688,0.140625,0
1589,2419247,1201,0.132812,0
1590,2419732,485,0.09375,0
1591,2420180,448,0.101562,0
1592,2420772,592,0.125,0
1593,2421956,1184,0.148438,0
1594,2423624,1668,0.125,0
1595,2426034,2410,0.15625,0
1596,2426519,485,0.109375,0
1597,2427103,584,0.132812,0
1598,2427539,436,0.117188,0
1599,2428295,756,0.132812,0
1600,2430673,2378,0.164062,0
1601,2432373,1700,0.109375,0
1602,2432972,599,0.125,0
1603,2434156,1184,0.148438,0
1604,2434483,327,0.101562,0
1605,2435070,587,0.109375,0
1606,2435826,756,0.109375,0
1607,2436917,1091,0.117188,0
1608,2437964,1047,0.171875,0
1609,2438724,760,0.109375,0
1610,2440436,1712,0.15625,0
1611,2440767,331,0.09375,0
1612,2441369,602,0.09375,0
1613,2441812,443,0.09375,0
1614,2442253,441,0.101562,0
1615,2442831,578,0.125,0
1616,2443446,615,0.132812,0
1617,2444827,1381,0.132812,0
1618,2445813,986,0.117188,0
1619,2447875,2062,0.148438,0
1620,2448353,478,0.109375,0
1621,2448796,443,0.109375,0
1622,2449686,890,0.132812,0
1623,2450456,770,0.132812,0
1624,2452053,1597,0.140625,0
1625,2452741,688,0.140625,0
1626,2453942,1201,0.132812,0
1627,2454427,485,0.09375,0
1628,2454875,448,0.101562,0
1629,2455467,592,0.125,0
1630,2456651,1184,0.148438,0
1631,2458319,1668,0.125,0
1632,2460729,2410,0.15625,0
1633,2461214,485,0.109375,0
1634,2461798,584,0.132812,0
1635,2462234,436,0.117188,0
1636,2462990,756,0.132812,0
1637,2465368,2378,0.164062,0
1638,2467068,1700,0.109375,0
1639,2467667,599,0.125,0
1640,2468851,1184,0.148438,0
1641,2469178,327,0.101562,0
1642,2469765,587,0.109375,0
1643,2470521,756,0.109375,0
1644,2471612,1091,0.117188,0
1645,2478308,6696,0.320312,0
1646,2493953,15645,0.328125,0
1647,2505037,11084,0.46875,0
1648,2506419,1382,0.34375,0
1649,2578148,71729,0.382812,0
1650,2588817,10669,0.46875,0
1651,2589958,1141,0.34375,0
1652,2655555,65597,0.4375,0
1653,2657018,1463,0.820312,0
1654,2658113,1095,0.5,0
1655,2661365,3252,0.078125,0
1656,2664961,3596,0.0625,0
1657,2668213,3252,0.195312,0
1658,2668631,418,0.015625,0
1659,2668827,196,0.0234375,0
1660,2669414,587,0.0390625,0
1661,2670519,1105,0.0703125,0
1662,2671914,1395,0.0859375,0
1663,2672916,1002,0.0625,0
1664,2673803,887,0.0546875,0
1665,2676549,2746,0.109375,0
1666,2683006,6457,0.21875,0
1667,2683718,712,0.03125,0
1668,2683972,254,0.0234375,0
1669,2684710,738,0.0390625,0
1670,2686100,1390,0.0703125,0
1671,2687863,1763,0.0859375,0
1672,2689129,1266,0.0625,0
1673,2690236,1107,0.0546875,0
1674,2693265,3029,0.109375,0
1675,2695979,2714,0.648438,0
1676,2696932,953,0.640625,0
1677,2697558,626,0.25,0
1678,2698405,847,0.5,0
1679,2701673,3268,0.0703125,0
1680,2705234,3561,0.0625,0
1681,2708486,3252,0.195312,0
1682,2708904,418,0.015625,0
1683,2709100,196,0.0234375,0
1684,2709687,587,0.0390625,0
1685,2710792,1105,0.0703125,0
1686,2712187,1395,0.0859375,0
1687,2713189,1002,0.0625,0
1688,2714076,887,0.0546875,0
1689,2716832,2756,0.109375,0
1690,2723288,6456,0.21875,0
1691,2724000,712,0.03125,0
1692,2724254,254,0.0234375,0
1693,2724992,738,0.0390625,0
1694,2726382,1390,0.0703125,0
1695,2728145,1763,0.0859375,0
1696,2729411,1266,0.0625,0
1697,2730518,1107,0.0546875,0
1698,2733547,3029,0.109375,0
1699,2736232,2685,0.640625,0
1700,2737305,1073,0.648438,0
1701,2737955,650,0.257812,0
1702,2738798,843,0.5,0
1703,2742050,3252,0.078125,0
1704,2745646,3596,0.0625,0
1705,2748898,3252,0.195312,0
1706,2749316,418,0.015625,0
1707,2749512,196,0.0234375,0
1708,2750099,587,0.0390625,0
1709,2751204,1105,0.0703125,0
1710,2752599,1395,0.0859375,0
1711,2753601,1002,0.0625,0
1712,2754488,887,0.0546875,0
1713,2757234,2746,0.109375,0
1714,2763691,6457,0.21875,0
1715,2764403,712,0.03125,0
1716,2764657,254,0.0234375,0
1717,2765395,738,0.0390625,0
1718,2766785,1390,0.0703125,0
1719,2768548,1763,0.0859375,0
1720,2769814,1266,0.0625,0
1721,2770921,1107,0.0546875,0
1722,2773950,3029,0.109375,0
1723,2776666,2716,0.648438,0
1724,2777173,507,0.320312,0
1725,2778263,1090,0.109375,0
1726,2779968,1705,0.15625,0
1727,2780299,331,0.09375,0
1728,2780901,602,0.09375,0
1729,2781344,443,0.09375,0
1730,2781785,441,0.101562,0
1731,2782363,578,0.125,0
1732,2782978,615,0.132812,0
1733,2784359,1381,0.132812,0
1734,2785345,986,0.117188,0
1735,2787407,2062,0.148438,0
1736,2787885,478,0.109375,0
1737,2788328,443,0.109375,0
1738,2789218,890,0.132812,0
1739,2789988,770,0.132812,0
1740,2791585,1597,0.140625,0
1741,2792273,688,0.140625,0
1742,2793474,1201,0.132812,0
1743,2793959,485,0.09375,0
1744,2794407,448,0.101562,0
1745,2794999,592,0.125,0
1746,2796183,1184,0.148438,0
1747,2797851,1668,0.125,0
1748,2800261,2410,0.15625,0
1749,2800746,485,0.109375,0
1750,2801330,584,0.132812,0
1751,2801766,436,0.117188,0
1752,2802522,756,0.132812,0
1753,2804900,2378,0.164062,0
1754,2806600,1700,0.109375,0
1755,2807199,599,0.125,0
1756,2808383,1184,0.148438,0
1757,2808710,327,0.101562,0
1758,2809297,587,0.109375,0
1759,2810053,756,0.109375,0
1760,2811144,1091,0.117188,0
1761,2812354,1210,0.289062,0
1762,2813159,805,0.109375,0
1763,2814870,1711,0.15625,0
1764,2815201,331,0.09375,0
1765,2815802,601,0.09375,0
1766,2816245,443,0.09375,0
1767,2816686,441,0.101562,0
1768,2817264,578,0.125,0
1769,2817879,615,0.132812,0
1770,2819260,1381,0.132812,0
1771,2820246,986,0.117188,0
1772,2822308,2062,0.148438,0
1773,2822786,478,0.109375,0
1774,2823229,443,0.109375,0
1775,2824119,890,0.132812,0
1776,2824889,770,0.132812,0
1777,2826486,1597,0.140625,0
1778,2827174,688,0.140625,0
1779,2828375,1201,0.132812,0
1780,2828860,485,0.09375,0
1781,2829308,448,0.101562,0
1782,2829900,592,0.125,0
1783,2831084,1184,0.148438,0
1784,2832752,1668,0.125,0
1785,2835162,2410,0.15625,0
1786,2835647,485,0.109375,0
1787,2836231,584,0.132812,0
1788,2836667,436,0.117188,0
1789,2837423,756,0.132812,0
1790,2839801,2378,0.164062,0
1791,2841501,1700,0.109375,0
1792,2842100,599,0.125,0
1793,2843284,1184,0.148438,0
1794,2843611,327,0.101562,0
1795,2844198,587,0.109375,0
1796,2844954,756,0.109375,0
1797,2846045,1091,0.117188,0
1798,2851938,5893,0.320312,0
1799,2852444,506,0.335938,0
1800,2853548,1104,0.109375,0
1801,2855253,1705,0.15625,0
1802,2855584,331,0.09375,0
1803,2856185,601,0.09375,0
1804,2856628,443,0.09375,0
1805,2857069,441,0.101562,0
1806,2857647,578,0.125,0
1807,2858262,615,0.132812,0
1808,2859643,1381,0.132812,0
1809,2860629,986,0.117188,0
1810,2862691,2062,0.148438,0
1811,2863169,478,0.109375,0
1812,2863612,443,0.109375,0
1813,2864502,890,0.132812,0
1814,2865272,770,0.132812,0
1815,2866869,1597,0.140625,0
1816,2867557,688,0.140625,0
1817,2868758,1201,0.132812,0
1818,2869243,485,0.09375,0
1819,2869691,448,0.101562,0
1820,2870283,592,0.125,0
1821,2871467,1184,0.148438,0
1822,2873135,1668,0.125,0
1823,2875545,2410,0.15625,0
1824,2876030,485,0.109375,0
1825,2876614,584,0.132812,0
1826,2877050,436,0.117188,0
1827,2877806,756,0.132812,0
1828,2880184,2378,0.164062,0
1829,2881884,1700,0.109375,0
1830,2882483,599,0.125,0
1831,2883667,1184,0.148438,0
1832,2883994,327,0.101562,0
1833,2884581,587,0.109375,0
1834,2885337,756,0.109375,0
1835,2886428,1091,0.117188,0
1836,2887475,1047,0.171875,0
1837,2888235,760,0.109375,0
1838,2889947,1712,0.15625,0
1839,2890278,331,0.09375,0
1840,2890880,602,0.09375,0
1841,2891323,443,0.09375,0
1842,2891764,441,0.101562,0
1843,2892342,578,0.125,0
1844,2892957,615,0.132812,0
1845,2894338,1381,0.132812,0
1846,2895324,986,0.117188,0
1847,2897386,2062,0.148438,0
1848,2897864,478,0.109375,0
1849,2898307,443,0.109375,0
1850,2899197,890,0.132812,0
1851,2899967,770,0.132812,0
1852,2901564,1597,0.140625,0
1853,2902252,688,0.140625,0
1854,2903453,1201,0.132812,0
1855,2903938,485,0.09375,0
1856,2904386,448,0.101562,0
1857,2904978,592,0.125,0
1858,2906162,1184,0.148438,0
1859,2907830,1668,0.125,0
1860,2910240,2410,0.15625,0
1861,2910725,485,0.109375,0
1862,2911309,584,0.132812,0
1863,2911745,436,0.117188,0
1864,2912501,756,0.132812,0
1865,2914879,2378,0.164062,0
1866,2916579,1700,0.109375,0
1867,2917178,599,0.125,0
1868,2918362,1184,0.148438,0
1869,2918689,327,0.101562,0
1870,2919276,587,0.109375,0
1871,2920032,756,0.109375,0
1872,2921123,1091,0.117188,0
1873,2927083,5960,0.367188,0
1874,2928183,1100,0.109375,0
1875,2929888,1705,0.15625,0
1876,2930219,331,0.09375,0
1877,2930821,602,0.09375,0
1878,2931264,443,0.09375,0
1879,2931705,441,0.101562,0
1880,2932283,578,0.125,0
1881,2932898,615,0.132812,0
1882,2934279,1381,0.132812,0
1883,2935265,986,0.117188,0
1884,2937327,2062,0.148438,0
1885,2937805,478,0.109375,0
1886,2938248,443,0.109375,0
1887,2939138,890,0.132812,0
1888,2939908,770,0.132812,0
1889,2941505,1597,0.140625,0
1890,2942193,688,0.140625,0
1891,2943394,1201,0.132812,0
1892,2943879,485,0.09375,0
1893,2944327,448,0.101562,0
1894,2944919,592,0.125,0
1895,2946103,1184,0.148438,0
1896,2947771,1668,0.125,0
1897,2950181,2410,0.15625,0
1898,2950666,485,0.109375,0
1899,2951250,584,0.132812,0
1900,2951686,436,0.117188,0
1901,2952442,756,0.132812,0
1902,2954820,2378,0.164062,0
1903,2956520,1700,0.109375,0
1904,2957119,599,0.125,0
1905,2958303,1184,0.148438,0
1906,2958630,327,0.101562,0
1907,2959217,587,0.109375,0
1908,2959973,756,0.109375,0
1909,2961064,1091,0.117188,0
1910,2962274,1210,0.289062,0
1911,2963079,805,0.109375,0
1912,2964790,1711,0.15625,0
1913,2965121,331,0.09375,0
1914,2965722,601,0.09375,0
1915,2966165,443,0.09375,0
1916,2966606,441,0.101562,0
1917,2967184,578,0.125,0
1918,2967799,615,0.132812,0
1919,2969180,1381,0.132812,0
1920,2970166,986,0.117188,0
1921,2972228,2062,0.148438,0
1922,2972706,478,0.109375,0
1923,2973149,443,0.109375,0
1924,2974039,890,0.132812,0
1925,2974809,770,0.132812,0
1926,2976406,1597,0.140625,0
1927,2977094,688,0.140625,0
1928,2978295,1201,0.132812,0
1929,2978780,485,0.09375,0
1930,2979228,448,0.101562,0
1931,2979820,592,0.125,0
1932,2981004,1184,0.148438,0
1933,2982672,1668,0.125,0
1934,2985082,2410,0.15625,0
1935,2985567,485,0.109375,0
1936,2986151,584,0.132812,0
1937,2986587,436,0.117188,0
1938,2987343,756,0.132812,0
1939,2989721,2378,0.164062,0
1940,2991421,1700,0.109375,0
1941,2992020,599,0.125,0
1942,2993204,1184,0.148438,0
1943,2993531,327,0.101562,0
1944,2994118,587,0.109375,0
1945,2994874,756,0.109375,0
1946,2995965,1091,0.117188,0
1947,3002977,7012,0.4375,0
1948,3004447,1470,0.570312,0
1949,3005250,803,0.351562,0
1950,3006129,879,0.5,0
1951,3009381,3252,0.078125,0
1952,3012977,3596,0.0625,0
1953,3016229,3252,0.195312,0
1954,3016647,418,0.015625,0
1955,3016843,196,0.0234375,0
1956,3017430,587,0.0390625,0
1957,3018535,1105,0.0703125,0
1958,3019930,1395,0.0859375,0
1959,3020932,1002,0.0625,0
1960,3021819,887,0.0546875,0
1961,3024575,2756,0.109375,0
1962,3031031,6456,0.21875,0
1963,3031743,712,0.03125,0
1964,3031997,254,0.0234375,0
1965,3032735,738,0.0390625,0
1966,3034125,1390,0.0703125,0
1967,3035888,1763,0.0859375,0
1968,3037154,1266,0.0625,0
1969,3038261,1107,0.0546875,0
1970,3041290,3029,0.109375,0
1971,3044012,2722,0.648438,0
1972,3044617,605,0.335938,0
1973,3045721,1104,0.109375,0
1974,3047426,1705,0.15625,0
1975,3047757,331,0.09375,0
1976,3048359,602,0.09375,0
1977,3048802,443,0.09375,0
1978,3049243,441,0.101562,0
1979,3049821,578,0.125,0
1980,3050436,615,0.132812,0
1981,3051817,1381,0.132812,0
1982,3052803,986,0.117188,0
1983,3054865,2062,0.148438,0
1984,3055343,478,0.109375,0
1985,3055786,443,0.109375,0
1986,3056676,890,0.132812,0
1987,3057446,770,0.132812,0
1988,3059043,1597,0.140625,0
1989,3059731,688,0.140625,0
1990,3060932,1201,0.132812,0
1991,3061417,485,0.09375,0
1992,3061865,448,0.101562,0
1993,3062457,592,0.125,0
1994,3063641,1184,0.148438,0
1995,3065309,1668,0.125,0
1996,3067719,2410,0.15625,0
1997,3068204,485,0.109375,0
1998,3068788,584,0.132812,0
1999,3069224,436,0.117188,0
2000,3069980,756,0.132812,0
2001,3072358,2378,0.164062,0
2002,3074058,1700,0.109375,0
2003,3074657,599,0.125,0
2004,3075841,1184,0.148438,0
2005,3076168,327,0.101562,0
2006,3076755,587,0.109375,0
2007,3077511,756,0.109375,0
2008,3078602,1091,0.117188,0
2009,3079649,1047,0.171875,0
2010,3080409,760,0.109375,0
2011,3082121,1712,0.15625,0
2012,3082452,331,0.09375,0
2013,3083054,602,0.09375,0
2014,3083497,443,0.09375,0
2015,3083938,441,0.101562,0
2016,3084516,578,0.125,0
2017,3085131,615,0.132812,0
2018,3086512,1381,0.132812,0
2019,3087498,986,0.117188,0
2020,3089560,2062,0.148438,0
2021,3090038,478,0.109375,0
2022,3090481,443,0.109375,0
2023,3091371,890,0.132812,0
2024,3092141,770,0.132812,0
2025,3093738,1597,0.140625,0
2026,3094426,688,0.140625,0
2027,3095627,1201,0.132812,0
2028,3096112,485,0.09375,0
2029,3096560,448,0.101562,0
2030,3097152,592,0.125,0
2031,3098336,1184,0.148438,0
2032,3100004,1668,0.125,0
2033,3102414,2410,0.15625,0
2034,3102899,485,0.109375,0
2035,3103483,584,0.132812,0
2036,3103919,436,0.117188,0
2037,3104675,756,0.132812,0
2038,3107053,2378,0.164062,0
2039,3108753,1700,0.109375,0
2040,3109352,599,0.125,0
2041,3110536,1184,0.148438,0
2042,3110863,327,0.101562,0
2043,3111450,587,0.109375,0
2044,3112206,756,0.109375,0
2045,3113297,1091,0.117188,0
2046,3120017,6720,0.320312,0
2047,3135964,15947,0.335938,0
2048,3147028,11064,0.46875,0
2049,3148414,1386,0.34375,0
2050,3220143,71729,0.382812,0
2051,3230812,10669,0.46875,0
2052,3232099,1287,0.046875,0
2053,3232498,399,0.015625,0
2054,3232805,307,0.015625,0
2055,3233112,307,0.015625,0
2056,3233419,307,0.015625,0
2057,3233726,307,0.015625,0
2058,3234033,307,0.015625,0
2059,3234339,306,0.015625,0
2060,3234645,306,0.015625,0
2061,3234951,306,0.015625,0
2062,3235258,307,0.015625,0
2063,3235565,307,0.015625,0
2064,3235872,307,0.015625,0
2065,3236179,307,0.015625,0
2066,3236486,307,0.015625,0
2067,3236793,307,0.015625,0
2068,3237100,307,0.015625,0
2069,3237407,307,0.015625,0
2070,3237714,307,0.015625,0
2071,3238021,307,0.015625,0
2072,3238328,307,0.015625,0
2073,3238635,307,0.015625,0
2074,3238942,307,0.015625,0
2075,3239249,307,0.015625,0
2076,3239556,307,0.015625,0
2077,3239863,307,0.015625,0
2078,3240170,307,0.015625,0
2079,3240477,307,0.015625,0
2080,3240784,307,0.015625,0
2081,3241091,307,0.015625,0
2082,3241398,307,0.015625,0
2083,3241705,307,0.015625,0
2084,3242012,307,0.015625,0
2085,3242319,307,0.015625,0
2086,3242626,307,0.015625,0
2087,3242933,307,0.015625,0
2088,3243240,307,0.015625,0
2089,3243547,307,0.015625,0
2090,3243854,307,0.015625,0
2091,3244161,307,0.015625,0
2092,3244468,307,0.015625,0
2093,3244775,307,0.015625,0
2094,3245082,307,0.015625,0
2095,3245389,307,0.015625,0
2096,3246083,694,0.28125,0
2097,3247355,1272,0.171875,0
2098,3247972,617,0.273438,0
2099,3248415,443,0.242188,0
2100,3249696,1281,0.171875,0
2101,3250030,334,0.195312,0
2102,3250775,745,0.179688,0
2103,3251067,292,0.226562,0
2104,3252395,1328,0.179688,0
2105,3252945,550,0.25,0
2106,3253815,870,0.015625,0
2107,3254224,409,0.015625,0
2108,3254633,409,0.015625,0
2109,3255042,409,0.015625,0
2110,3255451,409,0.015625,0
2111,3255860,409,0.015625,0
2112,3256269,409,0.015625,0
2113,3256678,409,0.015625,0
2114,3257087,409,0.015625,0
2115,3257496,409,0.015625,0
2116,3257905,409,0.015625,0
2117,3258314,409,0.015625,0
2118,3258723,409,0.015625,0
2119,3259132,409,0.015625,0
2120,3259541,409,0.015625,0
2121,3259950,409,0.015625,0
2122,3260359,409,0.015625,0
2123,3260768,409,0.015625,0
2124,3261177,409,0.015625,0
2125,3261586,409,0.015625,0
2126,3261995,409,0.015625,0
2127,3262404,409,0.015625,0
2128,3262813,409,0.015625,0
2129,3263222,409,0.015625,0
2130,3263439,217,0.015625,0
2131,3263852,413,0.015625,0
2132,3264265,413,0.015625,0
2133,3264678,413,0.015625,0
2134,3265115,437,0.015625,0
2135,3265528,413,0.015625,0
2136,3265941,413,0.015625,0
2137,3266354,413,0.015625,0
2138,3266791,437,0.015625,0
2139,3267203,412,0.015625,0
2140,3267615,412,0.015625,0
2141,3268027,412,0.015625,0
2142,3268464,437,0.015625,0
2143,3268877,413,0.015625,0
2144,3269290,413,0.015625,0
2145,3269703,413,0.015625,0
2146,3270140,437,0.015625,0
2147,3270553,413,0.015625,0
2148,3270966,413,0.015625,0
2149,3271379,413,0.015625,0
2150,3271816,437,0.015625,0
2151,3272229,413,0.015625,0
2152,3272642,413,0.015625,0
2153,3273055,413,0.015625,0
2154,3273492,437,0.015625,0
2155,3273905,413,0.015625,0
2156,3274318,413,0.015625,0
2157,3274731,413,0.015625,0
2158,3275168,437,0.015625,0
2159,3275581,413,0.015625,0
2160,3275994,413,0.015625,0
2161,3276407,413,0.015625,0
2162,3276837,430,0.015625,0
2163,3277246,409,0.015625,0
2164,3277655,409,0.015625,0
2165,3278064,409,0.015625,0
2166,3278610,546,0.273438,0
2167,3279879,1269,0.171875,0
2168,3280543,664,0.4375,0
2169,3281895,1352,0.164062,0
2170,3283358,1463,0.078125,0
2171,3285500,2142,0.3125,0
2172,3286004,504,0.132812,0
2173,3288676,2672,0.382812,0
2174,3289805,1129,0.375,0
2175,3291219,1414,0.179688,0
2176,3291674,455,0.304688,0
2177,3292267,593,0.0703125,0
2178,3292544,277,0.0625,0
2179,3292820,276,0.0625,0
2180,3293096,276,0.0625,0
2181,3293585,489,0.0859375,0
2182,3293844,259,0.125,0
2183,3294456,612,0.257812,0
2184,3295807,1351,0.296875,0
2185,3296478,671,0.3125,0
2186,3297457,979,0.25,0
2187,3298616,1159,0.15625,0
2188,3298888,272,0.171875,0
2189,3299535,647,0.3125,0
2190,3300334,799,0.226562,0
2191,3301677,1343,0.179688,0
2192,3301953,276,0.171875,0
2193,3302559,606,0.3125,0
2194,3304052,1493,0.3125,0
2195,3304918,866,0.234375,0
2196,3305550,632,0.3125,0
2197,3306529,979,0.25,0
2198,3307688,1159,0.15625,0
2199,3307961,273,0.171875,0
2200,3308675,714,0.15625,0
2201,3309021,346,0.0234375,0
2202,3310548,1527,0.148438,0
