checkpoints,cycle count,last checkpoint,dirty ratio,cause
1,88226,88226,0.621094,0
2,124408,36182,0.703125,0
3,157716,33308,0.632812,0
4,160360,2644,0.6875,0
5,193655,33295,0.632812,0
6,198798,5143,0.113281,0
7,203983,5185,0.0859375,0
8,204475,492,0.0546875,0
9,204918,443,0.0546875,0
10,205794,876,0.0664062,0
11,206564,770,0.0664062,0
12,208161,1597,0.0703125,0
13,208849,688,0.0703125,0
14,216071,7222,0.0859375,0
15,216570,499,0.0546875,0
16,217140,570,0.0664062,0
17,217576,436,0.0585938,0
18,218685,1109,0.0664062,0
19,220878,2193,0.078125,0
20,227343,6465,0.160156,0
21,228146,803,0.0546875,0
22,236206,8060,0.0859375,0
23,236698,492,0.0546875,0
24,237140,442,0.0546875,0
25,238016,876,0.0664062,0
26,238785,769,0.0664062,0
27,240382,1597,0.0703125,0
28,241070,688,0.0703125,0
29,248292,7222,0.0859375,0
30,248791,499,0.0546875,0
31,249361,570,0.0664062,0
32,249797,436,0.0585938,0
33,250906,1109,0.0664062,0
34,253099,2193,0.078125,0
35,264559,11460,0.253906,0
36,265691,1132,0.0546875,0
37,273753,8062,0.0859375,0
38,274245,492,0.0546875,0
39,274687,442,0.0546875,0
40,275563,876,0.0664062,0
41,276333,770,0.0664062,0
42,277930,1597,0.0703125,0
43,278618,688,0.0703125,0
44,285840,7222,0.0859375,0
45,286339,499,0.0546875,0
46,286909,570,0.0664062,0
47,287345,436,0.0585938,0
48,288454,1109,0.0664062,0
49,290647,2193,0.078125,0
50,296922,6275,0.101562,0
51,297710,788,0.0546875,0
52,305774,8064,0.0859375,0
53,306266,492,0.0546875,0
54,306709,443,0.0546875,0
55,307585,876,0.0664062,0
56,308355,770,0.0664062,0
57,309952,1597,0.0703125,0
58,310640,688,0.0703125,0
59,317862,7222,0.0859375,0
60,318361,499,0.0546875,0
61,318931,570,0.0664062,0
62,319367,436,0.0585938,0
63,320476,1109,0.0664062,0
64,322669,2193,0.078125,0
65,333874,11205,0.183594,0
66,334974,1100,0.0546875,0
67,343038,8064,0.0859375,0
68,343530,492,0.0546875,0
69,343973,443,0.0546875,0
70,344849,876,0.0664062,0
71,345619,770,0.0664062,0
72,347216,1597,0.0703125,0
73,347904,688,0.0703125,0
74,355126,7222,0.0859375,0
75,355625,499,0.0546875,0
76,356195,570,0.0664062,0
77,356631,436,0.0585938,0
78,357740,1109,0.0664062,0
79,359933,2193,0.078125,0
80,366398,6465,0.160156,0
81,367201,803,0.0546875,0
82,375261,8060,0.0859375,0
83,375753,492,0.0546875,0
84,376195,442,0.0546875,0
85,377071,876,0.0664062,0
86,377840,769,0.0664062,0
87,379437,1597,0.0703125,0
88,380125,688,0.0703125,0
89,387347,7222,0.0859375,0
90,387846,499,0.0546875,0
91,388416,570,0.0664062,0
92,388852,436,0.0585938,0
93,389961,1109,0.0664062,0
94,392154,2193,0.078125,0
95,404898,12744,0.25,0
96,411859,6961,0.671875,0
97,440708,28849,0.652344,0
98,453617,12909,0.0703125,0
99,454562,945,0.0664062,0
100,455096,534,0.0703125,0
101,462318,7222,0.0859375,0
102,462817,499,0.0546875,0
103,463387,570,0.0664062,0
104,463823,436,0.0585938,0
105,464932,1109,0.0664062,0
106,467125,2193,0.078125,0
107,473400,6275,0.101562,0
108,474188,788,0.0546875,0
109,482252,8064,0.0859375,0
110,482744,492,0.0546875,0
111,483187,443,0.0546875,0
112,484063,876,0.0664062,0
113,484833,770,0.0664062,0
114,486430,1597,0.0703125,0
115,487118,688,0.0703125,0
116,494340,7222,0.0859375,0
117,494839,499,0.0546875,0
118,495409,570,0.0664062,0
119,495845,436,0.0585938,0
120,496954,1109,0.0664062,0
121,499147,2193,0.078125,0
122,521522,22375,0.269531,0
123,620670,99148,0.324219,0
124,687565,66895,0.515625,0
125,723696,36131,0.699219,0
126,757000,33304,0.632812,0
127,759640,2640,0.6875,0
128,792938,33298,0.632812,0
129,798081,5143,0.113281,0
130,803266,5185,0.0859375,0
131,803758,492,0.0546875,0
132,804201,443,0.0546875,0
133,805077,876,0.0664062,0
134,805847,770,0.0664062,0
135,807444,1597,0.0703125,0
136,808132,688,0.0703125,0
137,815354,7222,0.0859375,0
138,815853,499,0.0546875,0
139,816423,570,0.0664062,0
140,816859,436,0.0585938,0
141,817968,1109,0.0664062,0
142,820161,2193,0.078125,0
143,826626,6465,0.160156,0
144,827429,803,0.0546875,0
145,835489,8060,0.0859375,0
146,835981,492,0.0546875,0
147,836423,442,0.0546875,0
148,837299,876,0.0664062,0
149,838068,769,0.0664062,0
150,839665,1597,0.0703125,0
151,840353,688,0.0703125,0
152,847575,7222,0.0859375,0
153,848074,499,0.0546875,0
154,848644,570,0.0664062,0
155,849080,436,0.0585938,0
156,850189,1109,0.0664062,0
157,852382,2193,0.078125,0
158,863835,11453,0.25,0
159,864964,1129,0.0546875,0
160,873026,8062,0.0859375,0
161,873518,492,0.0546875,0
162,873960,442,0.0546875,0
163,874836,876,0.0664062,0
164,875606,770,0.0664062,0
165,877203,1597,0.0703125,0
166,877891,688,0.0703125,0
167,885113,7222,0.0859375,0
168,885612,499,0.0546875,0
169,886182,570,0.0664062,0
170,886618,436,0.0585938,0
171,887727,1109,0.0664062,0
172,889920,2193,0.078125,0
173,896195,6275,0.101562,0
174,896983,788,0.0546875,0
175,905047,8064,0.0859375,0
176,905539,492,0.0546875,0
177,905982,443,0.0546875,0
178,906858,876,0.0664062,0
179,907628,770,0.0664062,0
180,909225,1597,0.0703125,0
181,909913,688,0.0703125,0
182,917135,7222,0.0859375,0
183,917634,499,0.0546875,0
184,918204,570,0.0664062,0
185,918640,436,0.0585938,0
186,919749,1109,0.0664062,0
187,921942,2193,0.078125,0
188,933154,11212,0.183594,0
189,934254,1100,0.0546875,0
190,942318,8064,0.0859375,0
191,942810,492,0.0546875,0
192,943253,443,0.0546875,0
193,944129,876,0.0664062,0
194,944899,770,0.0664062,0
195,946496,1597,0.0703125,0
196,947184,688,0.0703125,0
197,954406,7222,0.0859375,0
198,954905,499,0.0546875,0
199,955475,570,0.0664062,0
200,955911,436,0.0585938,0
201,957020,1109,0.0664062,0
202,959213,2193,0.078125,0
203,965678,6465,0.160156,0
204,966481,803,0.0546875,0
205,974541,8060,0.0859375,0
206,975033,492,0.0546875,0
207,975475,442,0.0546875,0
208,976351,876,0.0664062,0
209,977120,769,0.0664062,0
210,978717,1597,0.0703125,0
211,979405,688,0.0703125,0
212,986627,7222,0.0859375,0
213,987126,499,0.0546875,0
214,987696,570,0.0664062,0
215,988132,436,0.0585938,0
216,989241,1109,0.0664062,0
217,991434,2193,0.078125,0
218,1004183,12749,0.25,0
219,1011144,6961,0.671875,0
220,1039994,28850,0.652344,0
221,1052903,12909,0.0703125,0
222,1053848,945,0.0664062,0
223,1054382,534,0.0703125,0
224,1061604,7222,0.0859375,0
225,1062103,499,0.0546875,0
226,1062673,570,0.0664062,0
227,1063109,436,0.0585938,0
228,1064218,1109,0.0664062,0
229,1066411,2193,0.078125,0
230,1072686,6275,0.101562,0
231,1073474,788,0.0546875,0
232,1081538,8064,0.0859375,0
233,1082030,492,0.0546875,0
234,1082473,443,0.0546875,0
235,1083349,876,0.0664062,0
236,1084119,770,0.0664062,0
237,1085716,1597,0.0703125,0
238,1086404,688,0.0703125,0
239,1093626,7222,0.0859375,0
240,1094125,499,0.0546875,0
241,1094695,570,0.0664062,0
242,1095131,436,0.0585938,0
243,1096240,1109,0.0664062,0
244,1098433,2193,0.078125,0
245,1120965,22532,0.269531,0
246,1285847,164882,0.363281,0
247,1292990,7143,0.660156,0
248,1323256,30266,0.699219,0
249,1356561,33305,0.632812,0
250,1359203,2642,0.6875,0
251,1392494,33291,0.632812,0
252,1397643,5149,0.113281,0
253,1402828,5185,0.0859375,0
254,1403320,492,0.0546875,0
255,1403763,443,0.0546875,0
256,1404639,876,0.0664062,0
257,1405409,770,0.0664062,0
258,1407006,1597,0.0703125,0
259,1407694,688,0.0703125,0
260,1414916,7222,0.0859375,0
261,1415415,499,0.0546875,0
262,1415985,570,0.0664062,0
263,1416421,436,0.0585938,0
264,1417530,1109,0.0664062,0
265,1419723,2193,0.078125,0
266,1426188,6465,0.160156,0
267,1426991,803,0.0546875,0
268,1435051,8060,0.0859375,0
269,1435543,492,0.0546875,0
270,1435985,442,0.0546875,0
271,1436861,876,0.0664062,0
272,1437630,769,0.0664062,0
273,1439227,1597,0.0703125,0
274,1439915,688,0.0703125,0
275,1447137,7222,0.0859375,0
276,1447636,499,0.0546875,0
277,1448206,570,0.0664062,0
278,1448642,436,0.0585938,0
279,1449751,1109,0.0664062,0
280,1451944,2193,0.078125,0
281,1463397,11453,0.25,0
282,1464526,1129,0.0546875,0
283,1472588,8062,0.0859375,0
284,1473080,492,0.0546875,0
285,1473522,442,0.0546875,0
286,1474398,876,0.0664062,0
287,1475168,770,0.0664062,0
288,1476765,1597,0.0703125,0
289,1477453,688,0.0703125,0
290,1484675,7222,0.0859375,0
291,1485174,499,0.0546875,0
292,1485744,570,0.0664062,0
293,1486180,436,0.0585938,0
294,1487289,1109,0.0664062,0
295,1489482,2193,0.078125,0
296,1495757,6275,0.101562,0
297,1496545,788,0.0546875,0
298,1504609,8064,0.0859375,0
299,1505101,492,0.0546875,0
300,1505544,443,0.0546875,0
301,1506420,876,0.0664062,0
302,1507190,770,0.0664062,0
303,1508787,1597,0.0703125,0
304,1509475,688,0.0703125,0
305,1516697,7222,0.0859375,0
306,1517196,499,0.0546875,0
307,1517766,570,0.0664062,0
308,1518202,436,0.0585938,0
309,1519311,1109,0.0664062,0
310,1521504,2193,0.078125,0
311,1532692,11188,0.183594,0
312,1533792,1100,0.0546875,0
313,1541856,8064,0.0859375,0
314,1542348,492,0.0546875,0
315,1542791,443,0.0546875,0
316,1543667,876,0.0664062,0
317,1544437,770,0.0664062,0
318,1546034,1597,0.0703125,0
319,1546722,688,0.0703125,0
320,1553944,7222,0.0859375,0
321,1554443,499,0.0546875,0
322,1555013,570,0.0664062,0
323,1555449,436,0.0585938,0
324,1556558,1109,0.0664062,0
325,1558751,2193,0.078125,0
326,1565216,6465,0.160156,0
327,1566019,803,0.0546875,0
328,1574079,8060,0.0859375,0
329,1574571,492,0.0546875,0
330,1575013,442,0.0546875,0
331,1575889,876,0.0664062,0
332,1576658,769,0.0664062,0
333,1578255,1597,0.0703125,0
334,1578943,688,0.0703125,0
335,1586165,7222,0.0859375,0
336,1586664,499,0.0546875,0
337,1587234,570,0.0664062,0
338,1587670,436,0.0585938,0
339,1588779,1109,0.0664062,0
340,1590972,2193,0.078125,0
341,1603750,12778,0.25,0
342,1610711,6961,0.671875,0
343,1639562,28851,0.652344,0
344,1652471,12909,0.0703125,0
345,1653416,945,0.0664062,0
346,1653950,534,0.0703125,0
347,1661172,7222,0.0859375,0
348,1661671,499,0.0546875,0
349,1662241,570,0.0664062,0
350,1662677,436,0.0585938,0
351,1663786,1109,0.0664062,0
352,1665979,2193,0.078125,0
353,1672254,6275,0.101562,0
354,1673042,788,0.0546875,0
355,1681106,8064,0.0859375,0
356,1681598,492,0.0546875,0
357,1682041,443,0.0546875,0
358,1682917,876,0.0664062,0
359,1683687,770,0.0664062,0
360,1685284,1597,0.0703125,0
361,1685972,688,0.0703125,0
362,1693194,7222,0.0859375,0
363,1693693,499,0.0546875,0
364,1694263,570,0.0664062,0
365,1694699,436,0.0585938,0
366,1695808,1109,0.0664062,0
367,1698001,2193,0.078125,0
368,1720407,22406,0.269531,0
369,1885242,164835,0.363281,0
370,1892385,7143,0.660156,0
371,1922660,30275,0.699219,0
372,1955964,33304,0.632812,0
373,1958603,2639,0.6875,0
374,1991901,33298,0.632812,0
375,1997047,5146,0.113281,0
376,2002232,5185,0.0859375,0
377,2002724,492,0.0546875,0
378,2003167,443,0.0546875,0
379,2004043,876,0.0664062,0
380,2004813,770,0.0664062,0
381,2006410,1597,0.0703125,0
382,2007098,688,0.0703125,0
383,2014320,7222,0.0859375,0
384,2014819,499,0.0546875,0
385,2015389,570,0.0664062,0
386,2015825,436,0.0585938,0
387,2016934,1109,0.0664062,0
388,2019127,2193,0.078125,0
389,2025592,6465,0.160156,0
390,2026395,803,0.0546875,0
391,2034455,8060,0.0859375,0
392,2034947,492,0.0546875,0
393,2035389,442,0.0546875,0
394,2036265,876,0.0664062,0
395,2037034,769,0.0664062,0
396,2038631,1597,0.0703125,0
397,2039319,688,0.0703125,0
398,2046541,7222,0.0859375,0
399,2047040,499,0.0546875,0
400,2047610,570,0.0664062,0
401,2048046,436,0.0585938,0
402,2049155,1109,0.0664062,0
403,2051348,2193,0.078125,0
404,2062806,11458,0.25,0
405,2063935,1129,0.0546875,0
406,2071997,8062,0.0859375,0
407,2072489,492,0.0546875,0
408,2072931,442,0.0546875,0
409,2073807,876,0.0664062,0
410,2074577,770,0.0664062,0
411,2076174,1597,0.0703125,0
412,2076862,688,0.0703125,0
413,2084084,7222,0.0859375,0
414,2084583,499,0.0546875,0
415,2085153,570,0.0664062,0
416,2085589,436,0.0585938,0
417,2086698,1109,0.0664062,0
418,2088891,2193,0.078125,0
419,2095166,6275,0.101562,0
420,2095954,788,0.0546875,0
421,2104018,8064,0.0859375,0
422,2104510,492,0.0546875,0
423,2104953,443,0.0546875,0
424,2105829,876,0.0664062,0
425,2106599,770,0.0664062,0
426,2108196,1597,0.0703125,0
427,2108884,688,0.0703125,0
428,2116106,7222,0.0859375,0
429,2116605,499,0.0546875,0
430,2117175,570,0.0664062,0
431,2117611,436,0.0585938,0
432,2118720,1109,0.0664062,0
433,2120913,2193,0.078125,0
434,2132122,11209,0.183594,0
435,2133222,1100,0.0546875,0
436,2141286,8064,0.0859375,0
437,2141778,492,0.0546875,0
438,2142221,443,0.0546875,0
439,2143097,876,0.0664062,0
440,2143867,770,0.0664062,0
441,2145464,1597,0.0703125,0
442,2146152,688,0.0703125,0
443,2153374,7222,0.0859375,0
444,2153873,499,0.0546875,0
445,2154443,570,0.0664062,0
446,2154879,436,0.0585938,0
447,2155988,1109,0.0664062,0
448,2158181,2193,0.078125,0
449,2164646,6465,0.160156,0
450,2165449,803,0.0546875,0
451,2173509,8060,0.0859375,0
452,2174001,492,0.0546875,0
453,2174443,442,0.0546875,0
454,2175319,876,0.0664062,0
455,2176088,769,0.0664062,0
456,2177685,1597,0.0703125,0
457,2178373,688,0.0703125,0
458,2185595,7222,0.0859375,0
459,2186094,499,0.0546875,0
460,2186664,570,0.0664062,0
461,2187100,436,0.0585938,0
462,2188209,1109,0.0664062,0
463,2190402,2193,0.078125,0
464,2203154,12752,0.25,0
465,2210115,6961,0.671875,0
466,2238971,28856,0.652344,0
467,2251880,12909,0.0703125,0
468,2252825,945,0.0664062,0
469,2253359,534,0.0703125,0
470,2260581,7222,0.0859375,0
471,2261080,499,0.0546875,0
472,2261650,570,0.0664062,0
473,2262086,436,0.0585938,0
474,2263195,1109,0.0664062,0
475,2265388,2193,0.078125,0
476,2271663,6275,0.101562,0
477,2272451,788,0.0546875,0
478,2280515,8064,0.0859375,0
479,2281007,492,0.0546875,0
480,2281450,443,0.0546875,0
481,2282326,876,0.0664062,0
482,2283096,770,0.0664062,0
483,2284693,1597,0.0703125,0
484,2285381,688,0.0703125,0
485,2292603,7222,0.0859375,0
486,2293102,499,0.0546875,0
487,2293672,570,0.0664062,0
488,2294108,436,0.0585938,0
489,2295217,1109,0.0664062,0
490,2297410,2193,0.078125,0
491,2319802,22392,0.269531,0
492,2484585,164783,0.363281,0
493,2491728,7143,0.660156,0
494,2521998,30270,0.699219,0
495,2555303,33305,0.632812,0
496,2557946,2643,0.6875,0
497,2591238,33292,0.632812,0
498,2596381,5143,0.113281,0
499,2601566,5185,0.0859375,0
500,2602058,492,0.0546875,0
501,2602501,443,0.0546875,0
502,2603377,876,0.0664062,0
503,2604147,770,0.0664062,0
504,2605744,1597,0.0703125,0
505,2606432,688,0.0703125,0
506,2613654,7222,0.0859375,0
507,2614153,499,0.0546875,0
508,2614723,570,0.0664062,0
509,2615159,436,0.0585938,0
510,2616268,1109,0.0664062,0
511,2618461,2193,0.078125,0
512,2624926,6465,0.160156,0
513,2625729,803,0.0546875,0
514,2633789,8060,0.0859375,0
515,2634281,492,0.0546875,0
516,2634723,442,0.0546875,0
517,2635599,876,0.0664062,0
518,2636368,769,0.0664062,0
519,2637965,1597,0.0703125,0
520,2638653,688,0.0703125,0
521,2645875,7222,0.0859375,0
522,2646374,499,0.0546875,0
523,2646944,570,0.0664062,0
524,2647380,436,0.0585938,0
525,2648489,1109,0.0664062,0
526,2650682,2193,0.078125,0
527,2662130,11448,0.25,0
528,2663259,1129,0.0546875,0
529,2671321,8062,0.0859375,0
530,2671813,492,0.0546875,0
531,2672255,442,0.0546875,0
532,2673131,876,0.0664062,0
533,2673901,770,0.0664062,0
534,2675498,1597,0.0703125,0
535,2676186,688,0.0703125,0
536,2683408,7222,0.0859375,0
537,2683907,499,0.0546875,0
538,2684477,570,0.0664062,0
539,2684913,436,0.0585938,0
540,2686022,1109,0.0664062,0
541,2688215,2193,0.078125,0
542,2694490,6275,0.101562,0
543,2695278,788,0.0546875,0
544,2703342,8064,0.0859375,0
545,2703834,492,0.0546875,0
546,2704277,443,0.0546875,0
547,2705153,876,0.0664062,0
548,2705923,770,0.0664062,0
549,2707520,1597,0.0703125,0
550,2708208,688,0.0703125,0
551,2715430,7222,0.0859375,0
552,2715929,499,0.0546875,0
553,2716499,570,0.0664062,0
554,2716935,436,0.0585938,0
555,2718044,1109,0.0664062,0
556,2720237,2193,0.078125,0
557,2731418,11181,0.183594,0
558,2732518,1100,0.0546875,0
559,2740582,8064,0.0859375,0
560,2741074,492,0.0546875,0
561,2741517,443,0.0546875,0
562,2742393,876,0.0664062,0
563,2743163,770,0.0664062,0
564,2744760,1597,0.0703125,0
565,2745448,688,0.0703125,0
566,2752670,7222,0.0859375,0
567,2753169,499,0.0546875,0
568,2753739,570,0.0664062,0
569,2754175,436,0.0585938,0
570,2755284,1109,0.0664062,0
571,2757477,2193,0.078125,0
572,2763942,6465,0.160156,0
573,2764745,803,0.0546875,0
574,2772805,8060,0.0859375,0
575,2773297,492,0.0546875,0
576,2773739,442,0.0546875,0
577,2774615,876,0.0664062,0
578,2775384,769,0.0664062,0
579,2776981,1597,0.0703125,0
580,2777669,688,0.0703125,0
581,2784891,7222,0.0859375,0
582,2785390,499,0.0546875,0
583,2785960,570,0.0664062,0
584,2786396,436,0.0585938,0
585,2787505,1109,0.0664062,0
586,2789698,2193,0.078125,0
587,2802484,12786,0.25,0
588,2809445,6961,0.671875,0
589,2838293,28848,0.652344,0
590,2851202,12909,0.0703125,0
591,2852147,945,0.0664062,0
592,2852681,534,0.0703125,0
593,2859903,7222,0.0859375,0
594,2860402,499,0.0546875,0
595,2860972,570,0.0664062,0
596,2861408,436,0.0585938,0
597,2862517,1109,0.0664062,0
598,2864710,2193,0.078125,0
599,2870985,6275,0.101562,0
600,2871773,788,0.0546875,0
601,2879837,8064,0.0859375,0
602,2880329,492,0.0546875,0
603,2880772,443,0.0546875,0
604,2881648,876,0.0664062,0
605,2882418,770,0.0664062,0
606,2884015,1597,0.0703125,0
607,2884703,688,0.0703125,0
608,2891925,7222,0.0859375,0
609,2892424,499,0.0546875,0
610,2892994,570,0.0664062,0
611,2893430,436,0.0585938,0
612,2894539,1109,0.0664062,0
613,2896732,2193,0.078125,0
614,2919375,22643,0.269531,0
615,3019151,99776,0.335938,0
616,3034860,15709,0.320312,0
617,3037141,2281,0.289062,0
618,3039096,1955,0.175781,0
619,3039971,875,0.0078125,0
620,3040380,409,0.0078125,0
621,3040789,409,0.0078125,0
622,3041198,409,0.0078125,0
623,3041607,409,0.0078125,0
624,3042016,409,0.0078125,0
625,3042425,409,0.0078125,0
626,3042834,409,0.0078125,0
627,3043243,409,0.0078125,0
628,3043652,409,0.0078125,0
629,3044061,409,0.0078125,0
630,3044470,409,0.0078125,0
631,3044879,409,0.0078125,0
632,3045288,409,0.0078125,0
633,3045697,409,0.0078125,0
634,3046106,409,0.0078125,0
635,3046515,409,0.0078125,0
636,3046924,409,0.0078125,0
637,3047333,409,0.0078125,0
638,3047742,409,0.0078125,0
639,3048151,409,0.0078125,0
640,3048560,409,0.0078125,0
641,3048969,409,0.0078125,0
642,3049378,409,0.0078125,0
643,3049787,409,0.0078125,0
644,3050196,409,0.0078125,0
645,3050605,409,0.0078125,0
646,3051014,409,0.0078125,0
647,3051423,409,0.0078125,0
648,3051832,409,0.0078125,0
649,3052241,409,0.0078125,0
650,3052650,409,0.0078125,0
651,3053058,408,0.0078125,0
652,3053466,408,0.0078125,0
653,3053874,408,0.0078125,0
654,3054283,409,0.0078125,0
655,3054692,409,0.0078125,0
656,3055101,409,0.0078125,0
657,3055510,409,0.0078125,0
658,3055919,409,0.0078125,0
659,3056328,409,0.0078125,0
660,3056737,409,0.0078125,0
661,3057146,409,0.0078125,0
662,3057555,409,0.0078125,0
663,3057964,409,0.0078125,0
664,3058373,409,0.0078125,0
665,3058782,409,0.0078125,0
666,3059191,409,0.0078125,0
667,3059600,409,0.0078125,0
668,3060009,409,0.0078125,0
669,3060418,409,0.0078125,0
670,3060827,409,0.0078125,0
671,3061236,409,0.0078125,0
672,3061645,409,0.0078125,0
673,3062054,409,0.0078125,0
674,3062463,409,0.0078125,0
675,3062872,409,0.0078125,0
676,3063281,409,0.0078125,0
677,3063690,409,0.0078125,0
678,3064099,409,0.0078125,0
679,3066632,2533,0.257812,0
680,3068297,1665,0.0664062,0
681,3077308,9011,0.320312,0
682,3079442,2134,0.199219,0
683,3081852,2410,0.277344,0
684,3085230,3378,0.273438,0
685,3088002,2772,0.28125,0
686,3090244,2242,0.269531,0
