checkpoints,cycle count,last checkpoint,dirty ratio,cause
1,87555,87555,0.597656,0
2,89552,1997,0.496094,0
3,124528,34976,0.53125,0
4,126394,1866,0.546875,0
5,161293,34899,0.503906,0
6,163256,1963,0.574219,0
7,198182,34926,0.503906,0
8,202891,4709,0.109375,0
9,219186,16295,0.0859375,0
10,219689,503,0.0507812,0
11,220145,456,0.0664062,0
12,220632,487,0.0664062,0
13,221620,988,0.0742188,0
14,221865,245,0.0390625,0
15,222506,641,0.0546875,0
16,222681,175,0.00390625,0
17,224256,1575,0.078125,0
18,230427,6171,0.148438,0
19,231515,1088,0.0664062,0
20,250685,19170,0.0859375,0
21,251188,503,0.0507812,0
22,251644,456,0.0664062,0
23,252131,487,0.0664062,0
24,253118,987,0.0742188,0
25,253363,245,0.0390625,0
26,254004,641,0.0546875,0
27,254179,175,0.00390625,0
28,255754,1575,0.078125,0
29,261891,6137,0.148438,0
30,267395,5504,0.191406,0
31,268505,1110,0.0546875,0
32,287672,19167,0.0859375,0
33,288175,503,0.0507812,0
34,288631,456,0.0664062,0
35,289118,487,0.0664062,0
36,290105,987,0.0742188,0
37,290350,245,0.0390625,0
38,290991,641,0.0546875,0
39,291166,175,0.00390625,0
40,292741,1575,0.078125,0
41,298874,6133,0.101562,0
42,299799,925,0.0546875,0
43,318969,19170,0.0859375,0
44,319472,503,0.0507812,0
45,319928,456,0.0664062,0
46,320415,487,0.0664062,0
47,321403,988,0.0742188,0
48,321648,245,0.0390625,0
49,322289,641,0.0546875,0
50,322464,175,0.00390625,0
51,324039,1575,0.078125,0
52,335245,11206,0.183594,0
53,336339,1094,0.0546875,0
54,355509,19170,0.0859375,0
55,356012,503,0.0507812,0
56,356468,456,0.0664062,0
57,356955,487,0.0664062,0
58,357943,988,0.0742188,0
59,358188,245,0.0390625,0
60,358829,641,0.0546875,0
61,359004,175,0.00390625,0
62,360579,1575,0.078125,0
63,366750,6171,0.148438,0
64,367838,1088,0.0664062,0
65,387008,19170,0.0859375,0
66,387511,503,0.0507812,0
67,387967,456,0.0664062,0
68,388454,487,0.0664062,0
69,389441,987,0.0742188,0
70,389686,245,0.0390625,0
71,390327,641,0.0546875,0
72,390502,175,0.00390625,0
73,392077,1575,0.078125,0
74,398214,6137,0.148438,0
75,405348,7134,0.226562,0
76,406924,1576,0.464844,0
77,441773,34849,0.507812,0
78,461853,20080,0.0898438,0
79,462835,982,0.0585938,0
80,463289,454,0.0507812,0
81,463745,456,0.0664062,0
82,464232,487,0.0664062,0
83,465220,988,0.0742188,0
84,465465,245,0.0390625,0
85,466106,641,0.0546875,0
86,466281,175,0.00390625,0
87,467856,1575,0.078125,0
88,473989,6133,0.101562,0
89,474914,925,0.0546875,0
90,494084,19170,0.0859375,0
91,494587,503,0.0507812,0
92,495043,456,0.0664062,0
93,495530,487,0.0664062,0
94,496518,988,0.0742188,0
95,496763,245,0.0390625,0
96,497404,641,0.0546875,0
97,497579,175,0.00390625,0
98,499154,1575,0.078125,0
99,510478,11324,0.148438,0
100,620549,110071,0.34375,0
101,686874,66325,0.316406,0
102,688781,1907,0.496094,0
103,723751,34970,0.527344,0
104,725614,1863,0.546875,0
105,760508,34894,0.503906,0
106,762471,1963,0.574219,0
107,797400,34929,0.503906,0
108,802109,4709,0.109375,0
109,818404,16295,0.0859375,0
110,818907,503,0.0507812,0
111,819363,456,0.0664062,0
112,819850,487,0.0664062,0
113,820838,988,0.0742188,0
114,821083,245,0.0390625,0
115,821724,641,0.0546875,0
116,821899,175,0.00390625,0
117,823474,1575,0.078125,0
118,829645,6171,0.148438,0
119,830733,1088,0.0664062,0
120,849903,19170,0.0859375,0
121,850406,503,0.0507812,0
122,850862,456,0.0664062,0
123,851349,487,0.0664062,0
124,852336,987,0.0742188,0
125,852581,245,0.0390625,0
126,853222,641,0.0546875,0
127,853397,175,0.00390625,0
128,854972,1575,0.078125,0
129,861109,6137,0.148438,0
130,866606,5497,0.1875,0
131,867713,1107,0.0546875,0
132,886880,19167,0.0859375,0
133,887383,503,0.0507812,0
134,887839,456,0.0664062,0
135,888326,487,0.0664062,0
136,889313,987,0.0742188,0
137,889558,245,0.0390625,0
138,890199,641,0.0546875,0
139,890374,175,0.00390625,0
140,891949,1575,0.078125,0
141,898082,6133,0.101562,0
142,899007,925,0.0546875,0
143,918177,19170,0.0859375,0
144,918680,503,0.0507812,0
145,919136,456,0.0664062,0
146,919623,487,0.0664062,0
147,920611,988,0.0742188,0
148,920856,245,0.0390625,0
149,921497,641,0.0546875,0
150,921672,175,0.00390625,0
151,923247,1575,0.078125,0
152,934460,11213,0.183594,0
153,935554,1094,0.0546875,0
154,954724,19170,0.0859375,0
155,955227,503,0.0507812,0
156,955683,456,0.0664062,0
157,956170,487,0.0664062,0
158,957158,988,0.0742188,0
159,957403,245,0.0390625,0
160,958044,641,0.0546875,0
161,958219,175,0.00390625,0
162,959794,1575,0.078125,0
163,965965,6171,0.148438,0
164,967053,1088,0.0664062,0
165,986223,19170,0.0859375,0
166,986726,503,0.0507812,0
167,987182,456,0.0664062,0
168,987669,487,0.0664062,0
169,988656,987,0.0742188,0
170,988901,245,0.0390625,0
171,989542,641,0.0546875,0
172,989717,175,0.00390625,0
173,991292,1575,0.078125,0
174,997429,6137,0.148438,0
175,1004568,7139,0.226562,0
176,1006144,1576,0.464844,0
177,1040994,34850,0.507812,0
178,1061074,20080,0.0898438,0
179,1062056,982,0.0585938,0
180,1062510,454,0.0507812,0
181,1062966,456,0.0664062,0
182,1063453,487,0.0664062,0
183,1064441,988,0.0742188,0
184,1064686,245,0.0390625,0
185,1065327,641,0.0546875,0
186,1065502,175,0.00390625,0
187,1067077,1575,0.078125,0
188,1073210,6133,0.101562,0
189,1074135,925,0.0546875,0
190,1093305,19170,0.0859375,0
191,1093808,503,0.0507812,0
192,1094264,456,0.0664062,0
193,1094751,487,0.0664062,0
194,1095739,988,0.0742188,0
195,1095984,245,0.0390625,0
196,1096625,641,0.0546875,0
197,1096800,175,0.00390625,0
198,1098375,1575,0.078125,0
199,1109700,11325,0.148438,0
200,1222733,113033,0.34375,0
201,1286215,63482,0.265625,0
202,1288031,1816,0.496094,0
203,1322997,34966,0.527344,0
204,1324860,1863,0.546875,0
205,1359757,34897,0.503906,0
206,1361720,1963,0.574219,0
207,1396648,34928,0.503906,0
208,1401357,4709,0.109375,0
209,1417652,16295,0.0859375,0
210,1418155,503,0.0507812,0
211,1418611,456,0.0664062,0
212,1419098,487,0.0664062,0
213,1420086,988,0.0742188,0
214,1420331,245,0.0390625,0
215,1420972,641,0.0546875,0
216,1421147,175,0.00390625,0
217,1422722,1575,0.078125,0
218,1428893,6171,0.148438,0
219,1429981,1088,0.0664062,0
220,1449151,19170,0.0859375,0
221,1449654,503,0.0507812,0
222,1450110,456,0.0664062,0
223,1450597,487,0.0664062,0
224,1451584,987,0.0742188,0
225,1451829,245,0.0390625,0
226,1452470,641,0.0546875,0
227,1452645,175,0.00390625,0
228,1454220,1575,0.078125,0
229,1460357,6137,0.148438,0
230,1465854,5497,0.1875,0
231,1466961,1107,0.0546875,0
232,1486128,19167,0.0859375,0
233,1486631,503,0.0507812,0
234,1487087,456,0.0664062,0
235,1487574,487,0.0664062,0
236,1488561,987,0.0742188,0
237,1488806,245,0.0390625,0
238,1489447,641,0.0546875,0
239,1489622,175,0.00390625,0
240,1491197,1575,0.078125,0
241,1497330,6133,0.101562,0
242,1498255,925,0.0546875,0
243,1517425,19170,0.0859375,0
244,1517928,503,0.0507812,0
245,1518384,456,0.0664062,0
246,1518871,487,0.0664062,0
247,1519859,988,0.0742188,0
248,1520104,245,0.0390625,0
249,1520745,641,0.0546875,0
250,1520920,175,0.00390625,0
251,1522495,1575,0.078125,0
252,1533684,11189,0.183594,0
253,1534778,1094,0.0546875,0
254,1553948,19170,0.0859375,0
255,1554451,503,0.0507812,0
256,1554907,456,0.0664062,0
257,1555394,487,0.0664062,0
258,1556382,988,0.0742188,0
259,1556627,245,0.0390625,0
260,1557268,641,0.0546875,0
261,1557443,175,0.00390625,0
262,1559018,1575,0.078125,0
263,1565189,6171,0.148438,0
264,1566277,1088,0.0664062,0
265,1585447,19170,0.0859375,0
266,1585950,503,0.0507812,0
267,1586406,456,0.0664062,0
268,1586893,487,0.0664062,0
269,1587880,987,0.0742188,0
270,1588125,245,0.0390625,0
271,1588766,641,0.0546875,0
272,1588941,175,0.00390625,0
273,1590516,1575,0.078125,0
274,1596653,6137,0.148438,0
275,1603821,7168,0.226562,0
276,1605397,1576,0.464844,0
277,1640246,34849,0.507812,0
278,1660958,20712,0.0898438,0
279,1661310,352,0.0507812,0
280,1661750,440,0.0507812,0
281,1662206,456,0.0664062,0
282,1662693,487,0.0664062,0
283,1663681,988,0.0742188,0
284,1663926,245,0.0390625,0
285,1664567,641,0.0546875,0
286,1664742,175,0.00390625,0
287,1666317,1575,0.078125,0
288,1672450,6133,0.101562,0
289,1673375,925,0.0546875,0
290,1692545,19170,0.0859375,0
291,1693048,503,0.0507812,0
292,1693504,456,0.0664062,0
293,1693991,487,0.0664062,0
294,1694979,988,0.0742188,0
295,1695224,245,0.0390625,0
296,1695865,641,0.0546875,0
297,1696040,175,0.00390625,0
298,1697615,1575,0.078125,0
299,1708933,11318,0.148438,0
300,1821808,112875,0.34375,0
301,1885282,63474,0.265625,0
302,1887098,1816,0.496094,0
303,1922073,34975,0.527344,0
304,1923936,1863,0.546875,0
305,1958829,34893,0.503906,0
306,1960792,1963,0.574219,0
307,1995724,34932,0.503906,0
308,2000433,4709,0.109375,0
309,2016728,16295,0.0859375,0
310,2017231,503,0.0507812,0
311,2017687,456,0.0664062,0
312,2018174,487,0.0664062,0
313,2019162,988,0.0742188,0
314,2019407,245,0.0390625,0
315,2020048,641,0.0546875,0
316,2020223,175,0.00390625,0
317,2021798,1575,0.078125,0
318,2027969,6171,0.148438,0
319,2029057,1088,0.0664062,0
320,2048227,19170,0.0859375,0
321,2048730,503,0.0507812,0
322,2049186,456,0.0664062,0
323,2049673,487,0.0664062,0
324,2050660,987,0.0742188,0
325,2050905,245,0.0390625,0
326,2051546,641,0.0546875,0
327,2051721,175,0.00390625,0
328,2053296,1575,0.078125,0
329,2059433,6137,0.148438,0
330,2064935,5502,0.1875,0
331,2066042,1107,0.0546875,0
332,2085209,19167,0.0859375,0
333,2085712,503,0.0507812,0
334,2086168,456,0.0664062,0
335,2086655,487,0.0664062,0
336,2087642,987,0.0742188,0
337,2087887,245,0.0390625,0
338,2088528,641,0.0546875,0
339,2088703,175,0.00390625,0
340,2090278,1575,0.078125,0
341,2096411,6133,0.101562,0
342,2097336,925,0.0546875,0
343,2116506,19170,0.0859375,0
344,2117009,503,0.0507812,0
345,2117465,456,0.0664062,0
346,2117952,487,0.0664062,0
347,2118940,988,0.0742188,0
348,2119185,245,0.0390625,0
349,2119826,641,0.0546875,0
350,2120001,175,0.00390625,0
351,2121576,1575,0.078125,0
352,2132786,11210,0.183594,0
353,2133880,1094,0.0546875,0
354,2153050,19170,0.0859375,0
355,2153553,503,0.0507812,0
356,2154009,456,0.0664062,0
357,2154496,487,0.0664062,0
358,2155484,988,0.0742188,0
359,2155729,245,0.0390625,0
360,2156370,641,0.0546875,0
361,2156545,175,0.00390625,0
362,2158120,1575,0.078125,0
363,2164291,6171,0.148438,0
364,2165379,1088,0.0664062,0
365,2184549,19170,0.0859375,0
366,2185052,503,0.0507812,0
367,2185508,456,0.0664062,0
368,2185995,487,0.0664062,0
369,2186982,987,0.0742188,0
370,2187227,245,0.0390625,0
371,2187868,641,0.0546875,0
372,2188043,175,0.00390625,0
373,2189618,1575,0.078125,0
374,2195755,6137,0.148438,0
375,2202897,7142,0.226562,0
376,2204473,1576,0.464844,0
377,2239329,34856,0.507812,0
378,2259409,20080,0.0898438,0
379,2260391,982,0.0585938,0
380,2260845,454,0.0507812,0
381,2261301,456,0.0664062,0
382,2261788,487,0.0664062,0
383,2262776,988,0.0742188,0
384,2263021,245,0.0390625,0
385,2263662,641,0.0546875,0
386,2263837,175,0.00390625,0
387,2265412,1575,0.078125,0
388,2271545,6133,0.101562,0
389,2272470,925,0.0546875,0
390,2291640,19170,0.0859375,0
391,2292143,503,0.0507812,0
392,2292599,456,0.0664062,0
393,2293086,487,0.0664062,0
394,2294074,988,0.0742188,0
395,2294319,245,0.0390625,0
396,2294960,641,0.0546875,0
397,2295135,175,0.00390625,0
398,2296710,1575,0.078125,0
399,2308036,11326,0.148438,0
400,2420842,112806,0.34375,0
401,2484311,63469,0.265625,0
402,2486127,1816,0.496094,0
403,2521097,34970,0.527344,0
404,2522960,1863,0.546875,0
405,2557856,34896,0.503906,0
406,2559821,1965,0.574219,0
407,2594744,34923,0.503906,0
408,2599453,4709,0.109375,0
409,2615748,16295,0.0859375,0
410,2616251,503,0.0507812,0
411,2616707,456,0.0664062,0
412,2617194,487,0.0664062,0
413,2618182,988,0.0742188,0
414,2618427,245,0.0390625,0
415,2619068,641,0.0546875,0
416,2619243,175,0.00390625,0
417,2620818,1575,0.078125,0
418,2626989,6171,0.148438,0
419,2628077,1088,0.0664062,0
420,2647247,19170,0.0859375,0
421,2647750,503,0.0507812,0
422,2648206,456,0.0664062,0
423,2648693,487,0.0664062,0
424,2649680,987,0.0742188,0
425,2649925,245,0.0390625,0
426,2650566,641,0.0546875,0
427,2650741,175,0.00390625,0
428,2652316,1575,0.078125,0
429,2658453,6137,0.148438,0
430,2663945,5492,0.1875,0
431,2665052,1107,0.0546875,0
432,2684219,19167,0.0859375,0
433,2684722,503,0.0507812,0
434,2685178,456,0.0664062,0
435,2685665,487,0.0664062,0
436,2686652,987,0.0742188,0
437,2686897,245,0.0390625,0
438,2687538,641,0.0546875,0
439,2687713,175,0.00390625,0
440,2689288,1575,0.078125,0
441,2695421,6133,0.101562,0
442,2696346,925,0.0546875,0
443,2715516,19170,0.0859375,0
444,2716019,503,0.0507812,0
445,2716475,456,0.0664062,0
446,2716962,487,0.0664062,0
447,2717950,988,0.0742188,0
448,2718195,245,0.0390625,0
449,2718836,641,0.0546875,0
450,2719011,175,0.00390625,0
451,2720586,1575,0.078125,0
452,2731768,11182,0.183594,0
453,2732862,1094,0.0546875,0
454,2752032,19170,0.0859375,0
455,2752535,503,0.0507812,0
456,2752991,456,0.0664062,0
457,2753478,487,0.0664062,0
458,2754466,988,0.0742188,0
459,2754711,245,0.0390625,0
460,2755352,641,0.0546875,0
461,2755527,175,0.00390625,0
462,2757102,1575,0.078125,0
463,2763273,6171,0.148438,0
464,2764361,1088,0.0664062,0
465,2783531,19170,0.0859375,0
466,2784034,503,0.0507812,0
467,2784490,456,0.0664062,0
468,2784977,487,0.0664062,0
469,2785964,987,0.0742188,0
470,2786209,245,0.0390625,0
471,2786850,641,0.0546875,0
472,2787025,175,0.00390625,0
473,2788600,1575,0.078125,0
474,2794737,6137,0.148438,0
475,2801913,7176,0.226562,0
476,2803489,1576,0.464844,0
477,2838337,34848,0.507812,0
478,2858417,20080,0.0898438,0
479,2859399,982,0.0585938,0
480,2859853,454,0.0507812,0
481,2860309,456,0.0664062,0
482,2860796,487,0.0664062,0
483,2861784,988,0.0742188,0
484,2862029,245,0.0390625,0
485,2862670,641,0.0546875,0
486,2862845,175,0.00390625,0
487,2864420,1575,0.078125,0
488,2870553,6133,0.101562,0
489,2871478,925,0.0546875,0
490,2890648,19170,0.0859375,0
491,2891151,503,0.0507812,0
492,2891607,456,0.0664062,0
493,2892094,487,0.0664062,0
494,2893082,988,0.0742188,0
495,2893327,245,0.0390625,0
496,2893968,641,0.0546875,0
497,2894143,175,0.00390625,0
498,2895718,1575,0.078125,0
499,2907063,11345,0.148438,0
500,3017521,110458,0.351562,0
501,3036347,18826,0.261719,0
502,3039278,2931,0.246094,0
503,3085056,45778,0.300781,0
504,3086979,1923,0.21875,0
505,3090620,3641,0.246094,0
506,3093388,2768,0.234375,0
