checkpoints,cycle count,last checkpoint,dirty ratio,cause
1,272819,272819,0.132812,0
2,293574,20755,0.101562,0
3,316965,23391,0.078125,0
4,329167,12202,0.183594,0
5,352727,23560,0.078125,0
6,360052,7325,0.15625,0
7,383447,23395,0.078125,0
8,394735,11288,0.15625,0
9,397717,2982,0.210938,0
10,399283,1566,0.464844,0
11,434132,34849,0.507812,0
12,454212,20080,0.0898438,0
13,465591,11379,0.101562,0
14,488982,23391,0.078125,0
15,501302,12320,0.148438,0
16,611373,110071,0.34375,0
17,678813,67440,0.589844,0
18,715564,36751,0.574219,0
19,750631,35067,0.53125,0
20,752847,2216,0.546875,0
21,787391,34544,0.503906,0
22,792100,4709,0.109375,0
23,818988,26888,0.15625,0
24,842383,23395,0.078125,0
25,853677,11294,0.15625,0
26,855016,1339,0.175781,0
27,878582,23566,0.078125,0
28,885711,7129,0.101562,0
29,909102,23391,0.078125,0
30,921311,12209,0.183594,0
31,944871,23560,0.078125,0
32,952196,7325,0.15625,0
33,975591,23395,0.078125,0
34,986874,11283,0.15625,0
35,989866,2992,0.210938,0
36,991432,1566,0.464844,0
37,1026282,34850,0.507812,0
38,1046362,20080,0.0898438,0
39,1057741,11379,0.101562,0
40,1081132,23391,0.078125,0
41,1093453,12321,0.148438,0
42,1206486,113033,0.34375,0
43,1271455,64969,0.679688,0
44,1307998,36543,0.574219,0
45,1343068,35070,0.53125,0
46,1345284,2216,0.546875,0
47,1379827,34543,0.503906,0
48,1384536,4709,0.109375,0
49,1411424,26888,0.15625,0
50,1434819,23395,0.078125,0
51,1446111,11292,0.15625,0
52,1447452,1341,0.175781,0
53,1471018,23566,0.078125,0
54,1478147,7129,0.101562,0
55,1501538,23391,0.078125,0
56,1513723,12185,0.183594,0
57,1537283,23560,0.078125,0
58,1544608,7325,0.15625,0
59,1568003,23395,0.078125,0
60,1579307,11304,0.15625,0
61,1582307,3000,0.210938,0
62,1583873,1566,0.464844,0
63,1618722,34849,0.507812,0
64,1639434,20712,0.0898438,0
65,1650183,10749,0.101562,0
66,1673574,23391,0.078125,0
67,1685888,12314,0.148438,0
68,1798763,112875,0.34375,0
69,1863724,64961,0.679688,0
70,1900276,36552,0.574219,0
71,1935342,35066,0.53125,0
72,1937558,2216,0.546875,0
73,1972105,34547,0.503906,0
74,1976814,4709,0.109375,0
75,2003702,26888,0.15625,0
76,2027097,23395,0.078125,0
77,2038384,11287,0.15625,0
78,2039735,1351,0.175781,0
79,2063301,23566,0.078125,0
80,2070430,7129,0.101562,0
81,2093821,23391,0.078125,0
82,2106027,12206,0.183594,0
83,2129587,23560,0.078125,0
84,2136912,7325,0.15625,0
85,2160307,23395,0.078125,0
86,2171593,11286,0.15625,0
87,2174585,2992,0.210938,0
88,2176151,1566,0.464844,0
89,2211007,34856,0.507812,0
90,2231087,20080,0.0898438,0
91,2242466,11379,0.101562,0
92,2265857,23391,0.078125,0
93,2278179,12322,0.148438,0
94,2390985,112806,0.34375,0
95,2455941,64956,0.679688,0
96,2492488,36547,0.574219,0
97,2527559,35071,0.53125,0
98,2529775,2216,0.546875,0
99,2564313,34538,0.503906,0
100,2569022,4709,0.109375,0
101,2595910,26888,0.15625,0
102,2619305,23395,0.078125,0
103,2630590,11285,0.15625,0
104,2631933,1343,0.175781,0
105,2655499,23566,0.078125,0
106,2662628,7129,0.101562,0
107,2686019,23391,0.078125,0
108,2698197,12178,0.183594,0
109,2721757,23560,0.078125,0
110,2729082,7325,0.15625,0
111,2752477,23395,0.078125,0
112,2763790,11313,0.15625,0
113,2766789,2999,0.210938,0
114,2768355,1566,0.464844,0
115,2803203,34848,0.507812,0
116,2823283,20080,0.0898438,0
117,2834662,11379,0.101562,0
118,2858053,23391,0.078125,0
119,2870394,12341,0.148438,0
120,2980852,110458,0.351562,0
