checkpoints,cycle count,last checkpoint,dirty ratio,cause
1,11797,11797,0.859375,0
2,22678,10881,0.476562,0
3,88405,65727,0.4375,0
4,89868,1463,0.820312,0
5,97107,7239,0.132812,0
6,115707,18600,0.25,0
7,128612,12905,0.679688,0
8,129589,977,0.640625,0
9,130215,626,0.25,0
10,137187,6972,0.132812,0
11,155796,18609,0.25,0
12,168662,12866,0.671875,0
13,169783,1121,0.664062,0
14,170426,643,0.25,0
15,177398,6972,0.132812,0
16,195998,18600,0.25,0
17,208902,12904,0.671875,0
18,214041,5139,0.171875,0
19,214591,550,0.109375,0
20,215951,1360,0.132812,0
21,216937,986,0.117188,0
22,218999,2062,0.148438,0
23,219477,478,0.109375,0
24,219920,443,0.109375,0
25,220810,890,0.132812,0
26,221580,770,0.132812,0
27,223177,1597,0.140625,0
28,223865,688,0.140625,0
29,225066,1201,0.132812,0
30,225551,485,0.09375,0
31,225999,448,0.101562,0
32,226591,592,0.125,0
33,227775,1184,0.148438,0
34,229443,1668,0.125,0
35,231853,2410,0.15625,0
36,232338,485,0.109375,0
37,232922,584,0.132812,0
38,233358,436,0.117188,0
39,234467,1109,0.132812,0
40,236660,2193,0.15625,0
41,238192,1532,0.109375,0
42,238791,599,0.125,0
43,239975,1184,0.148438,0
44,240302,327,0.101562,0
45,240889,587,0.109375,0
46,241645,756,0.109375,0
47,242736,1091,0.117188,0
48,243946,1210,0.289062,0
49,244751,805,0.109375,0
50,246462,1711,0.15625,0
51,246793,331,0.09375,0
52,247394,601,0.09375,0
53,247837,443,0.09375,0
54,248278,441,0.101562,0
55,248856,578,0.125,0
56,249471,615,0.132812,0
57,250852,1381,0.132812,0
58,251838,986,0.117188,0
59,253900,2062,0.148438,0
60,254378,478,0.109375,0
61,254821,443,0.109375,0
62,255711,890,0.132812,0
63,256481,770,0.132812,0
64,258078,1597,0.140625,0
65,258766,688,0.140625,0
66,259967,1201,0.132812,0
67,260452,485,0.09375,0
68,260900,448,0.101562,0
69,261492,592,0.125,0
70,262676,1184,0.148438,0
71,264344,1668,0.125,0
72,266754,2410,0.15625,0
73,267239,485,0.109375,0
74,267823,584,0.132812,0
75,268259,436,0.117188,0
76,269368,1109,0.132812,0
77,271561,2193,0.15625,0
78,273093,1532,0.109375,0
79,273692,599,0.125,0
80,274876,1184,0.148438,0
81,275203,327,0.101562,0
82,275790,587,0.109375,0
83,276546,756,0.109375,0
84,277637,1091,0.117188,0
85,283557,5920,0.328125,0
86,290374,6817,0.148438,0
87,291374,1000,0.117188,0
88,293436,2062,0.148438,0
89,293914,478,0.109375,0
90,294357,443,0.109375,0
91,295247,890,0.132812,0
92,296017,770,0.132812,0
93,297614,1597,0.140625,0
94,298302,688,0.140625,0
95,299503,1201,0.132812,0
96,299988,485,0.09375,0
97,300436,448,0.101562,0
98,301028,592,0.125,0
99,302212,1184,0.148438,0
100,303880,1668,0.125,0
101,306290,2410,0.15625,0
102,306775,485,0.109375,0
103,307359,584,0.132812,0
104,307795,436,0.117188,0
105,308904,1109,0.132812,0
106,311097,2193,0.15625,0
107,312629,1532,0.109375,0
108,313228,599,0.125,0
109,314412,1184,0.148438,0
110,314739,327,0.101562,0
111,315326,587,0.109375,0
112,316082,756,0.109375,0
113,317173,1091,0.117188,0
114,318220,1047,0.171875,0
115,318980,760,0.109375,0
116,320692,1712,0.15625,0
117,321023,331,0.09375,0
118,321625,602,0.09375,0
119,322068,443,0.09375,0
120,322509,441,0.101562,0
121,323087,578,0.125,0
122,323702,615,0.132812,0
123,325083,1381,0.132812,0
124,326069,986,0.117188,0
125,328131,2062,0.148438,0
126,328609,478,0.109375,0
127,329052,443,0.109375,0
128,329942,890,0.132812,0
129,330712,770,0.132812,0
130,332309,1597,0.140625,0
131,332997,688,0.140625,0
132,334198,1201,0.132812,0
133,334683,485,0.09375,0
134,335131,448,0.101562,0
135,335723,592,0.125,0
136,336907,1184,0.148438,0
137,338575,1668,0.125,0
138,340985,2410,0.15625,0
139,341470,485,0.109375,0
140,342054,584,0.132812,0
141,342490,436,0.117188,0
142,343599,1109,0.132812,0
143,345792,2193,0.15625,0
144,347324,1532,0.109375,0
145,347923,599,0.125,0
146,349107,1184,0.148438,0
147,349434,327,0.101562,0
148,350021,587,0.109375,0
149,350777,756,0.109375,0
150,351868,1091,0.117188,0
151,357852,5984,0.367188,0
152,358952,1100,0.109375,0
153,360657,1705,0.15625,0
154,360988,331,0.09375,0
155,361590,602,0.09375,0
156,362033,443,0.09375,0
157,362474,441,0.101562,0
158,363052,578,0.125,0
159,363667,615,0.132812,0
160,365048,1381,0.132812,0
161,366034,986,0.117188,0
162,368096,2062,0.148438,0
163,368574,478,0.109375,0
164,369017,443,0.109375,0
165,369907,890,0.132812,0
166,370677,770,0.132812,0
167,372274,1597,0.140625,0
168,372962,688,0.140625,0
169,374163,1201,0.132812,0
170,374648,485,0.09375,0
171,375096,448,0.101562,0
172,375688,592,0.125,0
173,376872,1184,0.148438,0
174,378540,1668,0.125,0
175,380950,2410,0.15625,0
176,381435,485,0.109375,0
177,382019,584,0.132812,0
178,382455,436,0.117188,0
179,383564,1109,0.132812,0
180,385757,2193,0.15625,0
181,387289,1532,0.109375,0
182,387888,599,0.125,0
183,389072,1184,0.148438,0
184,389399,327,0.101562,0
185,389986,587,0.109375,0
186,390742,756,0.109375,0
187,391833,1091,0.117188,0
188,393043,1210,0.289062,0
189,393848,805,0.109375,0
190,395559,1711,0.15625,0
191,395890,331,0.09375,0
192,396491,601,0.09375,0
193,396934,443,0.09375,0
194,397375,441,0.101562,0
195,397953,578,0.125,0
196,398568,615,0.132812,0
197,399949,1381,0.132812,0
198,400935,986,0.117188,0
199,402997,2062,0.148438,0
200,403475,478,0.109375,0
201,403918,443,0.109375,0
202,404808,890,0.132812,0
203,405578,770,0.132812,0
204,407175,1597,0.140625,0
205,407863,688,0.140625,0
206,409064,1201,0.132812,0
207,409549,485,0.09375,0
208,409997,448,0.101562,0
209,410589,592,0.125,0
210,411773,1184,0.148438,0
211,413441,1668,0.125,0
212,415851,2410,0.15625,0
213,416336,485,0.109375,0
214,416920,584,0.132812,0
215,417356,436,0.117188,0
216,418465,1109,0.132812,0
217,420658,2193,0.15625,0
218,422190,1532,0.109375,0
219,422789,599,0.125,0
220,423973,1184,0.148438,0
221,424300,327,0.101562,0
222,424887,587,0.109375,0
223,425643,756,0.109375,0
224,426734,1091,0.117188,0
225,432638,5904,0.320312,0
226,435085,2447,0.648438,0
227,435942,857,0.351562,0
228,442965,7023,0.132812,0
229,461574,18609,0.25,0
230,474482,12908,0.671875,0
231,476609,2127,0.273438,0
232,477829,1220,0.148438,0
233,478153,324,0.09375,0
234,478755,602,0.09375,0
235,479198,443,0.09375,0
236,479639,441,0.101562,0
237,480217,578,0.125,0
238,480832,615,0.132812,0
239,482213,1381,0.132812,0
240,483199,986,0.117188,0
241,485261,2062,0.148438,0
242,485739,478,0.109375,0
243,486182,443,0.109375,0
244,487072,890,0.132812,0
245,487842,770,0.132812,0
246,489439,1597,0.140625,0
247,490127,688,0.140625,0
248,491328,1201,0.132812,0
249,491813,485,0.09375,0
250,492261,448,0.101562,0
251,492853,592,0.125,0
252,494037,1184,0.148438,0
253,495705,1668,0.125,0
254,498115,2410,0.15625,0
255,498600,485,0.109375,0
256,499184,584,0.132812,0
257,499620,436,0.117188,0
258,500729,1109,0.132812,0
259,502922,2193,0.15625,0
260,504454,1532,0.109375,0
261,505053,599,0.125,0
262,506237,1184,0.148438,0
263,506564,327,0.101562,0
264,507151,587,0.109375,0
265,507907,756,0.109375,0
266,508998,1091,0.117188,0
267,510045,1047,0.171875,0
268,510805,760,0.109375,0
269,512517,1712,0.15625,0
270,512848,331,0.09375,0
271,513450,602,0.09375,0
272,513893,443,0.09375,0
273,514334,441,0.101562,0
274,514912,578,0.125,0
275,515527,615,0.132812,0
276,516908,1381,0.132812,0
277,517894,986,0.117188,0
278,519956,2062,0.148438,0
279,520434,478,0.109375,0
280,520877,443,0.109375,0
281,521767,890,0.132812,0
282,522537,770,0.132812,0
283,524134,1597,0.140625,0
284,524822,688,0.140625,0
285,526023,1201,0.132812,0
286,526508,485,0.09375,0
287,526956,448,0.101562,0
288,527548,592,0.125,0
289,528732,1184,0.148438,0
290,530400,1668,0.125,0
291,532810,2410,0.15625,0
292,533295,485,0.109375,0
293,533879,584,0.132812,0
294,534315,436,0.117188,0
295,535424,1109,0.132812,0
296,537617,2193,0.15625,0
297,539149,1532,0.109375,0
298,539748,599,0.125,0
299,540932,1184,0.148438,0
300,541259,327,0.101562,0
301,541846,587,0.109375,0
302,542602,756,0.109375,0
303,543693,1091,0.117188,0
304,550388,6695,0.320312,0
305,576964,26576,0.484375,0
306,578365,1401,0.34375,0
307,660499,82134,0.484375,0
308,661618,1119,0.351562,0
309,727272,65654,0.4375,0
310,728735,1463,0.820312,0
311,735974,7239,0.132812,0
312,754574,18600,0.25,0
313,767473,12899,0.671875,0
314,768447,974,0.640625,0
315,769073,626,0.25,0
316,776045,6972,0.132812,0
317,794654,18609,0.25,0
318,807515,12861,0.671875,0
319,808636,1121,0.664062,0
320,809279,643,0.25,0
321,816251,6972,0.132812,0
322,834851,18600,0.25,0
323,847758,12907,0.671875,0
324,852897,5139,0.171875,0
325,853447,550,0.109375,0
326,854807,1360,0.132812,0
327,855793,986,0.117188,0
328,857855,2062,0.148438,0
329,858333,478,0.109375,0
330,858776,443,0.109375,0
331,859666,890,0.132812,0
332,860436,770,0.132812,0
333,862033,1597,0.140625,0
334,862721,688,0.140625,0
335,863922,1201,0.132812,0
336,864407,485,0.09375,0
337,864855,448,0.101562,0
338,865447,592,0.125,0
339,866631,1184,0.148438,0
340,868299,1668,0.125,0
341,870709,2410,0.15625,0
342,871194,485,0.109375,0
343,871778,584,0.132812,0
344,872214,436,0.117188,0
345,873323,1109,0.132812,0
346,875516,2193,0.15625,0
347,877048,1532,0.109375,0
348,877647,599,0.125,0
349,878831,1184,0.148438,0
350,879158,327,0.101562,0
351,879745,587,0.109375,0
352,880501,756,0.109375,0
353,881592,1091,0.117188,0
354,882802,1210,0.289062,0
355,883607,805,0.109375,0
356,885318,1711,0.15625,0
357,885649,331,0.09375,0
358,886250,601,0.09375,0
359,886693,443,0.09375,0
360,887134,441,0.101562,0
361,887712,578,0.125,0
362,888327,615,0.132812,0
363,889708,1381,0.132812,0
364,890694,986,0.117188,0
365,892756,2062,0.148438,0
366,893234,478,0.109375,0
367,893677,443,0.109375,0
368,894567,890,0.132812,0
369,895337,770,0.132812,0
370,896934,1597,0.140625,0
371,897622,688,0.140625,0
372,898823,1201,0.132812,0
373,899308,485,0.09375,0
374,899756,448,0.101562,0
375,900348,592,0.125,0
376,901532,1184,0.148438,0
377,903200,1668,0.125,0
378,905610,2410,0.15625,0
379,906095,485,0.109375,0
380,906679,584,0.132812,0
381,907115,436,0.117188,0
382,908224,1109,0.132812,0
383,910417,2193,0.15625,0
384,911949,1532,0.109375,0
385,912548,599,0.125,0
386,913732,1184,0.148438,0
387,914059,327,0.101562,0
388,914646,587,0.109375,0
389,915402,756,0.109375,0
390,916493,1091,0.117188,0
391,922406,5913,0.320312,0
392,929220,6814,0.148438,0
393,930220,1000,0.117188,0
394,932282,2062,0.148438,0
395,932760,478,0.109375,0
396,933203,443,0.109375,0
397,934093,890,0.132812,0
398,934863,770,0.132812,0
399,936460,1597,0.140625,0
400,937148,688,0.140625,0
401,938349,1201,0.132812,0
402,938834,485,0.09375,0
403,939282,448,0.101562,0
404,939874,592,0.125,0
405,941058,1184,0.148438,0
406,942726,1668,0.125,0
407,945136,2410,0.15625,0
408,945621,485,0.109375,0
409,946205,584,0.132812,0
410,946641,436,0.117188,0
411,947750,1109,0.132812,0
412,949943,2193,0.15625,0
413,951475,1532,0.109375,0
414,952074,599,0.125,0
415,953258,1184,0.148438,0
416,953585,327,0.101562,0
417,954172,587,0.109375,0
418,954928,756,0.109375,0
419,956019,1091,0.117188,0
420,957066,1047,0.171875,0
421,957826,760,0.109375,0
422,959538,1712,0.15625,0
423,959869,331,0.09375,0
424,960471,602,0.09375,0
425,960914,443,0.09375,0
426,961355,441,0.101562,0
427,961933,578,0.125,0
428,962548,615,0.132812,0
429,963929,1381,0.132812,0
430,964915,986,0.117188,0
431,966977,2062,0.148438,0
432,967455,478,0.109375,0
433,967898,443,0.109375,0
434,968788,890,0.132812,0
435,969558,770,0.132812,0
436,971155,1597,0.140625,0
437,971843,688,0.140625,0
438,973044,1201,0.132812,0
439,973529,485,0.09375,0
440,973977,448,0.101562,0
441,974569,592,0.125,0
442,975753,1184,0.148438,0
443,977421,1668,0.125,0
444,979831,2410,0.15625,0
445,980316,485,0.109375,0
446,980900,584,0.132812,0
447,981336,436,0.117188,0
448,982445,1109,0.132812,0
449,984638,2193,0.15625,0
450,986170,1532,0.109375,0
451,986769,599,0.125,0
452,987953,1184,0.148438,0
453,988280,327,0.101562,0
454,988867,587,0.109375,0
455,989623,756,0.109375,0
456,990714,1091,0.117188,0
457,996705,5991,0.367188,0
458,997805,1100,0.109375,0
459,999510,1705,0.15625,0
460,999841,331,0.09375,0
461,1000443,602,0.09375,0
462,1000886,443,0.09375,0
463,1001327,441,0.101562,0
464,1001905,578,0.125,0
465,1002520,615,0.132812,0
466,1003901,1381,0.132812,0
467,1004887,986,0.117188,0
468,1006949,2062,0.148438,0
469,1007427,478,0.109375,0
470,1007870,443,0.109375,0
471,1008760,890,0.132812,0
472,1009530,770,0.132812,0
473,1011127,1597,0.140625,0
474,1011815,688,0.140625,0
475,1013016,1201,0.132812,0
476,1013501,485,0.09375,0
477,1013949,448,0.101562,0
478,1014541,592,0.125,0
479,1015725,1184,0.148438,0
480,1017393,1668,0.125,0
481,1019803,2410,0.15625,0
482,1020288,485,0.109375,0
483,1020872,584,0.132812,0
484,1021308,436,0.117188,0
485,1022417,1109,0.132812,0
486,1024610,2193,0.15625,0
487,1026142,1532,0.109375,0
488,1026741,599,0.125,0
489,1027925,1184,0.148438,0
490,1028252,327,0.101562,0
491,1028839,587,0.109375,0
492,1029595,756,0.109375,0
493,1030686,1091,0.117188,0
494,1031896,1210,0.289062,0
495,1032701,805,0.109375,0
496,1034412,1711,0.15625,0
497,1034743,331,0.09375,0
498,1035344,601,0.09375,0
499,1035787,443,0.09375,0
500,1036228,441,0.101562,0
501,1036806,578,0.125,0
502,1037421,615,0.132812,0
503,1038802,1381,0.132812,0
504,1039788,986,0.117188,0
505,1041850,2062,0.148438,0
506,1042328,478,0.109375,0
507,1042771,443,0.109375,0
508,1043661,890,0.132812,0
509,1044431,770,0.132812,0
510,1046028,1597,0.140625,0
511,1046716,688,0.140625,0
512,1047917,1201,0.132812,0
513,1048402,485,0.09375,0
514,1048850,448,0.101562,0
515,1049442,592,0.125,0
516,1050626,1184,0.148438,0
517,1052294,1668,0.125,0
518,1054704,2410,0.15625,0
519,1055189,485,0.109375,0
520,1055773,584,0.132812,0
521,1056209,436,0.117188,0
522,1057318,1109,0.132812,0
523,1059511,2193,0.15625,0
524,1061043,1532,0.109375,0
525,1061642,599,0.125,0
526,1062826,1184,0.148438,0
527,1063153,327,0.101562,0
528,1063740,587,0.109375,0
529,1064496,756,0.109375,0
530,1065587,1091,0.117188,0
531,1071491,5904,0.320312,0
532,1073943,2452,0.648438,0
533,1074800,857,0.351562,0
534,1081823,7023,0.132812,0
535,1100432,18609,0.25,0
536,1113341,12909,0.671875,0
537,1115468,2127,0.273438,0
538,1116688,1220,0.148438,0
539,1117012,324,0.09375,0
540,1117614,602,0.09375,0
541,1118057,443,0.09375,0
542,1118498,441,0.101562,0
543,1119076,578,0.125,0
544,1119691,615,0.132812,0
545,1121072,1381,0.132812,0
546,1122058,986,0.117188,0
547,1124120,2062,0.148438,0
548,1124598,478,0.109375,0
549,1125041,443,0.109375,0
550,1125931,890,0.132812,0
551,1126701,770,0.132812,0
552,1128298,1597,0.140625,0
553,1128986,688,0.140625,0
554,1130187,1201,0.132812,0
555,1130672,485,0.09375,0
556,1131120,448,0.101562,0
557,1131712,592,0.125,0
558,1132896,1184,0.148438,0
559,1134564,1668,0.125,0
560,1136974,2410,0.15625,0
561,1137459,485,0.109375,0
562,1138043,584,0.132812,0
563,1138479,436,0.117188,0
564,1139588,1109,0.132812,0
565,1141781,2193,0.15625,0
566,1143313,1532,0.109375,0
567,1143912,599,0.125,0
568,1145096,1184,0.148438,0
569,1145423,327,0.101562,0
570,1146010,587,0.109375,0
571,1146766,756,0.109375,0
572,1147857,1091,0.117188,0
573,1148904,1047,0.171875,0
574,1149664,760,0.109375,0
575,1151376,1712,0.15625,0
576,1151707,331,0.09375,0
577,1152309,602,0.09375,0
578,1152752,443,0.09375,0
579,1153193,441,0.101562,0
580,1153771,578,0.125,0
581,1154386,615,0.132812,0
582,1155767,1381,0.132812,0
583,1156753,986,0.117188,0
584,1158815,2062,0.148438,0
585,1159293,478,0.109375,0
586,1159736,443,0.109375,0
587,1160626,890,0.132812,0
588,1161396,770,0.132812,0
589,1162993,1597,0.140625,0
590,1163681,688,0.140625,0
591,1164882,1201,0.132812,0
592,1165367,485,0.09375,0
593,1165815,448,0.101562,0
594,1166407,592,0.125,0
595,1167591,1184,0.148438,0
596,1169259,1668,0.125,0
597,1171669,2410,0.15625,0
598,1172154,485,0.109375,0
599,1172738,584,0.132812,0
600,1173174,436,0.117188,0
601,1174283,1109,0.132812,0
602,1176476,2193,0.15625,0
603,1178008,1532,0.109375,0
604,1178607,599,0.125,0
605,1179791,1184,0.148438,0
606,1180118,327,0.101562,0
607,1180705,587,0.109375,0
608,1181461,756,0.109375,0
609,1182552,1091,0.117188,0
610,1189250,6698,0.320312,0
611,1215964,26714,0.484375,0
612,1217360,1396,0.34375,0
613,1299494,82134,0.484375,0
614,1300645,1151,0.34375,0
615,1366255,65610,0.4375,0
616,1367718,1463,0.820312,0
617,1374957,7239,0.132812,0
618,1393557,18600,0.25,0
619,1406452,12895,0.671875,0
620,1407426,974,0.640625,0
621,1408052,626,0.25,0
622,1415024,6972,0.132812,0
623,1433633,18609,0.25,0
624,1446497,12864,0.671875,0
625,1447618,1121,0.664062,0
626,1448261,643,0.25,0
627,1455233,6972,0.132812,0
628,1473833,18600,0.25,0
629,1486739,12906,0.671875,0
630,1491878,5139,0.171875,0
631,1492428,550,0.109375,0
632,1493788,1360,0.132812,0
633,1494774,986,0.117188,0
634,1496836,2062,0.148438,0
635,1497314,478,0.109375,0
636,1497757,443,0.109375,0
637,1498647,890,0.132812,0
638,1499417,770,0.132812,0
639,1501014,1597,0.140625,0
640,1501702,688,0.140625,0
641,1502903,1201,0.132812,0
642,1503388,485,0.09375,0
643,1503836,448,0.101562,0
644,1504428,592,0.125,0
645,1505612,1184,0.148438,0
646,1507280,1668,0.125,0
647,1509690,2410,0.15625,0
648,1510175,485,0.109375,0
649,1510759,584,0.132812,0
650,1511195,436,0.117188,0
651,1512304,1109,0.132812,0
652,1514497,2193,0.15625,0
653,1516029,1532,0.109375,0
654,1516628,599,0.125,0
655,1517812,1184,0.148438,0
656,1518139,327,0.101562,0
657,1518726,587,0.109375,0
658,1519482,756,0.109375,0
659,1520573,1091,0.117188,0
660,1521783,1210,0.289062,0
661,1522588,805,0.109375,0
662,1524299,1711,0.15625,0
663,1524630,331,0.09375,0
664,1525231,601,0.09375,0
665,1525674,443,0.09375,0
666,1526115,441,0.101562,0
667,1526693,578,0.125,0
668,1527308,615,0.132812,0
669,1528689,1381,0.132812,0
670,1529675,986,0.117188,0
671,1531737,2062,0.148438,0
672,1532215,478,0.109375,0
673,1532658,443,0.109375,0
674,1533548,890,0.132812,0
675,1534318,770,0.132812,0
676,1535915,1597,0.140625,0
677,1536603,688,0.140625,0
678,1537804,1201,0.132812,0
679,1538289,485,0.09375,0
680,1538737,448,0.101562,0
681,1539329,592,0.125,0
682,1540513,1184,0.148438,0
683,1542181,1668,0.125,0
684,1544591,2410,0.15625,0
685,1545076,485,0.109375,0
686,1545660,584,0.132812,0
687,1546096,436,0.117188,0
688,1547205,1109,0.132812,0
689,1549398,2193,0.15625,0
690,1550930,1532,0.109375,0
691,1551529,599,0.125,0
692,1552713,1184,0.148438,0
693,1553040,327,0.101562,0
694,1553627,587,0.109375,0
695,1554383,756,0.109375,0
696,1555474,1091,0.117188,0
697,1561372,5898,0.320312,0
698,1566301,4929,0.195312,0
699,1567052,751,0.132812,0
700,1568433,1381,0.132812,0
701,1569419,986,0.117188,0
702,1571481,2062,0.148438,0
703,1571959,478,0.109375,0
704,1572402,443,0.109375,0
705,1573292,890,0.132812,0
706,1574062,770,0.132812,0
707,1575659,1597,0.140625,0
708,1576347,688,0.140625,0
709,1577548,1201,0.132812,0
710,1578033,485,0.09375,0
711,1578481,448,0.101562,0
712,1579073,592,0.125,0
713,1580257,1184,0.148438,0
714,1581925,1668,0.125,0
715,1584335,2410,0.15625,0
716,1584820,485,0.109375,0
717,1585404,584,0.132812,0
718,1585840,436,0.117188,0
719,1586949,1109,0.132812,0
720,1589142,2193,0.15625,0
721,1590674,1532,0.109375,0
722,1591273,599,0.125,0
723,1592457,1184,0.148438,0
724,1592784,327,0.101562,0
725,1593371,587,0.109375,0
726,1594127,756,0.109375,0
727,1595218,1091,0.117188,0
728,1596265,1047,0.171875,0
729,1597025,760,0.109375,0
730,1598737,1712,0.15625,0
731,1599068,331,0.09375,0
732,1599670,602,0.09375,0
733,1600113,443,0.09375,0
734,1600554,441,0.101562,0
735,1601132,578,0.125,0
736,1601747,615,0.132812,0
737,1603128,1381,0.132812,0
738,1604114,986,0.117188,0
739,1606176,2062,0.148438,0
740,1606654,478,0.109375,0
741,1607097,443,0.109375,0
742,1607987,890,0.132812,0
743,1608757,770,0.132812,0
744,1610354,1597,0.140625,0
745,1611042,688,0.140625,0
746,1612243,1201,0.132812,0
747,1612728,485,0.09375,0
748,1613176,448,0.101562,0
749,1613768,592,0.125,0
750,1614952,1184,0.148438,0
751,1616620,1668,0.125,0
752,1619030,2410,0.15625,0
753,1619515,485,0.109375,0
754,1620099,584,0.132812,0
755,1620535,436,0.117188,0
756,1621644,1109,0.132812,0
757,1623837,2193,0.15625,0
758,1625369,1532,0.109375,0
759,1625968,599,0.125,0
760,1627152,1184,0.148438,0
761,1627479,327,0.101562,0
762,1628066,587,0.109375,0
763,1628822,756,0.109375,0
764,1629913,1091,0.117188,0
765,1635880,5967,0.367188,0
766,1636980,1100,0.109375,0
767,1638685,1705,0.15625,0
768,1639016,331,0.09375,0
769,1639618,602,0.09375,0
770,1640061,443,0.09375,0
771,1640502,441,0.101562,0
772,1641080,578,0.125,0
773,1641695,615,0.132812,0
774,1643076,1381,0.132812,0
775,1644062,986,0.117188,0
776,1646124,2062,0.148438,0
777,1646602,478,0.109375,0
778,1647045,443,0.109375,0
779,1647935,890,0.132812,0
780,1648705,770,0.132812,0
781,1650302,1597,0.140625,0
782,1650990,688,0.140625,0
783,1652191,1201,0.132812,0
784,1652676,485,0.09375,0
785,1653124,448,0.101562,0
786,1653716,592,0.125,0
787,1654900,1184,0.148438,0
788,1656568,1668,0.125,0
789,1658978,2410,0.15625,0
790,1659463,485,0.109375,0
791,1660047,584,0.132812,0
792,1660483,436,0.117188,0
793,1661592,1109,0.132812,0
794,1663785,2193,0.15625,0
795,1665317,1532,0.109375,0
796,1665916,599,0.125,0
797,1667100,1184,0.148438,0
798,1667427,327,0.101562,0
799,1668014,587,0.109375,0
800,1668770,756,0.109375,0
801,1669861,1091,0.117188,0
802,1671071,1210,0.289062,0
803,1671876,805,0.109375,0
804,1673587,1711,0.15625,0
805,1673918,331,0.09375,0
806,1674519,601,0.09375,0
807,1674962,443,0.09375,0
808,1675403,441,0.101562,0
809,1675981,578,0.125,0
810,1676596,615,0.132812,0
811,1677977,1381,0.132812,0
812,1678963,986,0.117188,0
813,1681025,2062,0.148438,0
814,1681503,478,0.109375,0
815,1681946,443,0.109375,0
816,1682836,890,0.132812,0
817,1683606,770,0.132812,0
818,1685203,1597,0.140625,0
819,1685891,688,0.140625,0
820,1687092,1201,0.132812,0
821,1687577,485,0.09375,0
822,1688025,448,0.101562,0
823,1688617,592,0.125,0
824,1689801,1184,0.148438,0
825,1691469,1668,0.125,0
826,1693879,2410,0.15625,0
827,1694364,485,0.109375,0
828,1694948,584,0.132812,0
829,1695384,436,0.117188,0
830,1696493,1109,0.132812,0
831,1698686,2193,0.15625,0
832,1700218,1532,0.109375,0
833,1700817,599,0.125,0
834,1702001,1184,0.148438,0
835,1702328,327,0.101562,0
836,1702915,587,0.109375,0
837,1703671,756,0.109375,0
838,1704762,1091,0.117188,0
839,1711758,6996,0.4375,0
840,1713409,1651,0.671875,0
841,1714090,681,0.25,0
842,1721062,6972,0.132812,0
843,1739671,18609,0.25,0
844,1752579,12908,0.671875,0
845,1755388,2809,0.25,0
846,1755935,547,0.109375,0
847,1756224,289,0.09375,0
848,1756826,602,0.09375,0
849,1757269,443,0.09375,0
850,1757710,441,0.101562,0
851,1758288,578,0.125,0
852,1758903,615,0.132812,0
853,1760284,1381,0.132812,0
854,1761270,986,0.117188,0
855,1763332,2062,0.148438,0
856,1763810,478,0.109375,0
857,1764253,443,0.109375,0
858,1765143,890,0.132812,0
859,1765913,770,0.132812,0
860,1767510,1597,0.140625,0
861,1768198,688,0.140625,0
862,1769399,1201,0.132812,0
863,1769884,485,0.09375,0
864,1770332,448,0.101562,0
865,1770924,592,0.125,0
866,1772108,1184,0.148438,0
867,1773776,1668,0.125,0
868,1776186,2410,0.15625,0
869,1776671,485,0.109375,0
870,1777255,584,0.132812,0
871,1777691,436,0.117188,0
872,1778800,1109,0.132812,0
873,1780993,2193,0.15625,0
874,1782525,1532,0.109375,0
875,1783124,599,0.125,0
876,1784308,1184,0.148438,0
877,1784635,327,0.101562,0
878,1785222,587,0.109375,0
879,1785978,756,0.109375,0
880,1787069,1091,0.117188,0
881,1788116,1047,0.171875,0
882,1788876,760,0.109375,0
883,1790588,1712,0.15625,0
884,1790919,331,0.09375,0
885,1791521,602,0.09375,0
886,1791964,443,0.09375,0
887,1792405,441,0.101562,0
888,1792983,578,0.125,0
889,1793598,615,0.132812,0
890,1794979,1381,0.132812,0
891,1795965,986,0.117188,0
892,1798027,2062,0.148438,0
893,1798505,478,0.109375,0
894,1798948,443,0.109375,0
895,1799838,890,0.132812,0
896,1800608,770,0.132812,0
897,1802205,1597,0.140625,0
898,1802893,688,0.140625,0
899,1804094,1201,0.132812,0
900,1804579,485,0.09375,0
901,1805027,448,0.101562,0
902,1805619,592,0.125,0
903,1806803,1184,0.148438,0
904,1808471,1668,0.125,0
905,1810881,2410,0.15625,0
906,1811366,485,0.109375,0
907,1811950,584,0.132812,0
908,1812386,436,0.117188,0
909,1813495,1109,0.132812,0
910,1815688,2193,0.15625,0
911,1817220,1532,0.109375,0
912,1817819,599,0.125,0
913,1819003,1184,0.148438,0
914,1819330,327,0.101562,0
915,1819917,587,0.109375,0
916,1820673,756,0.109375,0
917,1821764,1091,0.117188,0
918,1828458,6694,0.320312,0
919,1855010,26552,0.484375,0
920,1856405,1395,0.34375,0
921,1938539,82134,0.484375,0
922,1939692,1153,0.34375,0
923,2005294,65602,0.4375,0
924,2006757,1463,0.820312,0
925,2013996,7239,0.132812,0
926,2032596,18600,0.25,0
927,2045500,12904,0.671875,0
928,2046474,974,0.640625,0
929,2047100,626,0.25,0
930,2054072,6972,0.132812,0
931,2072681,18609,0.25,0
932,2085541,12860,0.671875,0
933,2086662,1121,0.664062,0
934,2087305,643,0.25,0
935,2094277,6972,0.132812,0
936,2112877,18600,0.25,0
937,2125787,12910,0.671875,0
938,2130926,5139,0.171875,0
939,2131476,550,0.109375,0
940,2132836,1360,0.132812,0
941,2133822,986,0.117188,0
942,2135884,2062,0.148438,0
943,2136362,478,0.109375,0
944,2136805,443,0.109375,0
945,2137695,890,0.132812,0
946,2138465,770,0.132812,0
947,2140062,1597,0.140625,0
948,2140750,688,0.140625,0
949,2141951,1201,0.132812,0
950,2142436,485,0.09375,0
951,2142884,448,0.101562,0
952,2143476,592,0.125,0
953,2144660,1184,0.148438,0
954,2146328,1668,0.125,0
955,2148738,2410,0.15625,0
956,2149223,485,0.109375,0
957,2149807,584,0.132812,0
958,2150243,436,0.117188,0
959,2151352,1109,0.132812,0
960,2153545,2193,0.15625,0
961,2155077,1532,0.109375,0
962,2155676,599,0.125,0
963,2156860,1184,0.148438,0
964,2157187,327,0.101562,0
965,2157774,587,0.109375,0
966,2158530,756,0.109375,0
967,2159621,1091,0.117188,0
968,2160831,1210,0.289062,0
969,2161636,805,0.109375,0
970,2163347,1711,0.15625,0
971,2163678,331,0.09375,0
972,2164279,601,0.09375,0
973,2164722,443,0.09375,0
974,2165163,441,0.101562,0
975,2165741,578,0.125,0
976,2166356,615,0.132812,0
977,2167737,1381,0.132812,0
978,2168723,986,0.117188,0
979,2170785,2062,0.148438,0
980,2171263,478,0.109375,0
981,2171706,443,0.109375,0
982,2172596,890,0.132812,0
983,2173366,770,0.132812,0
984,2174963,1597,0.140625,0
985,2175651,688,0.140625,0
986,2176852,1201,0.132812,0
987,2177337,485,0.09375,0
988,2177785,448,0.101562,0
989,2178377,592,0.125,0
990,2179561,1184,0.148438,0
991,2181229,1668,0.125,0
992,2183639,2410,0.15625,0
993,2184124,485,0.109375,0
994,2184708,584,0.132812,0
995,2185144,436,0.117188,0
996,2186253,1109,0.132812,0
997,2188446,2193,0.15625,0
998,2189978,1532,0.109375,0
999,2190577,599,0.125,0
1000,2191761,1184,0.148438,0
1001,2192088,327,0.101562,0
1002,2192675,587,0.109375,0
1003,2193431,756,0.109375,0
1004,2194522,1091,0.117188,0
1005,2200440,5918,0.320312,0
1006,2207254,6814,0.148438,0
1007,2208254,1000,0.117188,0
1008,2210316,2062,0.148438,0
1009,2210794,478,0.109375,0
1010,2211237,443,0.109375,0
1011,2212127,890,0.132812,0
1012,2212897,770,0.132812,0
1013,2214494,1597,0.140625,0
1014,2215182,688,0.140625,0
1015,2216383,1201,0.132812,0
1016,2216868,485,0.09375,0
1017,2217316,448,0.101562,0
1018,2217908,592,0.125,0
1019,2219092,1184,0.148438,0
1020,2220760,1668,0.125,0
1021,2223170,2410,0.15625,0
1022,2223655,485,0.109375,0
1023,2224239,584,0.132812,0
1024,2224675,436,0.117188,0
1025,2225784,1109,0.132812,0
1026,2227977,2193,0.15625,0
1027,2229509,1532,0.109375,0
1028,2230108,599,0.125,0
1029,2231292,1184,0.148438,0
1030,2231619,327,0.101562,0
1031,2232206,587,0.109375,0
1032,2232962,756,0.109375,0
1033,2234053,1091,0.117188,0
1034,2235100,1047,0.171875,0
1035,2235860,760,0.109375,0
1036,2237572,1712,0.15625,0
1037,2237903,331,0.09375,0
1038,2238505,602,0.09375,0
1039,2238948,443,0.09375,0
1040,2239389,441,0.101562,0
1041,2239967,578,0.125,0
1042,2240582,615,0.132812,0
1043,2241963,1381,0.132812,0
1044,2242949,986,0.117188,0
1045,2245011,2062,0.148438,0
1046,2245489,478,0.109375,0
1047,2245932,443,0.109375,0
1048,2246822,890,0.132812,0
1049,2247592,770,0.132812,0
1050,2249189,1597,0.140625,0
1051,2249877,688,0.140625,0
1052,2251078,1201,0.132812,0
1053,2251563,485,0.09375,0
1054,2252011,448,0.101562,0
1055,2252603,592,0.125,0
1056,2253787,1184,0.148438,0
1057,2255455,1668,0.125,0
1058,2257865,2410,0.15625,0
1059,2258350,485,0.109375,0
1060,2258934,584,0.132812,0
1061,2259370,436,0.117188,0
1062,2260479,1109,0.132812,0
1063,2262672,2193,0.15625,0
1064,2264204,1532,0.109375,0
1065,2264803,599,0.125,0
1066,2265987,1184,0.148438,0
1067,2266314,327,0.101562,0
1068,2266901,587,0.109375,0
1069,2267657,756,0.109375,0
1070,2268748,1091,0.117188,0
1071,2274736,5988,0.367188,0
1072,2275836,1100,0.109375,0
1073,2277541,1705,0.15625,0
1074,2277872,331,0.09375,0
1075,2278474,602,0.09375,0
1076,2278917,443,0.09375,0
1077,2279358,441,0.101562,0
1078,2279936,578,0.125,0
1079,2280551,615,0.132812,0
1080,2281932,1381,0.132812,0
1081,2282918,986,0.117188,0
1082,2284980,2062,0.148438,0
1083,2285458,478,0.109375,0
1084,2285901,443,0.109375,0
1085,2286791,890,0.132812,0
1086,2287561,770,0.132812,0
1087,2289158,1597,0.140625,0
1088,2289846,688,0.140625,0
1089,2291047,1201,0.132812,0
1090,2291532,485,0.09375,0
1091,2291980,448,0.101562,0
1092,2292572,592,0.125,0
1093,2293756,1184,0.148438,0
1094,2295424,1668,0.125,0
1095,2297834,2410,0.15625,0
1096,2298319,485,0.109375,0
1097,2298903,584,0.132812,0
1098,2299339,436,0.117188,0
1099,2300448,1109,0.132812,0
1100,2302641,2193,0.15625,0
1101,2304173,1532,0.109375,0
1102,2304772,599,0.125,0
1103,2305956,1184,0.148438,0
1104,2306283,327,0.101562,0
1105,2306870,587,0.109375,0
1106,2307626,756,0.109375,0
1107,2308717,1091,0.117188,0
1108,2309927,1210,0.289062,0
1109,2310732,805,0.109375,0
1110,2312443,1711,0.15625,0
1111,2312774,331,0.09375,0
1112,2313375,601,0.09375,0
1113,2313818,443,0.09375,0
1114,2314259,441,0.101562,0
1115,2314837,578,0.125,0
1116,2315452,615,0.132812,0
1117,2316833,1381,0.132812,0
1118,2317819,986,0.117188,0
1119,2319881,2062,0.148438,0
1120,2320359,478,0.109375,0
1121,2320802,443,0.109375,0
1122,2321692,890,0.132812,0
1123,2322462,770,0.132812,0
1124,2324059,1597,0.140625,0
1125,2324747,688,0.140625,0
1126,2325948,1201,0.132812,0
1127,2326433,485,0.09375,0
1128,2326881,448,0.101562,0
1129,2327473,592,0.125,0
1130,2328657,1184,0.148438,0
1131,2330325,1668,0.125,0
1132,2332735,2410,0.15625,0
1133,2333220,485,0.109375,0
1134,2333804,584,0.132812,0
1135,2334240,436,0.117188,0
1136,2335349,1109,0.132812,0
1137,2337542,2193,0.15625,0
1138,2339074,1532,0.109375,0
1139,2339673,599,0.125,0
1140,2340857,1184,0.148438,0
1141,2341184,327,0.101562,0
1142,2341771,587,0.109375,0
1143,2342527,756,0.109375,0
1144,2343618,1091,0.117188,0
1145,2349522,5904,0.320312,0
1146,2351977,2455,0.648438,0
1147,2352834,857,0.351562,0
1148,2359857,7023,0.132812,0
1149,2378466,18609,0.25,0
1150,2391381,12915,0.671875,0
1151,2393508,2127,0.273438,0
1152,2394728,1220,0.148438,0
1153,2395052,324,0.09375,0
1154,2395654,602,0.09375,0
1155,2396097,443,0.09375,0
1156,2396538,441,0.101562,0
1157,2397116,578,0.125,0
1158,2397731,615,0.132812,0
1159,2399112,1381,0.132812,0
1160,2400098,986,0.117188,0
1161,2402160,2062,0.148438,0
1162,2402638,478,0.109375,0
1163,2403081,443,0.109375,0
1164,2403971,890,0.132812,0
1165,2404741,770,0.132812,0
1166,2406338,1597,0.140625,0
1167,2407026,688,0.140625,0
1168,2408227,1201,0.132812,0
1169,2408712,485,0.09375,0
1170,2409160,448,0.101562,0
1171,2409752,592,0.125,0
1172,2410936,1184,0.148438,0
1173,2412604,1668,0.125,0
1174,2415014,2410,0.15625,0
1175,2415499,485,0.109375,0
1176,2416083,584,0.132812,0
1177,2416519,436,0.117188,0
1178,2417628,1109,0.132812,0
1179,2419821,2193,0.15625,0
1180,2421353,1532,0.109375,0
1181,2421952,599,0.125,0
1182,2423136,1184,0.148438,0
1183,2423463,327,0.101562,0
1184,2424050,587,0.109375,0
1185,2424806,756,0.109375,0
1186,2425897,1091,0.117188,0
1187,2426944,1047,0.171875,0
1188,2427704,760,0.109375,0
1189,2429416,1712,0.15625,0
1190,2429747,331,0.09375,0
1191,2430349,602,0.09375,0
1192,2430792,443,0.09375,0
1193,2431233,441,0.101562,0
1194,2431811,578,0.125,0
1195,2432426,615,0.132812,0
1196,2433807,1381,0.132812,0
1197,2434793,986,0.117188,0
1198,2436855,2062,0.148438,0
1199,2437333,478,0.109375,0
1200,2437776,443,0.109375,0
1201,2438666,890,0.132812,0
1202,2439436,770,0.132812,0
1203,2441033,1597,0.140625,0
1204,2441721,688,0.140625,0
1205,2442922,1201,0.132812,0
1206,2443407,485,0.09375,0
1207,2443855,448,0.101562,0
1208,2444447,592,0.125,0
1209,2445631,1184,0.148438,0
1210,2447299,1668,0.125,0
1211,2449709,2410,0.15625,0
1212,2450194,485,0.109375,0
1213,2450778,584,0.132812,0
1214,2451214,436,0.117188,0
1215,2452323,1109,0.132812,0
1216,2454516,2193,0.15625,0
1217,2456048,1532,0.109375,0
1218,2456647,599,0.125,0
1219,2457831,1184,0.148438,0
1220,2458158,327,0.101562,0
1221,2458745,587,0.109375,0
1222,2459501,756,0.109375,0
1223,2460592,1091,0.117188,0
1224,2467288,6696,0.320312,0
1225,2493774,26486,0.484375,0
1226,2495170,1396,0.34375,0
1227,2577304,82134,0.484375,0
1228,2578459,1155,0.34375,0
1229,2644056,65597,0.4375,0
1230,2645519,1463,0.820312,0
1231,2652758,7239,0.132812,0
1232,2671358,18600,0.25,0
1233,2684257,12899,0.671875,0
1234,2685231,974,0.640625,0
1235,2685857,626,0.25,0
1236,2692829,6972,0.132812,0
1237,2711438,18609,0.25,0
1238,2724301,12863,0.671875,0
1239,2725402,1101,0.648438,0
1240,2726052,650,0.257812,0
1241,2733039,6987,0.132812,0
1242,2751639,18600,0.25,0
1243,2764540,12901,0.671875,0
1244,2769679,5139,0.171875,0
1245,2770229,550,0.109375,0
1246,2771589,1360,0.132812,0
1247,2772575,986,0.117188,0
1248,2774637,2062,0.148438,0
1249,2775115,478,0.109375,0
1250,2775558,443,0.109375,0
1251,2776448,890,0.132812,0
1252,2777218,770,0.132812,0
1253,2778815,1597,0.140625,0
1254,2779503,688,0.140625,0
1255,2780704,1201,0.132812,0
1256,2781189,485,0.09375,0
1257,2781637,448,0.101562,0
1258,2782229,592,0.125,0
1259,2783413,1184,0.148438,0
1260,2785081,1668,0.125,0
1261,2787491,2410,0.15625,0
1262,2787976,485,0.109375,0
1263,2788560,584,0.132812,0
1264,2788996,436,0.117188,0
1265,2790105,1109,0.132812,0
1266,2792298,2193,0.15625,0
1267,2793830,1532,0.109375,0
1268,2794429,599,0.125,0
1269,2795613,1184,0.148438,0
1270,2795940,327,0.101562,0
1271,2796527,587,0.109375,0
1272,2797283,756,0.109375,0
1273,2798374,1091,0.117188,0
1274,2799584,1210,0.289062,0
1275,2800389,805,0.109375,0
1276,2802100,1711,0.15625,0
1277,2802431,331,0.09375,0
1278,2803032,601,0.09375,0
1279,2803475,443,0.09375,0
1280,2803916,441,0.101562,0
1281,2804494,578,0.125,0
1282,2805109,615,0.132812,0
1283,2806490,1381,0.132812,0
1284,2807476,986,0.117188,0
1285,2809538,2062,0.148438,0
1286,2810016,478,0.109375,0
1287,2810459,443,0.109375,0
1288,2811349,890,0.132812,0
1289,2812119,770,0.132812,0
1290,2813716,1597,0.140625,0
1291,2814404,688,0.140625,0
1292,2815605,1201,0.132812,0
1293,2816090,485,0.09375,0
1294,2816538,448,0.101562,0
1295,2817130,592,0.125,0
1296,2818314,1184,0.148438,0
1297,2819982,1668,0.125,0
1298,2822392,2410,0.15625,0
1299,2822877,485,0.109375,0
1300,2823461,584,0.132812,0
1301,2823897,436,0.117188,0
1302,2825006,1109,0.132812,0
1303,2827199,2193,0.15625,0
1304,2828731,1532,0.109375,0
1305,2829330,599,0.125,0
1306,2830514,1184,0.148438,0
1307,2830841,327,0.101562,0
1308,2831428,587,0.109375,0
1309,2832184,756,0.109375,0
1310,2833275,1091,0.117188,0
1311,2839168,5893,0.320312,0
1312,2844097,4929,0.195312,0
1313,2844848,751,0.132812,0
1314,2846229,1381,0.132812,0
1315,2847215,986,0.117188,0
1316,2849277,2062,0.148438,0
1317,2849755,478,0.109375,0
1318,2850198,443,0.109375,0
1319,2851088,890,0.132812,0
1320,2851858,770,0.132812,0
1321,2853455,1597,0.140625,0
1322,2854143,688,0.140625,0
1323,2855344,1201,0.132812,0
1324,2855829,485,0.09375,0
1325,2856277,448,0.101562,0
1326,2856869,592,0.125,0
1327,2858053,1184,0.148438,0
1328,2859721,1668,0.125,0
1329,2862131,2410,0.15625,0
1330,2862616,485,0.109375,0
1331,2863200,584,0.132812,0
1332,2863636,436,0.117188,0
1333,2864745,1109,0.132812,0
1334,2866938,2193,0.15625,0
1335,2868470,1532,0.109375,0
1336,2869069,599,0.125,0
1337,2870253,1184,0.148438,0
1338,2870580,327,0.101562,0
1339,2871167,587,0.109375,0
1340,2871923,756,0.109375,0
1341,2873014,1091,0.117188,0
1342,2874061,1047,0.171875,0
1343,2874821,760,0.109375,0
1344,2876533,1712,0.15625,0
1345,2876864,331,0.09375,0
1346,2877466,602,0.09375,0
1347,2877909,443,0.09375,0
1348,2878350,441,0.101562,0
1349,2878928,578,0.125,0
1350,2879543,615,0.132812,0
1351,2880924,1381,0.132812,0
1352,2881910,986,0.117188,0
1353,2883972,2062,0.148438,0
1354,2884450,478,0.109375,0
1355,2884893,443,0.109375,0
1356,2885783,890,0.132812,0
1357,2886553,770,0.132812,0
1358,2888150,1597,0.140625,0
1359,2888838,688,0.140625,0
1360,2890039,1201,0.132812,0
1361,2890524,485,0.09375,0
1362,2890972,448,0.101562,0
1363,2891564,592,0.125,0
1364,2892748,1184,0.148438,0
1365,2894416,1668,0.125,0
1366,2896826,2410,0.15625,0
1367,2897311,485,0.109375,0
1368,2897895,584,0.132812,0
1369,2898331,436,0.117188,0
1370,2899440,1109,0.132812,0
1371,2901633,2193,0.15625,0
1372,2903165,1532,0.109375,0
1373,2903764,599,0.125,0
1374,2904948,1184,0.148438,0
1375,2905275,327,0.101562,0
1376,2905862,587,0.109375,0
1377,2906618,756,0.109375,0
1378,2907709,1091,0.117188,0
1379,2913669,5960,0.367188,0
1380,2914769,1100,0.109375,0
1381,2916474,1705,0.15625,0
1382,2916805,331,0.09375,0
1383,2917407,602,0.09375,0
1384,2917850,443,0.09375,0
1385,2918291,441,0.101562,0
1386,2918869,578,0.125,0
1387,2919484,615,0.132812,0
1388,2920865,1381,0.132812,0
1389,2921851,986,0.117188,0
1390,2923913,2062,0.148438,0
1391,2924391,478,0.109375,0
1392,2924834,443,0.109375,0
1393,2925724,890,0.132812,0
1394,2926494,770,0.132812,0
1395,2928091,1597,0.140625,0
1396,2928779,688,0.140625,0
1397,2929980,1201,0.132812,0
1398,2930465,485,0.09375,0
1399,2930913,448,0.101562,0
1400,2931505,592,0.125,0
1401,2932689,1184,0.148438,0
1402,2934357,1668,0.125,0
1403,2936767,2410,0.15625,0
1404,2937252,485,0.109375,0
1405,2937836,584,0.132812,0
1406,2938272,436,0.117188,0
1407,2939381,1109,0.132812,0
1408,2941574,2193,0.15625,0
1409,2943106,1532,0.109375,0
1410,2943705,599,0.125,0
1411,2944889,1184,0.148438,0
1412,2945216,327,0.101562,0
1413,2945803,587,0.109375,0
1414,2946559,756,0.109375,0
1415,2947650,1091,0.117188,0
1416,2948860,1210,0.289062,0
1417,2949665,805,0.109375,0
1418,2951376,1711,0.15625,0
1419,2951707,331,0.09375,0
1420,2952308,601,0.09375,0
1421,2952751,443,0.09375,0
1422,2953192,441,0.101562,0
1423,2953770,578,0.125,0
1424,2954385,615,0.132812,0
1425,2955766,1381,0.132812,0
1426,2956752,986,0.117188,0
1427,2958814,2062,0.148438,0
1428,2959292,478,0.109375,0
1429,2959735,443,0.109375,0
1430,2960625,890,0.132812,0
1431,2961395,770,0.132812,0
1432,2962992,1597,0.140625,0
1433,2963680,688,0.140625,0
1434,2964881,1201,0.132812,0
1435,2965366,485,0.09375,0
1436,2965814,448,0.101562,0
1437,2966406,592,0.125,0
1438,2967590,1184,0.148438,0
1439,2969258,1668,0.125,0
1440,2971668,2410,0.15625,0
1441,2972153,485,0.109375,0
1442,2972737,584,0.132812,0
1443,2973173,436,0.117188,0
1444,2974282,1109,0.132812,0
1445,2976475,2193,0.15625,0
1446,2978007,1532,0.109375,0
1447,2978606,599,0.125,0
1448,2979790,1184,0.148438,0
1449,2980117,327,0.101562,0
1450,2980704,587,0.109375,0
1451,2981460,756,0.109375,0
1452,2982551,1091,0.117188,0
1453,2989563,7012,0.4375,0
1454,2991206,1643,0.671875,0
1455,2991887,681,0.25,0
1456,2998859,6972,0.132812,0
1457,3017468,18609,0.25,0
1458,3030375,12907,0.671875,0
1459,3032502,2127,0.273438,0
1460,3033722,1220,0.148438,0
1461,3034046,324,0.09375,0
1462,3034648,602,0.09375,0
1463,3035091,443,0.09375,0
1464,3035532,441,0.101562,0
1465,3036110,578,0.125,0
1466,3036725,615,0.132812,0
1467,3038106,1381,0.132812,0
1468,3039092,986,0.117188,0
1469,3041154,2062,0.148438,0
1470,3041632,478,0.109375,0
1471,3042075,443,0.109375,0
1472,3042965,890,0.132812,0
1473,3043735,770,0.132812,0
1474,3045332,1597,0.140625,0
1475,3046020,688,0.140625,0
1476,3047221,1201,0.132812,0
1477,3047706,485,0.09375,0
1478,3048154,448,0.101562,0
1479,3048746,592,0.125,0
1480,3049930,1184,0.148438,0
1481,3051598,1668,0.125,0
1482,3054008,2410,0.15625,0
1483,3054493,485,0.109375,0
1484,3055077,584,0.132812,0
1485,3055513,436,0.117188,0
1486,3056622,1109,0.132812,0
1487,3058815,2193,0.15625,0
1488,3060347,1532,0.109375,0
1489,3060946,599,0.125,0
1490,3062130,1184,0.148438,0
1491,3062457,327,0.101562,0
1492,3063044,587,0.109375,0
1493,3063800,756,0.109375,0
1494,3064891,1091,0.117188,0
1495,3065938,1047,0.171875,0
1496,3066698,760,0.109375,0
1497,3068410,1712,0.15625,0
1498,3068741,331,0.09375,0
1499,3069343,602,0.09375,0
1500,3069786,443,0.09375,0
1501,3070227,441,0.101562,0
1502,3070805,578,0.125,0
1503,3071420,615,0.132812,0
1504,3072801,1381,0.132812,0
1505,3073787,986,0.117188,0
1506,3075849,2062,0.148438,0
1507,3076327,478,0.109375,0
1508,3076770,443,0.109375,0
1509,3077660,890,0.132812,0
1510,3078430,770,0.132812,0
1511,3080027,1597,0.140625,0
1512,3080715,688,0.140625,0
1513,3081916,1201,0.132812,0
1514,3082401,485,0.09375,0
1515,3082849,448,0.101562,0
1516,3083441,592,0.125,0
1517,3084625,1184,0.148438,0
1518,3086293,1668,0.125,0
1519,3088703,2410,0.15625,0
1520,3089188,485,0.109375,0
1521,3089772,584,0.132812,0
1522,3090208,436,0.117188,0
1523,3091317,1109,0.132812,0
1524,3093510,2193,0.15625,0
1525,3095042,1532,0.109375,0
1526,3095641,599,0.125,0
1527,3096825,1184,0.148438,0
1528,3097152,327,0.101562,0
1529,3097739,587,0.109375,0
1530,3098495,756,0.109375,0
1531,3099586,1091,0.117188,0
1532,3106306,6720,0.320312,0
1533,3133071,26765,0.484375,0
1534,3134471,1400,0.34375,0
1535,3216605,82134,0.484375,0
1536,3217941,1336,0.0390625,0
1537,3218305,364,0.015625,0
1538,3218612,307,0.015625,0
1539,3218919,307,0.015625,0
1540,3219226,307,0.015625,0
1541,3219533,307,0.015625,0
1542,3219840,307,0.015625,0
1543,3220146,306,0.015625,0
1544,3220452,306,0.015625,0
1545,3220758,306,0.015625,0
1546,3221065,307,0.015625,0
1547,3221372,307,0.015625,0
1548,3221679,307,0.015625,0
1549,3221986,307,0.015625,0
1550,3222293,307,0.015625,0
1551,3222600,307,0.015625,0
1552,3222907,307,0.015625,0
1553,3223214,307,0.015625,0
1554,3223521,307,0.015625,0
1555,3223828,307,0.015625,0
1556,3224135,307,0.015625,0
1557,3224442,307,0.015625,0
1558,3224749,307,0.015625,0
1559,3225056,307,0.015625,0
1560,3225363,307,0.015625,0
1561,3225670,307,0.015625,0
1562,3225977,307,0.015625,0
1563,3226284,307,0.015625,0
1564,3226591,307,0.015625,0
1565,3226898,307,0.015625,0
1566,3227205,307,0.015625,0
1567,3227512,307,0.015625,0
1568,3227819,307,0.015625,0
1569,3228126,307,0.015625,0
1570,3228433,307,0.015625,0
1571,3228740,307,0.015625,0
1572,3229047,307,0.015625,0
1573,3229354,307,0.015625,0
1574,3229661,307,0.015625,0
1575,3229968,307,0.015625,0
1576,3230275,307,0.015625,0
1577,3230582,307,0.015625,0
1578,3230889,307,0.015625,0
1579,3231196,307,0.015625,0
1580,3233186,1990,0.46875,0
1581,3234084,898,0.34375,0
1582,3236170,2086,0.375,0
1583,3236675,505,0.296875,0
1584,3238551,1876,0.359375,0
1585,3239441,890,0.015625,0
1586,3239850,409,0.015625,0
1587,3240259,409,0.015625,0
1588,3240668,409,0.015625,0
1589,3241077,409,0.015625,0
1590,3241486,409,0.015625,0
1591,3241895,409,0.015625,0
1592,3242304,409,0.015625,0
1593,3242713,409,0.015625,0
1594,3243122,409,0.015625,0
1595,3243531,409,0.015625,0
1596,3243940,409,0.015625,0
1597,3244349,409,0.015625,0
1598,3244758,409,0.015625,0
1599,3245167,409,0.015625,0
1600,3245576,409,0.015625,0
1601,3245985,409,0.015625,0
1602,3246394,409,0.015625,0
1603,3246803,409,0.015625,0
1604,3247212,409,0.015625,0
1605,3247621,409,0.015625,0
1606,3248030,409,0.015625,0
1607,3248439,409,0.015625,0
1608,3248848,409,0.015625,0
1609,3249262,414,0.0078125,0
1610,3249675,413,0.0078125,0
1611,3250088,413,0.0078125,0
1612,3250501,413,0.0078125,0
1613,3250914,413,0.0078125,0
1614,3251327,413,0.0078125,0
1615,3251740,413,0.0078125,0
1616,3252153,413,0.0078125,0
1617,3252565,412,0.0078125,0
1618,3252977,412,0.0078125,0
1619,3253389,412,0.0078125,0
1620,3253802,413,0.0078125,0
1621,3254215,413,0.0078125,0
1622,3254628,413,0.0078125,0
1623,3255041,413,0.0078125,0
1624,3255454,413,0.0078125,0
1625,3255867,413,0.0078125,0
1626,3256280,413,0.0078125,0
1627,3256693,413,0.0078125,0
1628,3257106,413,0.0078125,0
1629,3257519,413,0.0078125,0
1630,3257932,413,0.0078125,0
1631,3258345,413,0.0078125,0
1632,3258758,413,0.0078125,0
1633,3259171,413,0.0078125,0
1634,3259584,413,0.0078125,0
1635,3259997,413,0.0078125,0
1636,3260410,413,0.0078125,0
1637,3260823,413,0.0078125,0
1638,3261236,413,0.0078125,0
1639,3261649,413,0.0078125,0
1640,3262062,413,0.0078125,0
1641,3262463,401,0.015625,0
1642,3262872,409,0.015625,0
1643,3263281,409,0.015625,0
1644,3263690,409,0.015625,0
1645,3266295,2605,0.492188,0
1646,3267631,1336,0.132812,0
1647,3276968,9337,0.578125,0
1648,3279269,2301,0.351562,0
1649,3281153,1884,0.367188,0
1650,3285102,3949,0.414062,0
1651,3286771,1669,0.34375,0
1652,3290607,3836,0.492188,0
1653,3292297,1690,0.335938,0
