checkpoints,cycle count,last checkpoint,dirty ratio,cause
1,738,738,0.75,0
2,872,134,0.3125,0
3,975,103,0.3125,0
4,1078,103,0.3125,0
5,2087,1009,0.5625,0
6,2373,286,0.3125,0
7,2436,63,0.125,0
8,2512,76,0.25,0
9,2620,108,0.25,0
10,2728,108,0.25,0
11,3118,390,0.375,0
12,3202,84,0.25,0
13,3973,771,0.6875,0
14,4082,109,0.3125,0
15,4185,103,0.3125,0
16,4288,103,0.3125,0
17,4570,282,0.6875,0
18,5010,440,0.625,0
19,5267,257,0.5625,0
20,6134,867,0.8125,0
21,7298,1164,0.75,0
22,7414,116,0.3125,0
23,7517,103,0.3125,0
24,7620,103,0.3125,0
25,8093,473,0.5,0
26,8189,96,0.25,0
27,8299,110,0.25,0
28,8409,110,0.25,0
29,8879,470,0.4375,0
30,9141,262,0.6875,0
31,9594,453,0.625,0
32,9875,281,0.5,0
33,26567,16692,0.6875,0
34,26688,121,0.3125,0
35,26791,103,0.3125,0
36,26894,103,0.3125,0
37,27750,856,0.5625,0
38,27847,97,0.25,0
39,27957,110,0.25,0
40,28067,110,0.25,0
41,28537,470,0.4375,0
42,28799,262,0.6875,0
43,29252,453,0.625,0
44,29526,274,0.5625,0
