checkpoints,cycle count,last checkpoint,dirty ratio,cause
1,89,89,0.5625,0
2,176,87,0.8125,0
3,303,127,0.75,0
4,559,256,0.375,0
5,810,251,0.5,0
6,916,106,0.3125,0
7,1019,103,0.3125,0
8,1122,103,0.3125,0
9,1323,201,0.375,0
10,1483,160,0.375,0
11,1580,97,0.3125,0
12,1676,96,0.3125,0
13,1898,222,0.4375,0
14,2185,287,0.5,0
15,2326,141,0.375,0
16,2609,283,0.3125,0
17,2672,63,0.125,0
18,2748,76,0.25,0
19,2842,94,0.25,0
20,2892,50,0.125,0
21,2968,76,0.25,0
22,3062,94,0.25,0
23,3162,100,0.3125,0
24,3256,94,0.3125,0
25,3350,94,0.3125,0
26,3479,129,0.375,0
27,3563,84,0.25,0
28,3734,171,0.375,0
29,3957,223,0.4375,0
30,4244,287,0.5,0
31,4434,190,0.4375,0
32,4539,105,0.3125,0
33,4642,103,0.3125,0
34,4745,103,0.3125,0
35,4977,232,0.25,0
36,5043,66,0.625,0
37,5169,126,0.5625,0
38,5392,223,0.375,0
39,5537,145,0.375,0
40,5686,149,0.625,0
41,5834,148,0.1875,0
42,6656,822,0.8125,0
43,6798,142,0.75,0
44,7039,241,0.375,0
45,7325,286,0.5,0
46,7613,288,0.5,0
47,7838,225,0.4375,0
48,7936,98,0.3125,0
49,8039,103,0.3125,0
50,8170,131,0.375,0
51,8274,104,0.3125,0
52,8601,327,0.5,0
53,8763,162,0.375,0
54,8861,98,0.25,0
55,8911,50,0.125,0
56,8989,78,0.25,0
57,9085,96,0.25,0
58,9135,50,0.125,0
59,9276,141,0.3125,0
60,9372,96,0.3125,0
61,9468,96,0.3125,0
62,9669,201,0.4375,0
63,9881,212,0.25,0
64,9947,66,0.625,0
65,10073,126,0.5625,0
66,10399,326,0.5,0
67,10579,180,0.625,0
68,10727,148,0.1875,0
69,12375,1648,1,0
70,13286,911,1,0
71,14206,920,1,0
72,15119,913,1,0
73,16073,954,1,0
74,17016,943,1,0
75,17968,952,1,0
76,18911,943,1,0
77,19833,922,1,0
78,20744,911,1,0
79,21664,920,1,0
80,22577,913,1,0
81,23531,954,1,0
82,24474,943,1,0
83,25426,952,1,0
84,26332,906,1,0
85,26683,351,0.8125,0
86,26810,127,0.75,0
87,27066,256,0.375,0
88,27352,286,0.5,0
89,27542,190,0.4375,0
90,27647,105,0.3125,0
91,27750,103,0.3125,0
92,27853,103,0.3125,0
93,27991,138,0.3125,0
94,28087,96,0.3125,0
95,28183,96,0.3125,0
96,28405,222,0.4375,0
97,28692,287,0.5,0
98,28854,162,0.375,0
99,28952,98,0.25,0
100,29002,50,0.125,0
101,29080,78,0.25,0
102,29176,96,0.25,0
103,29226,50,0.125,0
104,29367,141,0.3125,0
105,29463,96,0.3125,0
106,29559,96,0.3125,0
107,29760,201,0.4375,0
108,29972,212,0.25,0
109,30038,66,0.625,0
110,30164,126,0.5625,0
111,30490,326,0.5,0
112,30670,180,0.625,0
113,30818,148,0.1875,0
