checkpoints,cycle count,last checkpoint,dirty ratio,cause
1,313,313,0.0195312,0
2,833,520,0.00390625,0
3,1121,288,0.00390625,0
4,1409,288,0.00390625,0
5,1697,288,0.00390625,0
6,1985,288,0.00390625,0
7,2489,504,0.00488281,0
8,2783,294,0.00390625,0
9,3088,305,0.00439453,0
10,3383,295,0.00390625,0
11,3671,288,0.00390625,0
12,3959,288,0.00390625,0
13,4271,312,0.00488281,0
14,4549,278,0.012207,0
15,5879,1330,0.0209961,0
16,6406,527,0.00390625,0
17,6694,288,0.00390625,0
18,6982,288,0.00390625,0
19,7270,288,0.00390625,0
20,7558,288,0.00390625,0
21,7846,288,0.00390625,0
22,8134,288,0.00390625,0
23,8564,430,0.00585938,0
24,8844,280,0.012207,0
25,9193,349,0.00439453,0
26,11771,2578,0.0205078,0
27,24194,12423,0.108887,0
28,25335,1141,0.0151367,0
29,25796,461,0.00390625,0
30,26084,288,0.00390625,0
31,26372,288,0.00390625,0
32,26660,288,0.00390625,0
33,26948,288,0.00390625,0
34,27236,288,0.00390625,0
35,27524,288,0.00390625,0
36,27954,430,0.00585938,0
37,28234,280,0.012207,0
38,28583,349,0.00439453,0
