checkpoints,cycle count,last checkpoint,dirty ratio,cause
1,436,436,0,0
2,504,55,0,0
3,564,35,0,0
4,632,55,0,0
5,692,35,0,0
6,760,55,0,0
7,820,35,0,0
8,888,55,0,0
9,948,35,0,0
10,1016,55,0,0
11,1076,35,0,0
12,1144,55,0,0
13,1204,35,0,0
14,1272,55,0,0
15,1332,35,0,0
16,1400,55,0,0
17,1460,35,0,0
18,1528,55,0,0
19,1588,35,0,0
20,1656,55,0,0
21,1716,35,0,0
22,1784,55,0,0
23,1844,35,0,0
24,1912,55,0,0
25,1972,35,0,0
26,2040,55,0,0
27,2100,35,0,0
28,2168,55,0,0
29,2228,35,0,0
30,2296,55,0,0
31,2356,35,0,0
32,2424,55,0,0
33,2484,35,0,0
34,2552,55,0,0
35,2612,35,0,0
36,2680,55,0,0
37,2740,35,0,0
38,2808,55,0,0
39,2868,35,0,0
40,2936,55,0,0
41,2996,35,0,0
42,3064,55,0,0
43,3124,35,0,0
44,3192,55,0,0
45,3252,35,0,0
46,3320,55,0,0
47,3380,35,0,0
48,3513,120,0,0
49,3757,215,0,0
50,3824,54,0,0
51,3883,35,0,0
52,3950,54,0,0
53,4009,35,0,0
54,4076,54,0,0
55,4135,35,0,0
56,4202,54,0,0
57,4261,35,0,0
58,4328,54,0,0
59,4387,35,0,0
60,4454,54,0,0
61,4513,35,0,0
62,4580,54,0,0
63,4639,35,0,0
64,4706,54,0,0
65,4765,35,0,0
66,4857,79,0,0
67,4936,67,0,0
68,5004,55,0,0
69,5064,35,0,0
70,5132,55,0,0
71,5192,35,0,0
72,5260,55,0,0
73,5320,35,0,0
74,5388,55,0,0
75,5448,35,0,0
76,5516,55,0,0
77,5576,35,0,0
78,5644,55,0,0
79,5704,35,0,0
80,5772,55,0,0
81,5832,35,0,0
82,5900,55,0,0
83,5960,35,0,0
84,6028,55,0,0
85,6088,35,0,0
86,6156,55,0,0
87,6216,35,0,0
88,6284,55,0,0
89,6344,35,0,0
90,6412,55,0,0
91,6472,35,0,0
92,6540,55,0,0
93,6600,35,0,0
94,6668,55,0,0
95,6728,35,0,0
96,6913,172,0,0
97,7050,114,0,0
98,7329,266,0,0
99,7400,58,0,0
100,7454,35,0,0
101,7525,58,0,0
102,7579,35,0,0
103,7650,58,0,0
104,7704,35,0,0
105,7905,188,0,0
106,7965,35,0,0
107,8044,66,0,0
108,8118,60,0,0
109,8876,729,0,0
110,9240,281,0,0
111,9308,55,0,0
112,9368,35,0,0
113,9436,55,0,0
114,9496,35,0,0
115,9564,55,0,0
116,9624,35,0,0
117,9692,55,0,0
118,9752,35,0,0
119,9820,55,0,0
120,9880,35,0,0
121,9948,55,0,0
122,10008,35,0,0
123,10076,55,0,0
124,10136,35,0,0
125,10204,55,0,0
126,10264,35,0,0
127,10332,55,0,0
128,10392,35,0,0
129,10460,55,0,0
130,10520,35,0,0
131,10588,55,0,0
132,10648,35,0,0
133,10716,55,0,0
134,10776,35,0,0
135,10844,55,0,0
136,10904,35,0,0
137,10972,55,0,0
138,11032,35,0,0
139,11100,55,0,0
140,11160,35,0,0
141,11228,55,0,0
142,11288,35,0,0
143,11356,55,0,0
144,11416,35,0,0
145,11484,55,0,0
146,11544,35,0,0
147,11612,55,0,0
148,11672,35,0,0
149,11740,55,0,0
150,11800,35,0,0
151,11868,55,0,0
152,11928,35,0,0
153,11996,55,0,0
154,12056,35,0,0
155,12124,55,0,0
156,12184,35,0,0
157,12252,55,0,0
158,12312,35,0,0
159,12380,55,0,0
160,12440,35,0,0
161,12508,55,0,0
162,12568,35,0,0
163,12636,55,0,0
164,12696,35,0,0
165,12764,55,0,0
166,12824,35,0,0
167,12892,55,0,0
168,12952,35,0,0
169,13020,55,0,0
170,13080,35,0,0
171,13148,55,0,0
172,13208,35,0,0
173,13276,55,0,0
174,13336,35,0,0
175,13404,55,0,0
176,13464,35,0,0
177,13641,164,0,0
178,13778,114,0,0
179,14057,266,0,0
180,14128,58,0,0
181,14182,35,0,0
182,14253,58,0,0
183,14307,35,0,0
184,14378,58,0,0
185,14432,35,0,0
186,14633,188,0,0
187,14693,35,0,0
188,14772,66,0,0
189,14846,60,0,0
190,30730,15855,0,0
191,31041,281,0,0
192,31109,55,0,0
193,31169,35,0,0
194,31237,55,0,0
195,31297,35,0,0
196,31365,55,0,0
197,31425,35,0,0
198,31493,55,0,0
199,31553,35,0,0
200,31621,55,0,0
201,31681,35,0,0
202,31749,55,0,0
203,31809,35,0,0
204,31877,55,0,0
205,31937,35,0,0
206,32005,55,0,0
207,32065,35,0,0
208,32133,55,0,0
209,32193,35,0,0
210,32261,55,0,0
211,32321,35,0,0
212,32389,55,0,0
213,32449,35,0,0
214,32517,55,0,0
215,32577,35,0,0
216,32645,55,0,0
217,32705,35,0,0
218,32773,55,0,0
219,32833,35,0,0
220,32901,55,0,0
221,32961,35,0,0
222,33029,55,0,0
223,33089,35,0,0
224,33157,55,0,0
225,33217,35,0,0
226,33285,55,0,0
227,33345,35,0,0
228,33413,55,0,0
229,33473,35,0,0
230,33541,55,0,0
231,33601,35,0,0
232,33669,55,0,0
233,33729,35,0,0
234,33797,55,0,0
235,33857,35,0,0
236,33925,55,0,0
237,33985,35,0,0
238,34053,55,0,0
239,34113,35,0,0
240,34181,55,0,0
241,34241,35,0,0
242,34309,55,0,0
243,34369,35,0,0
244,34437,55,0,0
245,34497,35,0,0
246,34565,55,0,0
247,34625,35,0,0
248,34693,55,0,0
249,34753,35,0,0
250,34821,55,0,0
251,34881,35,0,0
252,34949,55,0,0
253,35009,35,0,0
254,35077,55,0,0
255,35137,35,0,0
256,35205,55,0,0
257,35265,35,0,0
258,35442,164,0,0
259,35579,114,0,0
260,35858,266,0,0
261,35929,58,0,0
262,35983,35,0,0
263,36054,58,0,0
264,36108,35,0,0
265,36179,58,0,0
266,36233,35,0,0
267,36434,188,0,0
268,36494,35,0,0
269,36573,66,0,0
270,36647,60,0,0
