checkpoints,cycle count,last checkpoint,dirty ratio,cause
1,313,313,0.15625,0
2,833,520,0.03125,0
3,1121,288,0.03125,0
4,1409,288,0.03125,0
5,1697,288,0.03125,0
6,1985,288,0.03125,0
7,2489,504,0.0390625,0
8,2783,294,0.03125,0
9,3088,305,0.0351562,0
10,3383,295,0.03125,0
11,3671,288,0.03125,0
12,3959,288,0.03125,0
13,4271,312,0.0390625,0
14,4549,278,0.0976562,0
15,5879,1330,0.167969,0
16,6406,527,0.03125,0
17,6694,288,0.03125,0
18,6982,288,0.03125,0
19,7270,288,0.03125,0
20,7558,288,0.03125,0
21,7846,288,0.03125,0
22,8134,288,0.03125,0
23,8564,430,0.046875,0
24,8844,280,0.0976562,0
25,9193,349,0.0351562,0
26,11013,1820,0.109375,0
27,24152,13139,0.925781,0
28,25342,1190,0.121094,0
29,25803,461,0.03125,0
30,26091,288,0.03125,0
31,26379,288,0.03125,0
32,26667,288,0.03125,0
33,26955,288,0.03125,0
34,27243,288,0.03125,0
35,27531,288,0.03125,0
36,27961,430,0.046875,0
37,28241,280,0.0976562,0
38,28590,349,0.0351562,0
