checkpoints,cycle count,last checkpoint,dirty ratio,cause
1,407439,407439,0.433594,0
2,552849,145410,0.13916,0
3,692755,139906,0.114258,0
4,825844,133089,0.0898438,0
5,920865,95021,0.0537109,0
6,1084649,163784,0.0595703,0
7,1244390,159741,0.0307617,0
8,1309432,65042,0.0131836,0
9,1391761,82329,0.0351562,0
10,1579936,188175,0.0566406,0
11,1700455,120519,0.0820312,0
12,1758961,58506,0.0205078,0
13,1813883,54922,0.0224609,0
14,1923943,110060,0.0942383,0
15,2059971,136028,0.104004,0
16,2419642,359671,0.126465,0
17,2564232,144590,0.100586,0
18,2596665,32433,0.015625,0
19,2651260,54595,0.0317383,0
20,2725678,74418,0.0673828,0
21,2882250,156572,0.11377,0
22,2972063,89813,0.0302734,0
23,3128818,156755,0.105469,0
24,3211630,82812,0.0600586,0
25,3262589,50959,0.0449219,0
26,3376298,113709,0.0996094,0
27,3430288,53990,0.0229492,0
28,3488017,57729,0.0771484,0
29,3527576,39559,0.0400391,0
30,3614790,87214,0.0708008,0
31,3671184,56394,0.0595703,0
32,3697770,26586,0.0258789,0
33,3731946,34176,0.0507812,0
34,3796962,65016,0.0473633,0
35,3860459,63497,0.0449219,0
36,3911097,50638,0.0415039,0
37,4128644,217547,0.483398,0
38,4413314,284670,0.302734,0
39,4480978,67664,0.0424805,0
40,4542454,61476,0.0493164,0
41,4747113,204659,0.168945,0
42,4910673,163560,0.105469,0
43,4965041,54368,0.0292969,0
44,5168231,203190,0.0200195,0
45,5290272,122041,0.0708008,0
46,5373884,83612,0.027832,0
47,5472336,98452,0.0297852,0
48,5494913,22577,0.0200195,0
49,5551240,56327,0.0195312,0
50,5695696,144456,0.0317383,0
51,5901189,205493,0.145508,0
52,6079556,178367,0.113281,0
53,6150528,70972,0.0493164,0
54,6641741,491213,0.102051,0
55,6724156,82415,0.0419922,0
56,6824082,99926,0.0322266,0
57,6927739,103657,0.0629883,0
58,6973340,45601,0.0219727,0
59,6993335,19995,0.0229492,0
60,7047934,54599,0.0512695,0
61,7117787,69853,0.0527344,0
62,7179764,61977,0.0629883,0
63,7236375,56611,0.0488281,0
64,7332148,95773,0.0776367,0
65,7513529,181381,0.520508,0
66,7737204,223675,0.189941,0
67,7824086,86882,0.0683594,0
68,7988261,164175,0.153809,0
69,8161627,173366,0.137695,0
70,8269997,108370,0.0605469,0
71,8430676,160679,0.103027,0
72,8535057,104381,0.0395508,0
73,8733183,198126,0.0151367,0
74,8851043,117860,0.0180664,0
75,8962349,111306,0.0185547,0
76,9012572,50223,0.0244141,0
77,9139237,126665,0.12207,0
78,9180772,41535,0.0239258,0
79,9217053,36281,0.019043,0
80,9384186,167133,0.0942383,0
81,9443338,59152,0.0180664,0
82,9573909,130571,0.0976562,0
83,9632123,58214,0.0263672,0
84,9782749,150626,0.0688477,0
85,10011523,228774,0.106934,0
86,10101681,90158,0.0927734,0
87,10197168,95487,0.0493164,0
88,10323924,126756,0.0581055,0
89,10452552,128628,0.0922852,0
90,10558598,106046,0.0605469,0
91,10657282,98684,0.0864258,0
92,10766324,109042,0.059082,0
93,10861582,95258,0.0898438,0
94,10946225,84643,0.0556641,0
95,10977029,30804,0.0405273,0
96,11052968,75939,0.0537109,0
97,11113347,60379,0.0419922,0
98,11200063,86716,0.0551758,0
99,11258917,58854,0.050293,0
100,11275579,16662,0.0229492,0
101,11330805,55226,0.0429688,0
102,11521569,190764,0.437012,0
103,11819488,297919,0.317871,0
104,12023568,204080,0.164062,0
105,12077756,54188,0.0351562,0
106,12232990,155234,0.0942383,0
107,12333766,100776,0.059082,0
108,12487706,153940,0.0234375,0
109,12604105,116399,0.0136719,0
110,12678873,74768,0.0512695,0
111,12770549,91676,0.0913086,0
112,12833749,63200,0.0322266,0
113,12941522,107773,0.0449219,0
114,13057286,115764,0.0595703,0
115,13124625,67339,0.0351562,0
116,13238593,113968,0.0654297,0
117,13320977,82384,0.0351562,0
118,13420800,99823,0.0688477,0
119,13501654,80854,0.0410156,0
120,13606058,104404,0.0898438,0
121,13661267,55209,0.0361328,0
122,13720770,59503,0.0151367,0
123,13784579,63809,0.0366211,0
124,13868943,84364,0.0380859,0
125,13961003,92060,0.0942383,0
126,14035803,74800,0.0463867,0
127,14124839,89036,0.0761719,0
128,14208670,83831,0.0595703,0
129,14273223,64553,0.0458984,0
130,14405520,132297,0.0737305,0
131,14474000,68480,0.0517578,0
132,14622458,148458,0.0610352,0
133,14786244,163786,0.430664,0
134,15058357,272113,0.30127,0
135,15118971,60614,0.0600586,0
136,15189276,70305,0.0419922,0
137,15302118,112842,0.102539,0
138,15360453,58335,0.0273438,0
139,15519548,159095,0.0991211,0
140,15619519,99971,0.0644531,0
141,15793520,174001,0.0195312,0
142,15916769,123249,0.0322266,0
143,15970591,53822,0.0112305,0
144,16018997,48406,0.0170898,0
145,16074446,55449,0.0239258,0
146,16159629,85183,0.0463867,0
147,16221642,62013,0.0332031,0
148,16291355,69713,0.0175781,0
149,16379190,87835,0.0947266,0
150,16436012,56822,0.0356445,0
151,16543930,107918,0.101562,0
152,16622998,79068,0.0209961,0
153,16781995,158997,0.0996094,0
154,16957572,175577,0.0859375,0
155,17040588,83016,0.0244141,0
156,17129473,88885,0.081543,0
157,17275119,145646,0.0913086,0
158,17372752,97633,0.0673828,0
159,17504638,131886,0.0776367,0
160,17597012,92374,0.0766602,0
161,17626485,29473,0.0205078,0
162,17687536,61051,0.0385742,0
163,17754164,66628,0.0527344,0
164,17830843,76679,0.0927734,0
165,18024311,193468,0.521484,0
166,18248255,223944,0.211426,0
167,18310535,62280,0.0512695,0
168,18413530,102995,0.102539,0
169,18540548,127018,0.0927734,0
170,18605937,65389,0.0390625,0
171,18725389,119452,0.074707,0
172,18800059,74670,0.043457,0
173,19018592,218533,0.0654297,0
174,19082146,63554,0.0185547,0
175,19219347,137201,0.015625,0
176,19268694,49347,0.0263672,0
177,19329829,61135,0.0273438,0
178,19422504,92675,0.0527344,0
179,19463305,40801,0.0297852,0
180,19523205,59900,0.0322266,0
181,19557397,34192,0.0117188,0
182,19751241,193844,0.0776367,0
183,19851043,99802,0.0302734,0
184,19908710,57667,0.0366211,0
185,19973011,64301,0.0576172,0
186,20075021,102010,0.0566406,0
187,20182863,107842,0.0698242,0
188,20256624,73761,0.078125,0
189,20296172,39548,0.0170898,0
190,20352755,56583,0.0439453,0
191,20398931,46176,0.0629883,0
192,20433470,34539,0.050293,0
193,20456417,22947,0.0229492,0
194,20511484,55067,0.0439453,0
195,20542038,30554,0.0175781,0
196,20580834,38796,0.0366211,0
197,20618174,37340,0.0161133,0
198,20661670,43496,0.0405273,0
199,20716004,54334,0.0463867,0
200,21073514,357510,0.520508,0
201,21261210,187696,0.194824,0
202,21368970,107760,0.0932617,0
203,21483505,114535,0.0986328,0
204,21637467,153962,0.133301,0
205,21738349,100882,0.0561523,0
206,21900072,161723,0.0722656,0
207,22049144,149072,0.0805664,0
208,22151209,102065,0.0341797,0
209,22229644,78435,0.0185547,0
210,22292384,62740,0.0166016,0
211,22324869,32485,0.0126953,0
212,22356233,31364,0.00976562,0
213,22411178,54945,0.0136719,0
214,22566005,154827,0.0375977,0
215,22672811,106806,0.097168,0
216,22823330,150519,0.0883789,0
217,22962787,139457,0.0605469,0
218,23083428,120641,0.0356445,0
219,23178254,94826,0.125,0
220,23252727,74473,0.0463867,0
221,23353950,101223,0.0317383,0
222,23442170,88220,0.0595703,0
223,23510081,67911,0.0498047,0
224,23664086,154005,0.0683594,0
225,23735039,70953,0.0761719,0
226,23787194,52155,0.0546875,0
227,23848503,61309,0.0395508,0
228,23914173,65670,0.0688477,0
229,23971881,57708,0.0415039,0
230,24010395,38514,0.0410156,0
231,24075487,65092,0.0400391,0
232,24125709,50222,0.0361328,0
233,24159867,34158,0.0322266,0
234,24269494,109627,0.0742188,0
235,24439296,169802,0.503418,0
236,24676469,237173,0.260254,0
237,24768309,91840,0.0927734,0
238,24931987,163678,0.132324,0
239,25014912,82925,0.0478516,0
240,25140265,125353,0.0737305,0
241,25246316,106051,0.034668,0
242,25291372,45056,0.0429688,0
243,25427249,135877,0.0151367,0
244,25498837,71588,0.0371094,0
245,25567608,68771,0.0126953,0
246,25706869,139261,0.0307617,0
247,25743579,36710,0.0361328,0
248,25846579,103000,0.0864258,0
249,25884737,38158,0.0141602,0
250,25948493,63756,0.0317383,0
251,26004047,55554,0.0429688,0
252,26134676,130629,0.0410156,0
253,26282691,148015,0.11084,0
254,26413324,130633,0.0541992,0
255,26487059,73735,0.0322266,0
256,26665380,178321,0.0761719,0
257,26786345,120965,0.0893555,0
258,26837750,51405,0.0507812,0
259,26914049,76299,0.0703125,0
260,26967592,53543,0.0380859,0
261,27032067,64475,0.0483398,0
262,27078274,46207,0.0483398,0
263,27216711,138437,0.0664062,0
264,27410654,193943,0.432617,0
265,27714175,303521,0.327148,0
266,27761177,47002,0.0463867,0
267,27836182,75005,0.0722656,0
268,27931929,95747,0.0820312,0
269,28068897,136968,0.0947266,0
270,28146998,78101,0.0351562,0
271,28207828,60830,0.0307617,0
272,28278366,70538,0.0258789,0
273,28309295,30929,0.0151367,0
274,28410805,101510,0.0161133,0
275,28457849,47044,0.0361328,0
276,28571856,114007,0.0698242,0
277,28710837,138981,0.0776367,0
278,28788168,77331,0.0161133,0
279,28846111,57943,0.0224609,0
280,28940510,94399,0.0615234,0
281,28993797,53287,0.0239258,0
282,29113907,120110,0.0922852,0
283,29256508,142601,0.0302734,0
284,29368082,111574,0.0761719,0
285,29502073,133991,0.0561523,0
286,29635054,132981,0.0361328,0
287,29707309,72255,0.0498047,0
288,29775581,68272,0.0463867,0
289,29833985,58404,0.0385742,0
290,29913211,79226,0.0566406,0
291,29962873,49662,0.0336914,0
292,29983803,20930,0.0322266,0
293,30113775,129972,0.0493164,0
294,30264527,150752,0.425781,0
295,30598321,333794,0.371094,0
296,30809257,210936,0.176758,0
297,30896227,86970,0.0678711,0
298,31056156,159929,0.111328,0
299,31149301,93145,0.0527344,0
300,31255568,106267,0.0537109,0
301,31318447,62879,0.0131836,0
302,31554184,235737,0.0307617,0
303,31732963,178779,0.0722656,0
304,31764265,31302,0.0307617,0
305,31850184,85919,0.0678711,0
306,32003930,153746,0.0854492,0
307,32147388,143458,0.0688477,0
308,32195277,47889,0.0229492,0
309,32358641,163364,0.0336914,0
310,32439988,81347,0.0268555,0
311,32502417,62429,0.019043,0
312,32559405,56988,0.0371094,0
313,32714600,155195,0.0458984,0
314,32840433,125833,0.0893555,0
315,32933843,93410,0.0458984,0
316,33055410,121567,0.0742188,0
317,33097963,42553,0.0258789,0
318,33159636,61673,0.0532227,0
319,33222359,62723,0.0664062,0
320,33303396,81037,0.074707,0
321,33372919,69523,0.0620117,0
322,33665977,293058,0.414062,0
323,33923763,257786,0.286621,0
324,34040212,116449,0.116699,0
325,34163241,123029,0.118652,0
326,34306889,143648,0.102051,0
327,34451993,145104,0.0986328,0
328,34531746,79753,0.0483398,0
329,34641459,109713,0.0366211,0
330,34891436,249977,0.0522461,0
331,34969644,78208,0.027832,0
332,35038318,68674,0.0375977,0
333,35157985,119667,0.0820312,0
334,35359237,201252,0.0791016,0
335,35449642,90405,0.0449219,0
336,35555688,106046,0.09375,0
337,35639560,83872,0.0454102,0
338,35797691,158131,0.0444336,0
339,36072728,275037,0.0927734,0
340,36145150,72422,0.0244141,0
341,36261543,116393,0.0952148,0
342,36360515,98972,0.0356445,0
343,36437900,77385,0.0576172,0
344,36493890,55990,0.0566406,0
345,36586284,92394,0.0439453,0
346,36732625,146341,0.472168,0
347,36947613,214988,0.234375,0
348,37077770,130157,0.132324,0
349,37158723,80953,0.074707,0
350,37239404,80681,0.0585938,0
351,37370256,130852,0.09375,0
352,37470912,100656,0.0712891,0
353,37587583,116671,0.0600586,0
354,37722561,134978,0.0283203,0
355,37785409,62848,0.0151367,0
356,37927621,142212,0.0458984,0
357,37985465,57844,0.0317383,0
358,38137788,152323,0.123535,0
359,38259154,121366,0.0620117,0
360,38332781,73627,0.0136719,0
361,38511514,178733,0.0600586,0
362,38662431,150917,0.074707,0
363,38785576,123145,0.0390625,0
364,38957091,171515,0.101074,0
365,39001928,44837,0.015625,0
366,39164605,162677,0.0961914,0
367,39178900,14295,0.0146484,0
368,39265438,86538,0.043457,0
369,39383945,118507,0.0615234,0
370,39416561,32616,0.034668,0
371,39439982,23421,0.0268555,0
372,39515632,75650,0.0380859,0
373,39570233,54601,0.0541992,0
374,39637259,67026,0.0698242,0
375,39706875,69616,0.0791016,0
376,39778773,71898,0.074707,0
377,39835086,56313,0.0537109,0
378,39895907,60821,0.0498047,0
379,39931362,35455,0.0366211,0
380,39975177,43815,0.0463867,0
381,40076414,101237,0.0683594,0
382,40224449,148035,0.484375,0
383,40454833,230384,0.202148,0
384,40559598,104765,0.109863,0
385,40738055,178457,0.168457,0
386,40966361,228306,0.162109,0
387,41080421,114060,0.0742188,0
388,41250867,170446,0.0791016,0
389,41620227,369360,0.0209961,0
390,41662264,42037,0.012207,0
391,41822226,159962,0.0976562,0
392,41855807,33581,0.0249023,0
393,41942307,86500,0.0791016,0
394,41984299,41992,0.0161133,0
395,42147210,162911,0.115234,0
396,42301963,154753,0.050293,0
397,42396852,94889,0.0380859,0
398,42457240,60388,0.0732422,0
399,42511190,53950,0.0366211,0
400,42565609,54419,0.0283203,0
401,42637233,71624,0.059082,0
402,42753934,116701,0.0703125,0
403,42808531,54597,0.015625,0
404,42863916,55385,0.0517578,0
405,43021255,157339,0.0878906,0
406,43094900,73645,0.0615234,0
407,43159047,64147,0.0546875,0
408,43227686,68639,0.065918,0
409,43287353,59667,0.0356445,0
410,43355290,67937,0.0893555,0
411,43403043,47753,0.0395508,0
412,43470674,67631,0.0478516,0
413,43533732,63058,0.0541992,0
414,43572810,39078,0.0224609,0
415,43660211,87401,0.0742188,0
416,43728956,68745,0.0444336,0
417,43984214,255258,0.475586,0
418,44213507,229293,0.283691,0
419,44255164,41657,0.0390625,0
420,44387225,132061,0.134766,0
421,44506593,119368,0.100586,0
422,44673433,166840,0.0849609,0
423,44822923,149490,0.078125,0
424,44950488,127565,0.0727539,0
425,45090565,140077,0.0166016,0
426,45181165,90600,0.0258789,0
427,45286336,105171,0.0620117,0
428,45332282,45946,0.0161133,0
429,45380396,48114,0.0136719,0
430,45481459,101063,0.0712891,0
431,45582287,100828,0.0605469,0
432,45693825,111538,0.0454102,0
433,45870331,176506,0.03125,0
434,46017676,147345,0.105957,0
435,46078210,60534,0.0146484,0
436,46130362,52152,0.043457,0
437,46168466,38104,0.0170898,0
438,46234987,66521,0.0336914,0
439,46361826,126839,0.0688477,0
440,46460015,98189,0.0410156,0
441,46595210,135195,0.0952148,0
442,46671597,76387,0.0375977,0
443,46742001,70404,0.059082,0
444,46783754,41753,0.0732422,0
445,46811625,27871,0.0292969,0
446,46895594,83969,0.0322266,0
447,46965889,70295,0.0395508,0
448,47044180,78291,0.0385742,0
449,47170391,126211,0.453613,0
450,47481663,311272,0.250977,0
451,47547805,66142,0.0541992,0
452,47597930,50125,0.0297852,0
453,47716715,118785,0.106934,0
454,47788839,72124,0.0366211,0
455,47897277,108438,0.0473633,0
456,48004297,107020,0.0986328,0
457,48084670,80373,0.0341797,0
458,48184259,99589,0.0209961,0
459,48225822,41563,0.0107422,0
460,48349849,124027,0.034668,0
461,48429351,79502,0.0473633,0
462,48491937,62586,0.0478516,0
463,48567735,75798,0.0380859,0
464,48698891,131156,0.133301,0
465,48779532,80641,0.0566406,0
466,48880915,101383,0.0429688,0
467,48963092,82177,0.0429688,0
468,49077454,114362,0.0229492,0
469,49151055,73601,0.0356445,0
470,49245590,94535,0.0844727,0
471,49331547,85957,0.0664062,0
472,49386891,55344,0.0327148,0
473,49454870,67979,0.0444336,0
474,49547314,92444,0.0419922,0
475,49669813,122499,0.121582,0
476,49725147,55334,0.0332031,0
477,49761782,36635,0.027832,0
478,49810136,48354,0.0405273,0
479,49922493,112357,0.0664062,0
480,49999371,76878,0.0522461,0
481,50102609,103238,0.0761719,0
482,50145740,43131,0.0229492,0
483,50210646,64906,0.0615234,0
484,50283890,73244,0.0478516,0
485,50389421,105531,0.0620117,0
486,50496946,107525,0.0463867,0
487,50525945,28999,0.0332031,0
488,50790427,264482,0.541016,0
489,51010538,220111,0.23291,0
490,51133264,122726,0.104492,0
491,51233777,100513,0.0776367,0
492,51334832,101055,0.0532227,0
493,51441463,106631,0.0986328,0
494,51520745,79282,0.0522461,0
495,51678368,157623,0.0170898,0
496,51827854,149486,0.03125,0
497,51969227,141373,0.103516,0
498,52038770,69543,0.0473633,0
499,52194477,155707,0.0556641,0
500,52237053,42576,0.0332031,0
501,52332045,94992,0.0483398,0
502,52370884,38839,0.0180664,0
503,52395726,24842,0.0102539,0
504,52522426,126700,0.0473633,0
505,52659605,137179,0.0561523,0
506,52775530,115925,0.0454102,0
507,52847880,72350,0.0336914,0
508,52902504,54624,0.0395508,0
509,52997763,95259,0.0585938,0
510,53070398,72635,0.0341797,0
511,53160534,90136,0.0561523,0
512,53230862,70328,0.0498047,0
513,53283807,52945,0.0522461,0
514,53430741,146934,0.127441,0
515,53540451,109710,0.395996,0
516,53842617,302166,0.322754,0
517,54039242,196625,0.139648,0
518,54232320,193078,0.152832,0
519,54339088,106768,0.0683594,0
520,54413647,74559,0.043457,0
521,54523261,109614,0.0263672,0
522,54719637,196376,0.0205078,0
523,54809747,90110,0.0356445,0
524,54863585,53838,0.0136719,0
525,54890964,27379,0.0161133,0
526,54968637,77673,0.0678711,0
527,55044889,76252,0.0576172,0
528,55092257,47368,0.0283203,0
529,55166509,74252,0.0507812,0
530,55200806,34297,0.0117188,0
531,55303531,102725,0.0688477,0
532,55380653,77122,0.0932617,0
533,55462566,81913,0.0380859,0
534,55529603,67037,0.0576172,0
535,55571754,42151,0.027832,0
536,55721609,149855,0.0439453,0
537,55975147,253538,0.134277,0
538,56139668,164521,0.0795898,0
539,56223899,84231,0.0249023,0
540,56256397,32498,0.0234375,0
541,56411130,154733,0.117188,0
542,56502419,91289,0.0395508,0
543,56653116,150697,0.111328,0
544,56767955,114839,0.081543,0
545,56867040,99085,0.074707,0
546,56914955,47915,0.0522461,0
547,56956439,41484,0.0219727,0
548,57017286,60847,0.078125,0
549,57057213,39927,0.0405273,0
550,57144429,87216,0.0717773,0
551,57201181,56752,0.0615234,0
552,57230936,29755,0.0263672,0
553,57265099,34163,0.0512695,0
554,57330116,65017,0.0473633,0
555,57418511,88395,0.0424805,0
556,57447645,29134,0.0366211,0
557,57708912,261267,0.536133,0
558,57929207,220295,0.200684,0
559,57993413,64206,0.0732422,0
560,58122881,129468,0.115723,0
561,58197773,74892,0.0444336,0
562,58322284,124511,0.103027,0
563,58461510,139226,0.0766602,0
564,58554843,93333,0.0297852,0
565,58640282,85439,0.0195312,0
566,58671917,31635,0.0117188,0
567,58756046,84129,0.0239258,0
568,58856358,100312,0.0649414,0
569,58917198,60840,0.03125,0
570,59006015,88817,0.046875,0
571,59091709,85694,0.0239258,0
572,59230997,139288,0.0444336,0
573,59336455,105458,0.0581055,0
574,59468661,132206,0.10791,0
575,59547070,78409,0.0356445,0
576,59616565,69495,0.0200195,0
577,59693695,77130,0.034668,0
578,59778963,85268,0.0546875,0
579,59944970,166007,0.124023,0
580,60055415,110445,0.0488281,0
581,60255487,200072,0.0898438,0
582,60314041,58554,0.0678711,0
583,60388298,74257,0.0834961,0
584,60446945,58647,0.0322266,0
585,60502851,55906,0.0551758,0
586,60580678,77827,0.0776367,0
587,60639665,58987,0.0478516,0
588,60701385,61720,0.0639648,0
589,60783007,81622,0.0532227,0
590,60840272,57265,0.0439453,0
591,60962708,122436,0.0517578,0
592,61195230,232522,0.580078,0
593,61380129,184899,0.185059,0
594,61460059,79930,0.0791016,0
595,61571768,111709,0.0976562,0
596,61669024,97256,0.0644531,0
597,61752499,83475,0.0415039,0
598,61881175,128676,0.0302734,0
599,62125608,244433,0.046875,0
600,62225413,99805,0.0361328,0
601,62323146,97733,0.065918,0
602,62424429,101283,0.113281,0
603,62523983,99554,0.0698242,0
604,62598904,74921,0.0561523,0
605,62659008,60104,0.0336914,0
606,62733987,74979,0.0478516,0
607,62782459,48472,0.0161133,0
608,62934258,151799,0.0229492,0
609,62966918,32660,0.0493164,0
610,63151061,184143,0.108887,0
611,63233704,82643,0.0449219,0
612,63344759,111055,0.0478516,0
613,63516921,172162,0.0742188,0
614,63587490,70569,0.0507812,0
615,63625569,38079,0.0234375,0
616,63713248,87679,0.0708008,0
617,63778174,64926,0.0307617,0
618,63935037,156863,0.090332,0
619,64031246,96209,0.413086,0
620,64314477,283231,0.321777,0
621,64353637,39160,0.0424805,0
622,64505059,151422,0.11377,0
623,64681739,176680,0.133301,0
624,64810139,128400,0.0820312,0
625,64896298,86159,0.0366211,0
626,64940324,44026,0.0258789,0
627,65056101,115777,0.0185547,0
628,65175973,119872,0.0351562,0
629,65264241,88268,0.0419922,0
630,65309872,45631,0.0263672,0
631,65347108,37236,0.0166016,0
632,65423509,76401,0.0527344,0
633,65453461,29952,0.015625,0
634,65576242,122781,0.0371094,0
635,65657870,81628,0.0595703,0
636,65731534,73664,0.0429688,0
637,65818259,86725,0.078125,0
638,65855495,37236,0.0332031,0
639,65960696,105201,0.0375977,0
640,66008859,48163,0.0253906,0
641,66045257,36398,0.0268555,0
642,66100354,55097,0.0683594,0
643,66168429,68075,0.0424805,0
644,66338697,170268,0.101562,0
645,66442678,103981,0.0708008,0
646,66568960,126282,0.0668945,0
647,66649621,80661,0.0688477,0
648,66707348,57727,0.0698242,0
649,66756824,49476,0.0424805,0
650,66863018,106194,0.0429688,0
651,67028538,165520,0.0488281,0
