checkpoints,cycle count,last checkpoint,dirty ratio,cause
24,1000025,1000025,0.034668,2
39,2000031,1000006,0.0170898,2
57,3000034,1000003,0.0107422,2
77,4000037,1000003,0.00488281,2
101,5000047,1000010,0.0151367,2
126,6000050,1000003,0.0356445,2
154,7000056,1000006,0.0126953,2
168,8000070,1000014,0.0170898,2
185,9000074,1000004,0.00488281,2
201,10000076,1000002,0.0170898,2
223,11000091,1000015,0.0112305,2
255,12000093,1000002,0.0322266,2
272,13000096,1000003,0.00878906,2
279,14000102,1000006,0.0117188,2
299,15000112,1000010,0.019043,2
321,16000118,1000006,0.012207,2
347,17000128,1000010,0.012207,2
375,18000133,1000005,0.0478516,2
391,19000136,1000003,0.0361328,2
405,20000138,1000002,0.00439453,2
431,21000142,1000004,0.0141602,2
451,22000144,1000002,0.0390625,2
477,23000150,1000006,0.00634766,2
495,24000152,1000002,0.00537109,2
508,25000189,1000037,0.0351562,2
527,26000191,1000002,0.0380859,2
549,27000194,1000003,0.0361328,2
578,28000200,1000006,0.0214844,2
593,29000204,1000004,0.0473633,2
608,30000241,1000037,0.0170898,2
627,31000242,1000001,0.0161133,2
653,32000249,1000007,0.0302734,2
685,33000260,1000011,0.00927734,2
701,34000266,1000006,0.0375977,2
714,35000271,1000005,0.0229492,2
735,36000272,1000001,0.0200195,2
755,37000277,1000005,0.0224609,2
783,38000279,1000002,0.0288086,2
800,39000285,1000006,0.000976562,2
815,40000293,1000008,0.0146484,2
832,41000296,1000003,0.0224609,2
861,42000299,1000003,0.046875,2
881,43000304,1000005,0.0390625,2
893,44000309,1000005,0.0522461,2
915,45000313,1000004,0.000976562,2
933,46000324,1000011,0.00390625,2
962,47000330,1000006,0.0195312,2
976,48000340,1000010,0.00830078,2
987,49000353,1000013,0.0219727,2
1005,50000359,1000006,0.0131836,2
1023,51000370,1000011,0.0180664,2
1053,52000397,1000027,0.0175781,2
1074,53000407,1000010,0.000976562,2
1085,54000414,1000007,0.0229492,2
1106,55000425,1000011,0.00537109,2
1122,56000431,1000006,0.00439453,2
1151,57000434,1000003,0.0166016,2
1169,58000447,1000013,0.0244141,2
1186,59000455,1000008,0.0185547,2
1202,60000468,1000013,0.0078125,2
1223,61000476,1000008,0.0263672,2
1257,62000477,1000001,0.0078125,2
1276,63000490,1000013,0.0195312,2
1289,64000503,1000013,0.0146484,2
1301,65000517,1000014,0.0078125,2
1323,66000518,1000001,0.0161133,2
1344,67000523,1000005,0.0361328,2
1376,68000550,1000027,0.0527344,2
1393,69000560,1000010,0.0078125,2
1405,70000562,1000002,0.0170898,2
1417,71000577,1000015,0.0258789,2
1440,72000588,1000011,0.00732422,2
1469,73000589,1000001,0.0478516,2
1485,74000600,1000011,0.0351562,2
1503,75000616,1000016,0.00585938,2
1522,76000622,1000006,0.0297852,2
1543,77000633,1000011,0.0146484,2
1562,78000640,1000007,0.0297852,2
1591,79000641,1000001,0.00292969,2
1604,80000647,1000006,0.0419922,2
1621,81000658,1000011,0.0180664,2
1637,82000665,1000007,0.00976562,2
1664,83000676,1000011,0.0429688,2
1682,84000680,1000004,0.0527344,2
1692,85000685,1000005,0.0219727,2
1709,86000693,1000008,0.0273438,2
1722,87000699,1000006,0.0444336,2
1751,88000707,1000008,0.0112305,2
1785,89000712,1000005,0.0444336,2
1802,90000717,1000005,0.0493164,2
1816,91000732,1000015,0.000976562,2
1837,92000737,1000005,0.0136719,2
1857,93000751,1000014,0.0258789,2
1880,94000756,1000005,0,2
1909,95000760,1000004,0,2
1922,96000769,1000009,0.0234375,2
1940,97000771,1000002,0.0107422,2
1958,98000783,1000012,0.00878906,2
1981,99000801,1000018,0.0556641,2
2000,100000810,1000009,0.0126953,2
2015,101000818,1000008,0.0351562,2
2033,102000827,1000009,0.0205078,2
2057,103000833,1000006,0.0185547,2
