checkpoints,cycle count,last checkpoint,dirty ratio,cause
1,216496,216496,0.51709,0
2,337751,121255,0.141113,0
3,385091,47340,0.0512695,0
4,411190,26099,0.0297852,0
5,554006,142816,0.13916,0
6,664597,110591,0.0961914,0
7,721618,57021,0.043457,0
8,822747,101129,0.0834961,0
9,884370,61623,0.0336914,0
10,936856,52486,0.0375977,0
11,981212,44356,0.0361328,0
12,1016037,34825,0.0126953,0
13,1063260,47223,0.0454102,0
14,1086755,23495,0.00732422,0
15,1118220,31465,0.00830078,0
16,1148919,30699,0.00830078,0
17,1208344,59425,0.0273438,0
18,1225616,17272,0.0136719,0
19,1266959,41343,0.00976562,0
20,1299338,32379,0.012207,0
21,1347020,47682,0.0200195,0
22,1390226,43206,0.0268555,0
23,1421209,30983,0.00830078,0
24,1449662,28453,0.0078125,0
25,1467909,18247,0.00634766,0
26,1488713,20804,0.0107422,0
27,1501243,12530,0.00976562,0
28,1552415,51172,0.0332031,0
29,1584125,31710,0.034668,0
30,1628784,44659,0.0336914,0
31,1660733,31949,0.0395508,0
32,1718288,57555,0.0517578,0
33,1774502,56214,0.0273438,0
34,1836253,61751,0.0131836,0
35,1885530,49277,0.0498047,0
36,1932077,46547,0.0703125,0
37,2007451,75374,0.0869141,0
38,2061793,54342,0.0375977,0
39,2095784,33991,0.0126953,0
40,2142214,46430,0.0107422,0
41,2170394,28180,0.00830078,0
42,2200131,29737,0.00878906,0
43,2234247,34116,0.0161133,0
44,2250847,16600,0.0205078,0
45,2280467,29620,0.012207,0
46,2320354,39887,0.0161133,0
47,2376121,55767,0.0449219,0
48,2423220,47099,0.0864258,0
49,2464441,41221,0.0498047,0
50,2484224,19783,0.0400391,0
51,2535736,51512,0.0541992,0
52,2584531,48795,0.0307617,0
53,2608985,24454,0.0112305,0
54,2663621,54636,0.0336914,0
55,2701900,38279,0.0571289,0
56,2738899,36999,0.0268555,0
57,2776733,37834,0.0302734,0
58,2817910,41177,0.0571289,0
59,2862757,44847,0.0595703,0
60,2906664,43907,0.0405273,0
61,2952730,46066,0.0170898,0
62,3005895,53165,0.0297852,0
63,3037066,31171,0.0332031,0
64,3058965,21899,0.0244141,0
65,3123085,64120,0.0761719,0
66,3153681,30596,0.0253906,0
67,3215723,62042,0.0507812,0
68,3238984,23261,0.0249023,0
69,3266846,27862,0.0283203,0
70,3278399,11553,0.0161133,0
71,3311990,33591,0.019043,0
72,3359368,47378,0.0732422,0
73,3391132,31764,0.0297852,0
74,3434614,43482,0.0195312,0
75,3488913,54299,0.078125,0
76,3523357,34444,0.0390625,0
77,3572399,49042,0.0415039,0
78,3627146,54747,0.0546875,0
79,3671370,44224,0.0541992,0
80,3702179,30809,0.0263672,0
81,3736356,34177,0.0507812,0
82,3777182,40826,0.0297852,0
83,3805668,28486,0.0424805,0
84,3865134,59466,0.0429688,0
85,3885353,20219,0.0258789,0
86,3914460,29107,0.0390625,0
87,3963225,48765,0.027832,0
88,3994844,31619,0.244141,0
89,4293940,299096,0.519043,0
90,4359133,65193,0.0698242,0
91,4423739,64606,0.0664062,0
92,4472248,48509,0.0463867,0
93,4544368,72120,0.0537109,0
94,4578283,33915,0.0161133,0
95,4750459,172176,0.17041,0
96,4866167,115708,0.0893555,0
97,4953889,87722,0.0673828,0
98,4974013,20124,0.0107422,0
99,5023787,49774,0.0107422,0
100,5048452,24665,0.00732422,0
101,5091745,43293,0.0205078,0
102,5126736,34991,0.0161133,0
103,5158306,31570,0.00830078,0
104,5203911,45605,0.0170898,0
105,5237218,33307,0.0253906,0
106,5290358,53140,0.0551758,0
107,5349324,58966,0.0258789,0
108,5380542,31218,0.012207,0
109,5424690,44148,0.0107422,0
110,5467483,42793,0.0292969,0
111,5494629,27146,0.0302734,0
112,5500352,5723,0.00830078,0
113,5526025,25673,0.0175781,0
114,5558302,32277,0.0126953,0
115,5608506,50204,0.0219727,0
116,5691432,82926,0.0249023,0
117,5755295,63863,0.0859375,0
118,5783057,27762,0.03125,0
119,5826062,43005,0.0478516,0
120,5853896,27834,0.0336914,0
121,5899949,46053,0.0507812,0
122,5948305,48356,0.0449219,0
123,6055167,106862,0.113281,0
124,6095753,40586,0.015625,0
125,6157249,61496,0.0512695,0
126,6186365,29116,0.012207,0
127,6229057,42692,0.0146484,0
128,6264150,35093,0.00927734,0
129,6285153,21003,0.00683594,0
130,6322833,37680,0.0141602,0
131,6376695,53862,0.0224609,0
132,6430489,53794,0.0249023,0
133,6466223,35734,0.0380859,0
134,6509370,43147,0.0595703,0
135,6562933,53563,0.0512695,0
136,6592702,29769,0.034668,0
137,6636645,43943,0.027832,0
138,6687539,50894,0.0512695,0
139,6728334,40795,0.0195312,0
140,6816037,87703,0.03125,0
141,6835700,19663,0.0107422,0
142,6876178,40478,0.0449219,0
143,6919877,43699,0.0410156,0
144,6956437,36560,0.0170898,0
145,6982203,25766,0.0151367,0
146,7001826,19623,0.0229492,0
147,7053605,51779,0.0488281,0
148,7097621,44016,0.0488281,0
149,7126824,29203,0.0239258,0
150,7186514,59690,0.0703125,0
151,7219950,33436,0.0336914,0
152,7270400,50450,0.0385742,0
153,7325557,55157,0.0302734,0
154,7358355,32798,0.274414,0
155,7616825,258470,0.479004,0
156,7729732,112907,0.124023,0
157,7797328,67596,0.0644531,0
158,7833101,35773,0.0273438,0
159,7896989,63888,0.0708008,0
160,8052130,155141,0.139648,0
161,8216118,163988,0.129395,0
162,8300093,83975,0.0581055,0
163,8417105,117012,0.09375,0
164,8436573,19468,0.0112305,0
165,8457585,21012,0.00976562,0
166,8507740,50155,0.0366211,0
167,8534387,26647,0.0175781,0
168,8578072,43685,0.0102539,0
169,8638406,60334,0.0126953,0
170,8694860,56454,0.0126953,0
171,8743050,48190,0.0151367,0
172,8810234,67184,0.0141602,0
173,8840935,30701,0.00830078,0
174,8861025,20090,0.0136719,0
175,8903670,42645,0.0102539,0
176,8951632,47962,0.0185547,0
177,8972611,20979,0.0107422,0
178,9001897,29286,0.0219727,0
179,9041395,39498,0.0136719,0
180,9071112,29717,0.0400391,0
181,9130798,59686,0.0874023,0
182,9156157,25359,0.0209961,0
183,9191150,34993,0.0214844,0
184,9217871,26721,0.0180664,0
185,9248320,30449,0.012207,0
186,9287896,39576,0.0244141,0
187,9350430,62534,0.0737305,0
188,9370756,20326,0.0244141,0
189,9396384,25628,0.0180664,0
190,9433174,36790,0.0166016,0
191,9475574,42400,0.0102539,0
192,9534762,59188,0.0834961,0
193,9582043,47281,0.0366211,0
194,9629042,46999,0.0268555,0
195,9662610,33568,0.0224609,0
196,9707711,45101,0.0107422,0
197,9762544,54833,0.0263672,0
198,9793336,30792,0.0483398,0
199,9871332,77996,0.0336914,0
200,9899395,28063,0.0253906,0
201,9946692,47297,0.0600586,0
202,9998181,51489,0.0429688,0
203,10024810,26629,0.0410156,0
204,10082385,57575,0.0839844,0
205,10111633,29248,0.0249023,0
206,10148553,36920,0.0224609,0
207,10189804,41251,0.0385742,0
208,10216225,26421,0.015625,0
209,10266013,49788,0.0356445,0
210,10293352,27339,0.012207,0
211,10335314,41962,0.043457,0
212,10370429,35115,0.0527344,0
213,10400608,30179,0.0605469,0
214,10451182,50574,0.0483398,0
215,10490159,38977,0.0161133,0
216,10534655,44496,0.0219727,0
217,10589279,54624,0.0654297,0
218,10631380,42101,0.0561523,0
219,10681348,49968,0.050293,0
220,10720128,38780,0.0429688,0
221,10778944,58816,0.0224609,0
222,10848064,69120,0.0908203,0
223,10880632,32568,0.0229492,0
224,10925725,45093,0.0268555,0
225,10959219,33494,0.0429688,0
226,10989381,30162,0.0395508,0
227,10997296,7915,0.0126953,0
228,11024300,27004,0.0253906,0
229,11070119,45819,0.0429688,0
230,11095775,25656,0.0292969,0
231,11132742,36967,0.0268555,0
232,11152133,19391,0.0107422,0
233,11198831,46698,0.0551758,0
234,11251852,53021,0.0483398,0
235,11282067,30215,0.0268555,0
236,11288622,6555,0.015625,0
237,11312410,23788,0.0229492,0
238,11343714,31304,0.0395508,0
239,11395716,52002,0.0288086,0
240,11423706,27990,0.0239258,0
241,11448511,24805,0.269043,0
242,11648663,200152,0.413086,0
243,11790022,141359,0.167969,0
244,11850203,60181,0.0683594,0
245,11955025,104822,0.103027,0
246,12040434,85409,0.0732422,0
247,12090010,49576,0.0380859,0
248,12138547,48537,0.0336914,0
249,12221013,82466,0.078125,0
250,12310324,89311,0.0654297,0
251,12367349,57025,0.0195312,0
252,12407041,39692,0.00976562,0
253,12453282,46241,0.0205078,0
254,12489413,36131,0.0131836,0
255,12524937,35524,0.00927734,0
256,12558551,33614,0.00878906,0
257,12595064,36513,0.0131836,0
258,12649074,54010,0.0161133,0
259,12677892,28818,0.0380859,0
260,12695517,17625,0.0195312,0
261,12726127,30610,0.0375977,0
262,12765742,39615,0.0546875,0
263,12785328,19586,0.0195312,0
264,12836378,51050,0.0283203,0
265,12864531,28153,0.0244141,0
266,12895160,30629,0.0166016,0
267,12910157,14997,0.0180664,0
268,12926674,16517,0.0102539,0
269,12944242,17568,0.0195312,0
270,12984060,39818,0.00976562,0
271,13033838,49778,0.0219727,0
272,13089760,55922,0.050293,0
273,13110757,20997,0.0263672,0
274,13157790,47033,0.0180664,0
275,13216895,59105,0.0585938,0
276,13259070,42175,0.0273438,0
277,13275407,16337,0.00585938,0
278,13317696,42289,0.0273438,0
279,13337482,19786,0.0170898,0
280,13365720,28238,0.0249023,0
281,13406684,40964,0.0361328,0
282,13461387,54703,0.0664062,0
283,13514355,52968,0.0253906,0
284,13555694,41339,0.0146484,0
285,13594645,38951,0.0546875,0
286,13650422,55777,0.0625,0
287,13678064,27642,0.0151367,0
288,13705265,27201,0.012207,0
289,13737224,31959,0.0126953,0
290,13777794,40570,0.0322266,0
291,13811791,33997,0.0170898,0
292,13853945,42154,0.0170898,0
293,13910855,56910,0.078125,0
294,13944897,34042,0.0458984,0
295,13973209,28312,0.0288086,0
296,14034114,60905,0.0371094,0
297,14063937,29823,0.0327148,0
298,14087013,23076,0.0283203,0
299,14136937,49924,0.065918,0
300,14210852,73915,0.0517578,0
301,14262912,52060,0.0463867,0
302,14296151,33239,0.0366211,0
303,14327682,31531,0.0126953,0
304,14368989,41307,0.0600586,0
305,14415892,46903,0.0634766,0
306,14449587,33695,0.012207,0
307,14467209,17622,0.043457,0
308,14528404,61195,0.0454102,0
309,14556836,28432,0.0429688,0
310,14604654,47818,0.0405273,0
311,14641540,36886,0.0244141,0
312,14689394,47854,0.190918,0
313,14930765,241371,0.506348,0
314,15077305,146540,0.160156,0
315,15131629,54324,0.0556641,0
316,15159643,28014,0.0302734,0
317,15199399,39756,0.0302734,0
318,15310810,111411,0.0981445,0
319,15364360,53550,0.0444336,0
320,15427735,63375,0.0380859,0
321,15530591,102856,0.0917969,0
322,15625258,94667,0.0751953,0
323,15645261,20003,0.00634766,0
324,15679780,34519,0.00878906,0
325,15709936,30156,0.00830078,0
326,15758530,48594,0.0273438,0
327,15802408,43878,0.0146484,0
328,15843468,41060,0.00976562,0
329,15886055,42587,0.0136719,0
330,15926387,40332,0.0273438,0
331,15976473,50086,0.0146484,0
332,16033374,56901,0.0224609,0
333,16094568,61194,0.0249023,0
334,16117561,22993,0.027832,0
335,16165179,47618,0.0385742,0
336,16191114,25935,0.0117188,0
337,16221882,30768,0.0195312,0
338,16275542,53660,0.0292969,0
339,16305631,30089,0.019043,0
340,16361421,55790,0.0615234,0
341,16407717,46296,0.0693359,0
342,16442450,34733,0.0185547,0
343,16558829,116379,0.12207,0
344,16582581,23752,0.0107422,0
345,16592882,10301,0.00927734,0
346,16654574,61692,0.0239258,0
347,16684516,29942,0.012207,0
348,16703441,18925,0.0244141,0
349,16729133,25692,0.0185547,0
350,16766283,37150,0.0600586,0
351,16801412,35129,0.0395508,0
352,16872309,70897,0.0698242,0
353,16923719,51410,0.043457,0
354,16948466,24747,0.0375977,0
355,16986962,38496,0.0136719,0
356,17020398,33436,0.0151367,0
357,17062914,42516,0.0175781,0
358,17083322,20408,0.0209961,0
359,17137816,54494,0.0668945,0
360,17156292,18476,0.0371094,0
361,17205785,49493,0.0283203,0
362,17253625,47840,0.0698242,0
363,17278530,24905,0.0249023,0
364,17290985,12455,0.00537109,0
365,17313171,22186,0.0175781,0
366,17359894,46723,0.0454102,0
367,17403421,43527,0.0415039,0
368,17430750,27329,0.0253906,0
369,17449081,18331,0.0375977,0
370,17507950,58869,0.0419922,0
371,17538967,31017,0.0258789,0
372,17593961,54994,0.0678711,0
373,17634726,40765,0.0239258,0
374,17648828,14102,0.0166016,0
375,17700743,51915,0.0385742,0
376,17740676,39933,0.0375977,0
377,17776643,35967,0.043457,0
378,17818918,42275,0.0366211,0
379,17860466,41548,0.150879,0
380,18124490,264024,0.541504,0
381,18261666,137176,0.143555,0
382,18321598,59932,0.0571289,0
383,18434449,112851,0.108398,0
384,18556500,122051,0.0966797,0
385,18620305,63805,0.0419922,0
386,18709912,89607,0.0771484,0
387,18795815,85903,0.0546875,0
388,18847423,51608,0.0307617,0
389,18873057,25634,0.0239258,0
390,18918452,45395,0.0102539,0
391,18981825,63373,0.0458984,0
392,19002451,20626,0.0102539,0
393,19048850,46399,0.0424805,0
394,19089009,40159,0.0166016,0
395,19123810,34801,0.00927734,0
396,19212343,88533,0.0175781,0
397,19229321,16978,0.0102539,0
398,19270511,41190,0.0175781,0
399,19282168,11657,0.019043,0
400,19321792,39624,0.0268555,0
401,19374500,52708,0.0117188,0
402,19421472,46972,0.0415039,0
403,19447725,26253,0.027832,0
404,19484892,37167,0.0268555,0
405,19530604,45712,0.0512695,0
406,19567580,36976,0.0131836,0
407,19622055,54475,0.012207,0
408,19678389,56334,0.0375977,0
409,19727327,48938,0.043457,0
410,19768241,40914,0.0395508,0
411,19812655,44414,0.0175781,0
412,19866951,54296,0.0283203,0
413,19922430,55479,0.0415039,0
414,19941229,18799,0.00634766,0
415,19990487,49258,0.0585938,0
416,20036528,46041,0.0185547,0
417,20079469,42941,0.0429688,0
418,20148346,68877,0.0517578,0
419,20206498,58152,0.0512695,0
420,20265330,58832,0.0849609,0
421,20281921,16591,0.00585938,0
422,20319529,37608,0.0170898,0
423,20366467,46938,0.0375977,0
424,20418648,52181,0.0595703,0
425,20450943,32295,0.0551758,0
426,20468398,17455,0.0224609,0
427,20514453,46055,0.0356445,0
428,20564122,49669,0.0361328,0
429,20601402,37280,0.0375977,0
430,20640446,39044,0.0195312,0
431,20666423,25977,0.0151367,0
432,20685125,18702,0.0366211,0
433,20723647,38522,0.0263672,0
434,20743104,19457,0.0332031,0
435,20783647,40543,0.0375977,0
436,20790281,6634,0.015625,0
437,20815588,25307,0.0205078,0
438,20850643,35055,0.0380859,0
439,20908135,57492,0.0263672,0
440,20931517,23382,0.263672,0
441,21152905,221388,0.444336,0
442,21261698,108793,0.129395,0
443,21300608,38910,0.0405273,0
444,21339499,38891,0.0380859,0
445,21435324,95825,0.0957031,0
446,21517023,81699,0.081543,0
447,21636433,119410,0.108887,0
448,21702208,65775,0.0546875,0
449,21750743,48535,0.0366211,0
450,21811739,60996,0.0302734,0
451,21835145,23406,0.0112305,0
452,21913879,78734,0.0610352,0
453,21927303,13424,0.0126953,0
454,21995037,67734,0.0522461,0
455,22020317,25280,0.0205078,0
456,22064112,43795,0.0507812,0
457,22097784,33672,0.0219727,0
458,22118201,20417,0.0136719,0
459,22155692,37491,0.0219727,0
460,22183859,28167,0.0078125,0
461,22229663,45804,0.0107422,0
462,22255359,25696,0.0141602,0
463,22307388,52029,0.015625,0
464,22327860,20472,0.00683594,0
465,22351883,24023,0.0112305,0
466,22369212,17329,0.0102539,0
467,22401786,32574,0.00830078,0
468,22425795,24009,0.0117188,0
469,22473120,47325,0.0107422,0
470,22511660,38540,0.0200195,0
471,22554723,43063,0.0366211,0
472,22574076,19353,0.0170898,0
473,22632474,58398,0.0488281,0
474,22679916,47442,0.0678711,0
475,22702888,22972,0.0209961,0
476,22733906,31018,0.0214844,0
477,22763861,29955,0.0185547,0
478,22835645,71784,0.0786133,0
479,22878004,42359,0.0161133,0
480,22939699,61695,0.0302734,0
481,22989249,49550,0.0351562,0
482,23038429,49180,0.0332031,0
483,23064596,26167,0.0151367,0
484,23086913,22317,0.00732422,0
485,23160351,73438,0.0664062,0
486,23206803,46452,0.0737305,0
487,23244609,37806,0.0380859,0
488,23278019,33410,0.0224609,0
489,23328308,50289,0.03125,0
490,23368512,40204,0.0239258,0
491,23431885,63373,0.0556641,0
492,23493338,61453,0.0371094,0
493,23521605,28267,0.0292969,0
494,23549672,28067,0.0253906,0
495,23591517,41845,0.0410156,0
496,23618649,27132,0.0151367,0
497,23646586,27937,0.015625,0
498,23682528,35942,0.0366211,0
499,23738911,56383,0.0512695,0
500,23768859,29948,0.0385742,0
501,23805852,36993,0.0507812,0
502,23842054,36202,0.0224609,0
503,23883365,41311,0.0351562,0
504,23923946,40581,0.0478516,0
505,23944335,20389,0.0332031,0
506,23987107,42772,0.034668,0
507,24019666,32559,0.0429688,0
508,24057087,37421,0.0283203,0
509,24088664,31577,0.0244141,0
510,24104657,15993,0.0170898,0
511,24140953,36296,0.0366211,0
512,24182352,41399,0.0375977,0
513,24216819,34467,0.0405273,0
514,24259732,42913,0.0356445,0
515,24308203,48471,0.152832,0
516,24581932,273729,0.55127,0
517,24689521,107589,0.114746,0
518,24728114,38593,0.0405273,0
519,24808143,80029,0.0834961,0
520,24943360,135217,0.119629,0
521,25000012,56652,0.043457,0
522,25076215,76203,0.0415039,0
523,25135020,58805,0.0541992,0
524,25177944,42924,0.0327148,0
525,25214514,36570,0.0351562,0
526,25265079,50565,0.0214844,0
527,25310492,45413,0.0454102,0
528,25335081,24589,0.00732422,0
529,25390451,55370,0.0117188,0
530,25409913,19462,0.00683594,0
531,25455703,45790,0.0146484,0
532,25510255,54552,0.0371094,0
533,25546660,36405,0.0131836,0
534,25592013,45353,0.0107422,0
535,25627688,35675,0.0126953,0
536,25664157,36469,0.0200195,0
537,25682524,18367,0.00634766,0
538,25727174,44650,0.0229492,0
539,25752049,24875,0.0146484,0
540,25773260,21211,0.0336914,0
541,25856278,83018,0.0917969,0
542,25893779,37501,0.0195312,0
543,25943926,50147,0.0214844,0
544,25978238,34312,0.0253906,0
545,26033817,55579,0.0429688,0
546,26084338,50521,0.0185547,0
547,26099611,15273,0.0102539,0
548,26148715,49104,0.0258789,0
549,26168079,19364,0.0166016,0
550,26230168,62089,0.0942383,0
551,26274300,44132,0.0424805,0
552,26333759,59459,0.0175781,0
553,26363083,29324,0.0161133,0
554,26414877,51794,0.0551758,0
555,26435559,20682,0.0205078,0
556,26453313,17754,0.00585938,0
557,26478157,24844,0.0195312,0
558,26511122,32965,0.0244141,0
559,26545634,34512,0.0166016,0
560,26557891,12257,0.00976562,0
561,26607784,49893,0.0454102,0
562,26641547,33763,0.0166016,0
563,26671494,29947,0.0332031,0
564,26738300,66806,0.059082,0
565,26805191,66891,0.0488281,0
566,26841548,36357,0.0375977,0
567,26869080,27532,0.0336914,0
568,26907528,38448,0.043457,0
569,26961388,53860,0.0454102,0
570,26987398,26010,0.034668,0
571,27034648,47250,0.0405273,0
572,27072337,37689,0.03125,0
573,27109340,37003,0.0385742,0
574,27155866,46526,0.0541992,0
575,27185087,29221,0.0366211,0
576,27217502,32415,0.046875,0
577,27254989,37487,0.0283203,0
578,27281985,26996,0.0209961,0
579,27332554,50569,0.0302734,0
580,27360539,27985,0.259766,0
581,27576051,215512,0.441406,0
582,27709875,133824,0.147949,0
583,27752977,43102,0.0410156,0
584,27794197,41220,0.0449219,0
585,27869366,75169,0.0727539,0
586,27963945,94579,0.0839844,0
587,28071953,108008,0.0922852,0
588,28123734,51781,0.0424805,0
589,28159273,35539,0.0263672,0
590,28209738,50465,0.0307617,0
591,28285305,75567,0.0283203,0
592,28317578,32273,0.00830078,0
593,28342717,25139,0.0146484,0
594,28396726,54009,0.0219727,0
595,28419576,22850,0.0112305,0
596,28482164,62588,0.0385742,0
597,28559251,77087,0.078125,0
598,28589030,29779,0.0244141,0
599,28657455,68425,0.0141602,0
600,28728341,70886,0.065918,0
601,28741754,13413,0.0185547,0
602,28755605,13851,0.019043,0
603,28807972,52367,0.0185547,0
604,28819930,11958,0.00537109,0
605,28830457,10527,0.00488281,0
606,28879974,49517,0.0224609,0
607,28941660,61686,0.0483398,0
608,28974980,33320,0.0244141,0
609,29002246,27266,0.0244141,0
610,29066047,63801,0.0356445,0
611,29116430,50383,0.0546875,0
612,29158011,41581,0.0263672,0
613,29236504,78493,0.0351562,0
614,29292111,55607,0.0126953,0
615,29331990,39879,0.0292969,0
616,29364763,32773,0.0322266,0
617,29402714,37951,0.0439453,0
618,29457204,54490,0.0629883,0
619,29491480,34276,0.0131836,0
620,29521182,29702,0.0078125,0
621,29549103,27921,0.0288086,0
622,29574703,25600,0.0185547,0
623,29617772,43069,0.0244141,0
624,29662281,44509,0.0249023,0
625,29698587,36306,0.0249023,0
626,29739756,41169,0.0351562,0
627,29798237,58481,0.0532227,0
628,29852950,54713,0.0415039,0
629,29907930,54980,0.0224609,0
630,29948612,40682,0.0488281,0
631,29982717,34105,0.0341797,0
632,30016338,33621,0.0366211,0
633,30058644,42306,0.0405273,0
634,30101088,42444,0.034668,0
635,30141724,40636,0.0317383,0
636,30170095,28371,0.0263672,0
637,30198612,28517,0.200684,0
638,30310484,111872,0.36377,0
639,30533508,223024,0.294434,0
640,30630069,96561,0.103027,0
641,30830772,200703,0.183594,0
642,30869410,38638,0.0166016,0
643,30933639,64229,0.0654297,0
644,30993759,60120,0.0551758,0
645,31116559,122800,0.0961914,0
646,31168673,52114,0.0395508,0
647,31237662,68989,0.0463867,0
648,31281867,44205,0.0317383,0
649,31325963,44096,0.0136719,0
650,31356295,30332,0.00830078,0
651,31405029,48734,0.0117188,0
652,31470488,65459,0.0136719,0
653,31508742,38254,0.00927734,0
654,31553216,44474,0.0239258,0
655,31591477,38261,0.0170898,0
656,31628065,36588,0.00878906,0
657,31665281,37216,0.00976562,0
658,31728190,62909,0.0458984,0
659,31775048,46858,0.0483398,0
660,31786566,11518,0.00927734,0
661,31814298,27732,0.0244141,0
662,31846088,31790,0.0244141,0
663,31865659,19571,0.0292969,0
664,31882002,16343,0.0224609,0
665,31919843,37841,0.0473633,0
666,31945319,25476,0.0239258,0
667,32004021,58702,0.0585938,0
668,32037908,33887,0.015625,0
669,32057712,19804,0.0224609,0
670,32108988,51276,0.0371094,0
671,32145467,36479,0.0332031,0
672,32198230,52763,0.0458984,0
673,32234189,35959,0.0131836,0
674,32280032,45843,0.0107422,0
675,32329918,49886,0.0341797,0
676,32363909,33991,0.0195312,0
677,32420121,56212,0.012207,0
678,32455365,35244,0.0229492,0
679,32514667,59302,0.0200195,0
680,32562069,47402,0.0219727,0
681,32593126,31057,0.0336914,0
682,32618102,24976,0.027832,0
683,32645264,27162,0.0253906,0
684,32683135,37871,0.0263672,0
685,32726686,43551,0.0239258,0
686,32769621,42935,0.0107422,0
687,32821806,52185,0.0288086,0
688,32879983,58177,0.0727539,0
689,32906138,26155,0.0117188,0
690,32973323,67185,0.0410156,0
691,32991701,18378,0.0175781,0
692,33049012,57311,0.0317383,0
693,33098515,49503,0.0566406,0
694,33124232,25717,0.0175781,0
695,33159853,35621,0.0297852,0
696,33186916,27063,0.0361328,0
697,33207713,20797,0.0273438,0
698,33262335,54622,0.0625,0
699,33303583,41248,0.0429688,0
700,33353320,49737,0.0449219,0
701,33412260,58940,0.0625,0
702,33438762,26502,0.0117188,0
703,33489455,50693,0.03125,0
704,33524639,35184,0.0327148,0
705,33572895,48256,0.03125,0
706,33599789,26894,0.202637,0
707,33762561,162772,0.434082,0
708,33943950,181389,0.223633,0
709,33976119,32169,0.0297852,0
710,34053950,77831,0.0820312,0
711,34090324,36374,0.0400391,0
712,34205845,115521,0.111328,0
713,34343934,138089,0.104492,0
714,34477350,133416,0.105469,0
715,34558613,81263,0.0454102,0
716,34599555,40942,0.0195312,0
717,34628544,28989,0.0180664,0
718,34657802,29258,0.0307617,0
719,34676813,19011,0.00634766,0
720,34777662,100849,0.019043,0
721,34811603,33941,0.00878906,0
722,34879625,68022,0.0429688,0
723,34916262,36637,0.0288086,0
724,34973597,57335,0.0292969,0
725,35007280,33683,0.012207,0
726,35057744,50464,0.019043,0
727,35081419,23675,0.0297852,0
728,35121519,40100,0.0371094,0
729,35163346,41827,0.0449219,0
730,35213241,49895,0.0258789,0
731,35253039,39798,0.0141602,0
732,35290188,37149,0.0229492,0
733,35323209,33021,0.0341797,0
734,35341876,18667,0.0166016,0
735,35361972,20096,0.00634766,0
736,35425436,63464,0.0786133,0
737,35450689,25253,0.0175781,0
738,35493540,42851,0.0170898,0
739,35553360,59820,0.0458984,0
740,35610205,56845,0.0712891,0
741,35652148,41943,0.0322266,0
742,35692533,40385,0.0234375,0
743,35738256,45723,0.0185547,0
744,35795943,57687,0.0170898,0
745,35842904,46961,0.0385742,0
746,35877070,34166,0.0126953,0
747,35935798,58728,0.0209961,0
748,35954442,18644,0.0141602,0
749,36003857,49415,0.0615234,0
750,36046151,42294,0.0253906,0
751,36073130,26979,0.0307617,0
752,36115387,42257,0.0410156,0
753,36154639,39252,0.0234375,0
754,36178695,24056,0.0141602,0
755,36233311,54616,0.0366211,0
756,36282502,49191,0.0512695,0
757,36312991,30489,0.0327148,0
758,36372324,59333,0.027832,0
759,36416435,44111,0.0302734,0
760,36446691,30256,0.0327148,0
761,36482909,36218,0.0341797,0
762,36528155,45246,0.0537109,0
763,36567626,39471,0.0371094,0
764,36595910,28284,0.0234375,0
765,36646630,50720,0.233398,0
766,36853877,207247,0.42627,0
767,36993367,139490,0.154785,0
768,37119740,126373,0.133301,0
769,37204618,84878,0.074707,0
770,37283972,79354,0.0625,0
771,37378134,94162,0.0737305,0
772,37425174,47040,0.0327148,0
773,37476799,51625,0.0395508,0
774,37524084,47285,0.0478516,0
775,37603380,79296,0.0678711,0
776,37625314,21934,0.0107422,0
777,37653900,28586,0.0117188,0
778,37691419,37519,0.0229492,0
779,37744631,53212,0.0214844,0
780,37778110,33479,0.00878906,0
781,37817207,39097,0.00927734,0
782,37831820,14613,0.00976562,0
783,37879181,47361,0.0112305,0
784,37910382,31201,0.00830078,0
785,37949523,39141,0.0356445,0
786,37978888,29365,0.0283203,0
787,38022891,44003,0.0258789,0
788,38072792,49901,0.0214844,0
789,38141323,68531,0.0976562,0
790,38184727,43404,0.0507812,0
791,38215076,30349,0.0366211,0
792,38273431,58355,0.0581055,0
793,38291999,18568,0.00585938,0
794,38331868,39869,0.0102539,0
795,38379615,47747,0.0151367,0
796,38429532,49917,0.0283203,0
797,38452589,23057,0.0146484,0
798,38500126,47537,0.0371094,0
799,38525549,25423,0.0244141,0
800,38558360,32811,0.0161133,0
801,38595497,37137,0.0195312,0
802,38655021,59524,0.0751953,0
803,38691154,36133,0.0263672,0
804,38727009,35855,0.00927734,0
805,38782607,55598,0.0302734,0
806,38799171,16564,0.0205078,0
807,38826990,27819,0.0244141,0
808,38844960,17970,0.0136719,0
809,38877439,32479,0.0258789,0
810,38911643,34204,0.0253906,0
811,38975863,64220,0.0786133,0
812,38998806,22943,0.0249023,0
813,39044890,46084,0.0185547,0
814,39093312,48422,0.019043,0
815,39156004,62692,0.0664062,0
816,39213131,57127,0.0556641,0
817,39226825,13694,0.015625,0
818,39258118,31293,0.0161133,0
819,39295496,37378,0.0307617,0
820,39324921,29425,0.015625,0
821,39352443,27522,0.015625,0
822,39388467,36024,0.03125,0
823,39433469,45002,0.0361328,0
824,39464969,31500,0.034668,0
825,39488390,23421,0.0268555,0
826,39544240,55850,0.0351562,0
827,39598496,54256,0.0507812,0
828,39655427,56931,0.0454102,0
829,39690878,35451,0.0541992,0
830,39746611,55733,0.0722656,0
831,39787312,40701,0.0532227,0
832,39840789,53477,0.0458984,0
833,39880773,39984,0.0507812,0
834,39919847,39074,0.0317383,0
835,39963235,43388,0.0385742,0
836,39980866,17631,0.0258789,0
837,39997392,16526,0.0258789,0
838,40025633,28241,0.03125,0
839,40057943,32310,0.0214844,0
840,40077773,19830,0.0195312,0
841,40125577,47804,0.0546875,0
842,40143276,17699,0.263672,0
843,40375549,232273,0.452148,0
844,40473301,97752,0.11084,0
845,40567823,94522,0.103027,0
846,40624751,56928,0.0581055,0
847,40788917,164166,0.15625,0
848,40967038,178121,0.140625,0
849,41004551,37513,0.0292969,0
850,41059755,55204,0.0395508,0
851,41124091,64336,0.0527344,0
852,41158287,34196,0.0126953,0
853,41216835,58548,0.0317383,0
854,41288822,71987,0.0678711,0
855,41316933,28111,0.0078125,0
856,41355707,38774,0.00976562,0
857,41402349,46642,0.0107422,0
858,41457998,55649,0.012207,0
859,41484670,26672,0.00732422,0
860,41532780,48110,0.0107422,0
861,41588609,55829,0.0126953,0
862,41612295,23686,0.0141602,0
863,41675973,63678,0.0131836,0
864,41701344,25371,0.0146484,0
865,41724780,23436,0.0117188,0
866,41744198,19418,0.0136719,0
867,41780507,36309,0.0136719,0
868,41819775,39268,0.0498047,0
869,41874122,54347,0.0600586,0
870,41907167,33045,0.0249023,0
871,41915942,8775,0.00976562,0
872,41970171,54229,0.0610352,0
873,41993352,23181,0.0234375,0
874,42001105,7753,0.0117188,0
875,42035930,34825,0.0131836,0
876,42084988,49058,0.0371094,0
877,42094757,9769,0.0112305,0
878,42168568,73811,0.0883789,0
879,42188837,20269,0.0166016,0
880,42242366,53529,0.0117188,0
881,42309453,67087,0.0341797,0
882,42348041,38588,0.0253906,0
883,42379960,31919,0.0351562,0
884,42433521,53561,0.0258789,0
885,42496131,62610,0.0600586,0
886,42510480,14349,0.0258789,0
887,42533565,23085,0.0307617,0
888,42581161,47596,0.0249023,0
889,42616669,35508,0.0229492,0
890,42656864,40195,0.0166016,0
891,42719856,62992,0.0776367,0
892,42748191,28335,0.0180664,0
893,42795350,47159,0.0410156,0
894,42853681,58331,0.0170898,0
895,42894983,41302,0.0444336,0
896,42930383,35400,0.0214844,0
897,42969253,38870,0.0209961,0
898,43000519,31266,0.0195312,0
899,43047807,47288,0.0571289,0
900,43087776,39969,0.0561523,0
901,43124945,37169,0.0366211,0
902,43153862,28917,0.0180664,0
903,43168853,14991,0.0166016,0
904,43211811,42958,0.0478516,0
905,43265658,53847,0.0532227,0
906,43299378,33720,0.0361328,0
907,43340209,40831,0.0253906,0
908,43359405,19196,0.0209961,0
909,43383297,23892,0.0253906,0
910,43411395,28098,0.0732422,0
911,43445893,34498,0.0297852,0
912,43466153,20260,0.0170898,0
913,43523433,57280,0.046875,0
914,43570802,47369,0.0556641,0
915,43624811,54009,0.0341797,0
916,43644760,19949,0.03125,0
917,43659904,15144,0.0200195,0
918,43701836,41932,0.0493164,0
919,43761755,59919,0.0532227,0
920,43788366,26611,0.0151367,0
921,43824152,35786,0.0297852,0
922,43872239,48087,0.0361328,0
923,43917622,45383,0.26709,0
924,44045297,127675,0.333008,0
925,44261343,216046,0.273926,0
926,44299434,38091,0.034668,0
927,44320953,21519,0.0249023,0
928,44442619,121666,0.124023,0
929,44495681,53062,0.0458984,0
930,44665120,169439,0.139648,0
931,44721955,56835,0.0327148,0
932,44756502,34547,0.0126953,0
933,44825992,69490,0.0610352,0
934,44874457,48465,0.0454102,0
935,44928162,53705,0.0151367,0
936,44993063,64901,0.0717773,0
937,45016019,22956,0.00683594,0
938,45057866,41847,0.00976562,0
939,45102209,44343,0.0102539,0
940,45131398,29189,0.012207,0
941,45170293,38895,0.00927734,0
942,45225754,55461,0.0288086,0
943,45282092,56338,0.027832,0
944,45340688,58596,0.0512695,0
945,45373840,33152,0.0185547,0
946,45400325,26485,0.0117188,0
947,45423686,23361,0.0112305,0
948,45448392,24706,0.00732422,0
949,45479309,30917,0.0214844,0
950,45514302,34993,0.0454102,0
951,45571980,57678,0.059082,0
952,45600128,28148,0.0146484,0
953,45638631,38503,0.0439453,0
954,45720123,81492,0.0673828,0
955,45743233,23110,0.00683594,0
956,45770048,26815,0.0078125,0
957,45827765,57717,0.0229492,0
958,45877494,49729,0.0253906,0
959,45907429,29935,0.00830078,0
960,45968931,61502,0.0136719,0
961,46024702,55771,0.0776367,0
962,46072443,47741,0.0473633,0
963,46100843,28400,0.0078125,0
964,46124322,23479,0.0151367,0
965,46133992,9670,0.00488281,0
966,46187068,53076,0.043457,0
967,46213198,26130,0.0185547,0
968,46270526,57328,0.0249023,0
969,46314486,43960,0.0375977,0
970,46371523,57037,0.0478516,0
971,46394319,22796,0.0180664,0
972,46446740,52421,0.0454102,0
973,46487250,40510,0.0307617,0
974,46517245,29995,0.0180664,0
975,46618117,100872,0.0942383,0
976,46654720,36603,0.0341797,0
977,46676512,21792,0.0180664,0
978,46728940,52428,0.027832,0
979,46771280,42340,0.0571289,0
980,46799768,28488,0.0283203,0
981,46841046,41278,0.0732422,0
982,46868917,27871,0.0292969,0
983,46934268,65351,0.0292969,0
984,46964881,30613,0.0166016,0
985,47018122,53241,0.0390625,0
986,47053118,34996,0.0336914,0
987,47101388,48270,0.03125,0
988,47131235,29847,0.107422,0
989,47136574,5339,0.171875,0
990,47323079,186505,0.466309,0
991,47476572,153493,0.185059,0
992,47502728,26156,0.0166016,0
993,47566025,63297,0.074707,0
994,47607813,41788,0.0410156,0
995,47635600,27787,0.0205078,0
996,47693599,57999,0.0605469,0
997,47773721,80122,0.0742188,0
998,47815808,42087,0.027832,0
999,47873994,58186,0.0429688,0
1000,47928061,54067,0.03125,0
1001,48024662,96601,0.0957031,0
1002,48074094,49432,0.034668,0
1003,48098280,24186,0.00732422,0
1004,48143930,45650,0.0361328,0
1005,48197915,53985,0.0117188,0
1006,48231354,33439,0.0161133,0
1007,48273384,42030,0.0136719,0
1008,48307053,33669,0.00878906,0
1009,48358386,51333,0.0117188,0
1010,48408492,50106,0.0371094,0
1011,48425029,16537,0.0107422,0
1012,48448979,23950,0.0258789,0
1013,48457375,8396,0.0117188,0
1014,48482071,24696,0.0302734,0
1015,48552266,70195,0.0488281,0
1016,48562903,10637,0.012207,0
1017,48627188,64285,0.034668,0
1018,48676297,49109,0.0551758,0
1019,48762031,85734,0.090332,0
1020,48799165,37134,0.0307617,0
1021,48844297,45132,0.0361328,0
1022,48939920,95623,0.0410156,0
1023,48966773,26853,0.03125,0
1024,49021859,55086,0.0322266,0
1025,49068685,46826,0.0107422,0
1026,49109544,40859,0.0141602,0
1027,49143645,34101,0.0195312,0
1028,49177252,33607,0.0258789,0
1029,49212578,35326,0.0224609,0
1030,49239559,26981,0.0249023,0
1031,49252741,13182,0.00976562,0
1032,49289079,36338,0.050293,0
1033,49308840,19761,0.0336914,0
1034,49350314,41474,0.0585938,0
1035,49399945,49631,0.0239258,0
1036,49428965,29020,0.0249023,0
1037,49468955,39990,0.0205078,0
1038,49509036,40081,0.0478516,0
1039,49562226,53190,0.015625,0
1040,49592149,29923,0.0263672,0
1041,49621181,29032,0.0424805,0
1042,49682015,60834,0.0859375,0
1043,49737225,55210,0.0571289,0
1044,49757761,20536,0.0170898,0
1045,49788954,31193,0.0249023,0
1046,49823369,34415,0.027832,0
1047,49871702,48333,0.0419922,0
1048,49893638,21936,0.0273438,0
1049,49933195,39557,0.0307617,0
1050,49977845,44650,0.0410156,0
1051,50047870,70025,0.0488281,0
1052,50065858,17988,0.0141602,0
1053,50100801,34943,0.0302734,0
1054,50128628,27827,0.0390625,0
1055,50167053,38425,0.0395508,0
1056,50208043,40990,0.0195312,0
1057,50231448,23405,0.0283203,0
1058,50273012,41564,0.0478516,0
1059,50320628,47616,0.0375977,0
1060,50344963,24335,0.0332031,0
1061,50365620,20657,0.0263672,0
1062,50400377,34757,0.0400391,0
1063,50452221,51844,0.0488281,0
1064,50502735,50514,0.0415039,0
1065,50534623,31888,0.0302734,0
1066,50558994,24371,0.0292969,0
1067,50588156,29162,0.0356445,0
1068,50638550,50394,0.0292969,0
1069,50665686,27136,0.251953,0
1070,50861080,195394,0.445801,0
1071,50992103,131023,0.15625,0
1072,51090818,98715,0.108398,0
1073,51115992,25174,0.0268555,0
1074,51197343,81351,0.0834961,0
1075,51279746,82403,0.0742188,0
1076,51316646,36900,0.0161133,0
1077,51380357,63711,0.0664062,0
1078,51502422,122065,0.0986328,0
1079,51585680,83258,0.0541992,0
1080,51627685,42005,0.0170898,0
1081,51659739,32054,0.00830078,0
1082,51716231,56492,0.0161133,0
1083,51743309,27078,0.0117188,0
1084,51777982,34673,0.00830078,0
1085,51859138,81156,0.0166016,0
1086,51883616,24478,0.0175781,0
1087,51892913,9297,0.0126953,0
1088,51953115,60202,0.0356445,0
1089,51974044,20929,0.0361328,0
1090,52005600,31556,0.046875,0
1091,52034388,28788,0.0244141,0
1092,52085883,51495,0.0556641,0
1093,52117567,31684,0.00830078,0
1094,52169315,51748,0.0117188,0
1095,52200961,31646,0.00830078,0
1096,52257704,56743,0.059082,0
1097,52297096,39392,0.034668,0
1098,52337443,40347,0.0473633,0
1099,52362666,25223,0.0195312,0
1100,52399083,36417,0.0161133,0
1101,52426236,27153,0.0175781,0
1102,52454893,28657,0.012207,0
1103,52488944,34051,0.0322266,0
1104,52527138,38194,0.0351562,0
1105,52569632,42494,0.0209961,0
1106,52622381,52749,0.0117188,0
1107,52660787,38406,0.0170898,0
1108,52676251,15464,0.0234375,0
1109,52735517,59266,0.0361328,0
1110,52758893,23376,0.0112305,0
1111,52804256,45363,0.0507812,0
1112,52853341,49085,0.0205078,0
1113,52888044,34703,0.0302734,0
1114,52915110,27066,0.0151367,0
1115,52969390,54280,0.0400391,0
1116,52994714,25324,0.0239258,0
1117,53063579,68865,0.0483398,0
1118,53093898,30319,0.0229492,0
1119,53107983,14085,0.0166016,0
1120,53137809,29826,0.0161133,0
1121,53169230,31421,0.0224609,0
1122,53224349,55119,0.0483398,0
1123,53288199,63850,0.0527344,0
1124,53346965,58766,0.0541992,0
1125,53392748,45783,0.0229492,0
1126,53416777,24029,0.0249023,0
1127,53462474,45697,0.034668,0
1128,53498954,36480,0.105469,0
1129,53508730,9776,0.203125,0
1130,53718281,209551,0.427734,0
1131,53885929,167648,0.197754,0
1132,53924981,39052,0.0400391,0
1133,53975733,50752,0.0537109,0
1134,54108854,133121,0.115234,0
1135,54136973,28119,0.0258789,0
1136,54281330,144357,0.126953,0
1137,54350562,69232,0.0532227,0
1138,54406299,55737,0.0410156,0
1139,54472506,66207,0.0454102,0
1140,54533775,61269,0.0380859,0
1141,54557259,23484,0.0112305,0
1142,54591285,34026,0.0126953,0
1143,54645921,54636,0.012207,0
1144,54719038,73117,0.0146484,0
1145,54788543,69505,0.0185547,0
1146,54809285,20742,0.0141602,0
1147,54845783,36498,0.0292969,0
1148,54856698,10915,0.00927734,0
1149,54877989,21291,0.0141602,0
1150,54921710,43721,0.0136719,0
1151,54953460,31750,0.019043,0
1152,54984195,30735,0.015625,0
1153,55058814,74619,0.0893555,0
1154,55115912,57098,0.0380859,0
1155,55153179,37267,0.0273438,0
1156,55236633,83454,0.0522461,0
1157,55260908,24275,0.0112305,0
1158,55312348,51440,0.0415039,0
1159,55351069,38721,0.0356445,0
1160,55363119,12050,0.012207,0
1161,55414765,51646,0.0698242,0
1162,55505030,90265,0.09375,0
1163,55529440,24410,0.0112305,0
1164,55596153,66713,0.0639648,0
1165,55642112,45959,0.0283203,0
1166,55691765,49653,0.0112305,0
1167,55722437,30672,0.00830078,0
1168,55747783,25346,0.0078125,0
1169,55792096,44313,0.0410156,0
1170,55821525,29429,0.015625,0
1171,55850410,28885,0.012207,0
1172,56000278,149868,0.0922852,0
1173,56051704,51426,0.0571289,0
1174,56098409,46705,0.0634766,0
1175,56140378,41969,0.0424805,0
1176,56176615,36237,0.0263672,0
1177,56218053,41438,0.0263672,0
1178,56265121,47068,0.0214844,0
1179,56281769,16648,0.0102539,0
1180,56297344,15575,0.0102539,0
1181,56319486,22142,0.0249023,0
1182,56362899,43413,0.0571289,0
1183,56408747,45848,0.0317383,0
1184,56460262,51515,0.0654297,0
1185,56497702,37440,0.0395508,0
1186,56528393,30691,0.0322266,0
1187,56574399,46006,0.0205078,0
1188,56614707,40308,0.0175781,0
1189,56647378,32671,0.0302734,0
1190,56672861,25483,0.0385742,0
1191,56738477,65616,0.081543,0
1192,56770170,31693,0.0224609,0
1193,56840093,69923,0.0595703,0
1194,56870946,30853,0.0283203,0
1195,56881519,10573,0.0161133,0
1196,56912148,30629,0.0249023,0
1197,56939534,27386,0.0385742,0
1198,56984535,45001,0.050293,0
1199,57015189,30654,0.0209961,0
1200,57056086,40897,0.0380859,0
1201,57090025,33939,0.0507812,0
1202,57120719,30694,0.0395508,0
1203,57169903,49184,0.0424805,0
1204,57224883,54980,0.0576172,0
1205,57269254,44371,0.0541992,0
1206,57303210,33956,0.0268555,0
1207,57337374,34164,0.0512695,0
1208,57378201,40827,0.0297852,0
1209,57406687,28486,0.0424805,0
1210,57465156,58469,0.0444336,0
1211,57489718,24562,0.0292969,0
1212,57519071,29353,0.0390625,0
1213,57567836,48765,0.027832,0
1214,57590236,22400,0.0952148,0
1215,57607312,17076,0.256836,0
1216,57901276,293964,0.514648,0
1217,57947651,46375,0.0522461,0
1218,57991102,43451,0.0493164,0
1219,58068253,77151,0.0737305,0
1220,58121919,53666,0.0478516,0
1221,58225925,104006,0.0966797,0
1222,58283689,57764,0.0297852,0
1223,58369855,86166,0.0805664,0
1224,58484954,115099,0.104004,0
1225,58539260,54306,0.03125,0
1226,58599780,60520,0.0292969,0
1227,58637204,37424,0.00927734,0
1228,58695384,58180,0.0166016,0
1229,58714742,19358,0.0107422,0
1230,58737229,22487,0.0112305,0
1231,58794424,57195,0.0224609,0
1232,58823398,28974,0.012207,0
1233,58921724,98326,0.0654297,0
1234,58944548,22824,0.0112305,0
1235,58988462,43914,0.0361328,0
1236,59008950,20488,0.0263672,0
1237,59053468,44518,0.0424805,0
1238,59086530,33062,0.0126953,0
1239,59107627,21097,0.00634766,0
1240,59153955,46328,0.0205078,0
1241,59188181,34226,0.00878906,0
1242,59228618,40437,0.0244141,0
1243,59263585,34967,0.0131836,0
1244,59306748,43163,0.0332031,0
1245,59354313,47565,0.0341797,0
1246,59397938,43625,0.0444336,0
1247,59429572,31634,0.00830078,0
1248,59508457,78885,0.0957031,0
1249,59572372,63915,0.0644531,0
1250,59625562,53190,0.012207,0
1251,59677668,52106,0.0195312,0
1252,59708872,31204,0.019043,0
1253,59719348,10476,0.0126953,0
1254,59751476,32128,0.019043,0
1255,59770611,19135,0.0112305,0
1256,59816516,45905,0.0419922,0
1257,59847706,31190,0.0327148,0
1258,59876827,29121,0.0449219,0
1259,59908615,31788,0.0327148,0
1260,59941458,32843,0.0488281,0
1261,60018644,77186,0.0688477,0
1262,60067655,49011,0.0180664,0
1263,60125485,57830,0.0439453,0
1264,60179477,53992,0.0463867,0
1265,60217449,37972,0.0332031,0
1266,60271866,54417,0.0595703,0
1267,60313337,41471,0.0444336,0
1268,60339846,26509,0.0151367,0
1269,60383862,44016,0.0654297,0
1270,60426627,42765,0.0234375,0
1271,60466015,39388,0.0717773,0
1272,60507039,41024,0.0288086,0
1273,60533947,26908,0.019043,0
1274,60579921,45974,0.0488281,0
1275,60614793,34872,0.0517578,0
1276,60658114,43321,0.0458984,0
1277,60686446,28332,0.0361328,0
1278,60721332,34886,0.0219727,0
1279,60751260,29928,0.0336914,0
1280,60780397,29137,0.0405273,0
1281,60820032,39635,0.0224609,0
1282,60865527,45495,0.0454102,0
1283,60901168,35641,0.0375977,0
1284,60938711,37543,0.0444336,0
1285,60976659,37948,0.0400391,0
1286,61005186,28527,0.0205078,0
1287,61045196,40010,0.046875,0
1288,61063904,18708,0.271484,0
1289,61276913,213009,0.438965,0
1290,61402783,125870,0.131348,0
1291,61464140,61357,0.0786133,0
1292,61539659,75519,0.0751953,0
1293,61649198,109539,0.0976562,0
1294,61693999,44801,0.0405273,0
1295,61760839,66840,0.0512695,0
1296,61831969,71130,0.0419922,0
1297,61865380,33411,0.0219727,0
1298,61898436,33056,0.0126953,0
1299,61944601,46165,0.0205078,0
1300,61971681,27080,0.0112305,0
1301,62008017,36336,0.00927734,0
1302,62076601,68584,0.0371094,0
1303,62132049,55448,0.0185547,0
1304,62160266,28217,0.012207,0
1305,62192712,32446,0.0283203,0
1306,62226268,33556,0.00878906,0
1307,62267803,41535,0.0209961,0
1308,62291049,23246,0.0146484,0
1309,62306492,15443,0.0166016,0
1310,62369600,63108,0.034668,0
1311,62395128,25528,0.0341797,0
1312,62437758,42630,0.0488281,0
1313,62469943,32185,0.046875,0
1314,62528649,58706,0.0727539,0
1315,62571321,42672,0.0576172,0
1316,62611825,40504,0.0136719,0
1317,62668395,56570,0.0498047,0
1318,62706686,38291,0.0317383,0
1319,62732324,25638,0.0263672,0
1320,62781931,49607,0.0327148,0
1321,62812415,30484,0.0249023,0
1322,62832572,20157,0.0170898,0
1323,62856326,23754,0.0112305,0
1324,62900297,43971,0.0107422,0
1325,62963732,63435,0.0185547,0
1326,62987223,23491,0.00732422,0
1327,63016450,29227,0.015625,0
1328,63042524,26074,0.0517578,0
1329,63073438,30914,0.0546875,0
1330,63117992,44554,0.0654297,0
1331,63157719,39727,0.0263672,0
1332,63199312,41593,0.0302734,0
1333,63249574,50262,0.0371094,0
1334,63315071,65497,0.0424805,0
1335,63342229,27158,0.0146484,0
1336,63426278,84049,0.0395508,0
1337,63459941,33663,0.046875,0
1338,63500956,41015,0.0336914,0
1339,63556539,55583,0.0327148,0
1340,63577647,21108,0.0234375,0
1341,63640082,62435,0.0429688,0
1342,63669618,29536,0.0219727,0
1343,63694297,24679,0.0253906,0
1344,63733993,39696,0.0239258,0
1345,63757965,23972,0.0185547,0
1346,63795332,37367,0.0522461,0
1347,63847618,52286,0.0273438,0
1348,63874447,26829,0.0185547,0
1349,63926656,52209,0.0307617,0
1350,63955285,28629,0.0361328,0
1351,64014095,58810,0.0263672,0
1352,64022748,8653,0.188965,0
1353,64191718,168970,0.451172,0
1354,64353420,161702,0.20459,0
1355,64420356,66936,0.0703125,0
1356,64494044,73688,0.0742188,0
1357,64577025,82981,0.0751953,0
1358,64679736,102711,0.0927734,0
1359,64778358,98622,0.0737305,0
1360,64824781,46423,0.0209961,0
1361,64888706,63925,0.0727539,0
1362,64952672,63966,0.0361328,0
1363,65018908,66236,0.0332031,0
1364,65048230,29322,0.0078125,0
1365,65068290,20060,0.00683594,0
1366,65139035,70745,0.0180664,0
1367,65185459,46424,0.0175781,0
1368,65220351,34892,0.0166016,0
1369,65268865,48514,0.0244141,0
1370,65305156,36291,0.0161133,0
1371,65341319,36163,0.0385742,0
1372,65370013,28694,0.0117188,0
1373,65394077,24064,0.0209961,0
1374,65417466,23389,0.0170898,0
1375,65434480,17014,0.00634766,0
1376,65480891,46411,0.0336914,0
1377,65523593,42702,0.0390625,0
1378,65565409,41816,0.00976562,0
1379,65622733,57324,0.0371094,0
1380,65654704,31971,0.0126953,0
1381,65710030,55326,0.0541992,0
1382,65735009,24979,0.0205078,0
1383,65747426,12417,0.00976562,0
1384,65775833,28407,0.0268555,0
1385,65812299,36466,0.0224609,0
1386,65851599,39300,0.0458984,0
1387,65918942,67343,0.0742188,0
1388,65934771,15829,0.0131836,0
1389,65988040,53269,0.0195312,0
1390,66018160,30120,0.019043,0
1391,66048320,30160,0.019043,0
1392,66092196,43876,0.0263672,0
1393,66123365,31169,0.0288086,0
1394,66150620,27255,0.0302734,0
1395,66186212,35592,0.0498047,0
1396,66242211,55999,0.0385742,0
1397,66277447,35236,0.0263672,0
1398,66322429,44982,0.0302734,0
1399,66360925,38496,0.0595703,0
1400,66394477,33552,0.0283203,0
1401,66428797,34320,0.0288086,0
1402,66481102,52305,0.050293,0
1403,66512615,31513,0.0283203,0
1404,66550630,38015,0.0268555,0
1405,66571086,20456,0.0112305,0
1406,66636477,65391,0.0605469,0
1407,66660812,24335,0.0117188,0
1408,66702559,41747,0.0380859,0
1409,66726558,23999,0.0385742,0
1410,66781673,55115,0.0703125,0
1411,66811306,29633,0.0429688,0
1412,66879098,67792,0.0400391,0
1413,66923894,44796,0.0253906,0
1414,66974366,50472,0.0332031,0
1415,67023836,49470,0.0327148,0
1416,67071634,47798,0.0371094,0
1417,67122618,50984,0.0292969,0
