checkpoints,cycle count,last checkpoint,dirty ratio,cause
1,117445,117445,0.407227,0
2,152231,34786,0.0581055,0
3,159202,6971,0.012207,0
4,189720,30518,0.0498047,0
5,223046,33326,0.0522461,0
6,338964,115918,0.141113,0
7,342066,3102,0.00439453,0
8,345790,3724,0.00585938,0
9,384455,38665,0.0419922,0
10,412328,27873,0.0322266,0
11,552325,139997,0.138672,0
12,559896,7571,0.0078125,0
13,575075,15179,0.019043,0
14,601571,26496,0.0258789,0
15,606506,4935,0.00830078,0
16,670018,63512,0.0585938,0
17,698792,28774,0.0288086,0
18,718101,19309,0.0185547,0
19,760580,42479,0.0361328,0
20,775269,14689,0.0180664,0
21,822909,47640,0.0395508,0
22,856532,33623,0.012207,0
23,888629,32097,0.0283203,0
24,910023,21394,0.0102539,0
25,913300,3277,0.00585938,0
26,919888,6588,0.0151367,0
27,935782,15894,0.0126953,0
28,963616,27834,0.0366211,0
29,991368,27752,0.0112305,0
30,1033304,41936,0.0141602,0
31,1054548,21244,0.0332031,0
32,1058532,3984,0.00830078,0
33,1061649,3117,0.00390625,0
34,1092618,30969,0.00830078,0
35,1117289,24671,0.00683594,0
36,1136729,19440,0.00634766,0
37,1148034,11305,0.00537109,0
38,1160217,12183,0.00537109,0
39,1184967,24750,0.0112305,0
40,1211368,26401,0.0209961,0
41,1229139,17771,0.0131836,0
42,1270557,41418,0.0102539,0
43,1311890,41333,0.0136719,0
44,1381632,69742,0.0356445,0
45,1397219,15587,0.0102539,0
46,1421227,24008,0.00683594,0
47,1452135,30908,0.00830078,0
48,1466475,14340,0.00585938,0
49,1485155,18680,0.00634766,0
50,1495679,10524,0.00927734,0
51,1507720,12041,0.00976562,0
52,1540933,33213,0.0185547,0
53,1577503,36570,0.0493164,0
54,1607777,30274,0.0214844,0
55,1628366,20589,0.0170898,0
56,1667463,39097,0.0410156,0
57,1702600,35137,0.0292969,0
58,1733061,30461,0.0302734,0
59,1781426,48365,0.0273438,0
60,1836053,54627,0.0117188,0
61,1866067,30014,0.0253906,0
62,1885795,19728,0.0239258,0
63,1893788,7993,0.012207,0
64,1926213,32425,0.0493164,0
65,1942915,16702,0.0288086,0
66,1992808,49893,0.0649414,0
67,2005418,12610,0.015625,0
68,2028228,22810,0.0136719,0
69,2064566,36338,0.0371094,0
70,2097085,32519,0.0126953,0
71,2133036,35951,0.00878906,0
72,2152946,19910,0.00683594,0
73,2171529,18583,0.00634766,0
74,2208970,37441,0.00976562,0
75,2231755,22785,0.0112305,0
76,2251415,19660,0.0175781,0
77,2255284,3869,0.0078125,0
78,2260445,5161,0.00878906,0
79,2267723,7278,0.00439453,0
80,2290043,22320,0.0112305,0
81,2300239,10196,0.00537109,0
82,2347698,47459,0.0219727,0
83,2400216,52518,0.0532227,0
84,2443535,43319,0.0844727,0
85,2495179,51644,0.0742188,0
86,2537426,42247,0.0400391,0
87,2556261,18835,0.0297852,0
88,2559794,3533,0.00830078,0
89,2578371,18577,0.00585938,0
90,2594505,16134,0.0131836,0
91,2618189,23684,0.0112305,0
92,2673262,55073,0.0332031,0
93,2691745,18483,0.0341797,0
94,2711160,19415,0.0307617,0
95,2744819,33659,0.0263672,0
96,2771705,26886,0.0219727,0
97,2788648,16943,0.0136719,0
98,2834292,45644,0.0708008,0
99,2861945,27653,0.0400391,0
100,2877138,15193,0.0102539,0
101,2929682,52544,0.0419922,0
102,2962514,32832,0.0161133,0
103,2999971,37457,0.0170898,0
104,3031376,31405,0.0297852,0
105,3035699,4323,0.0117188,0
106,3049606,13907,0.0131836,0
107,3056283,6677,0.015625,0
108,3100757,44474,0.0512695,0
109,3173117,72360,0.0625,0
110,3200389,27272,0.0180664,0
111,3226287,25898,0.0351562,0
112,3251870,25583,0.0317383,0
113,3279402,27532,0.0283203,0
114,3291078,11676,0.0161133,0
115,3324574,33496,0.019043,0
116,3372817,48243,0.0732422,0
117,3393405,20588,0.0249023,0
118,3419020,25615,0.0117188,0
119,3448154,29134,0.019043,0
120,3501954,53800,0.078125,0
121,3535471,33517,0.0390625,0
122,3565152,29681,0.0297852,0
123,3612819,47667,0.0395508,0
124,3632667,19848,0.0244141,0
125,3648808,16141,0.0234375,0
126,3659132,10324,0.0126953,0
127,3686751,27619,0.0400391,0
128,3716725,29974,0.0297852,0
129,3733146,16421,0.0327148,0
130,3751520,18374,0.0200195,0
131,3759368,7848,0.00439453,0
132,3771454,12086,0.0200195,0
133,3787705,16251,0.0136719,0
134,3813127,25422,0.0336914,0
135,3840650,27523,0.0356445,0
136,3878280,37630,0.0283203,0
137,3896056,17776,0.0229492,0
138,3900890,4834,0.0117188,0
139,3928853,27963,0.0390625,0
140,3982367,53514,0.0327148,0
141,3995586,13219,0.0200195,0
142,3996087,501,0.00390625,0
143,3996363,276,0.00390625,0
144,3996639,276,0.00390625,0
145,3997187,548,0.0131836,0
146,3997590,403,0.00390625,0
147,3997866,276,0.00390625,0
148,3998269,403,0.0161133,0
149,3998720,451,0.00390625,0
150,3999480,760,0.0307617,0
151,4000735,1255,0.0297852,0
152,4002049,1314,0.0292969,0
153,4003091,1042,0.0263672,0
154,4089519,86428,0.361816,0
155,4099953,10434,0.0180664,0
156,4106435,6482,0.015625,0
157,4114874,8439,0.019043,0
158,4129149,14275,0.0292969,0
159,4166355,37206,0.0668945,0
160,4174092,7737,0.0117188,0
161,4327072,152980,0.206055,0
162,4433898,106826,0.109863,0
163,4463863,29965,0.0351562,0
164,4479730,15867,0.0151367,0
165,4481237,1507,0.00439453,0
166,4490175,8938,0.00927734,0
167,4529925,39750,0.0356445,0
168,4548566,18641,0.0219727,0
169,4565807,17241,0.0102539,0
170,4579525,13718,0.00976562,0
171,4641951,62426,0.0654297,0
172,4661077,19126,0.0214844,0
173,4668525,7448,0.00878906,0
174,4672394,3869,0.00537109,0
175,4676079,3685,0.00537109,0
176,4680033,3954,0.00634766,0
177,4683800,3767,0.00537109,0
178,4687567,3767,0.00537109,0
179,4694490,6923,0.0078125,0
180,4698782,4292,0.00634766,0
181,4702248,3466,0.00439453,0
182,4706039,3791,0.00537109,0
183,4713498,7459,0.0117188,0
184,4733769,20271,0.0214844,0
185,4768890,35121,0.0327148,0
186,4851350,82460,0.0727539,0
187,4881175,29825,0.0200195,0
188,4903449,22274,0.0107422,0
189,4942659,39210,0.0493164,0
190,4978308,35649,0.0258789,0
191,5024577,46269,0.0102539,0
192,5026875,2298,0.00390625,0
193,5051165,24290,0.00683594,0
194,5059578,8413,0.00488281,0
195,5069859,10281,0.00488281,0
196,5093227,23368,0.00732422,0
197,5103628,10401,0.0151367,0
198,5126568,22940,0.00732422,0
199,5155578,29010,0.0146484,0
200,5174095,18517,0.00634766,0
201,5209520,35425,0.015625,0
202,5241247,31727,0.012207,0
203,5286699,45452,0.0458984,0
204,5312884,26185,0.0292969,0
205,5355463,42579,0.0170898,0
206,5373044,17581,0.0131836,0
207,5391221,18177,0.0102539,0
208,5441539,50318,0.0117188,0
209,5448140,6601,0.00439453,0
210,5481931,33791,0.0249023,0
211,5500201,18270,0.0166016,0
212,5520592,20391,0.0263672,0
213,5533399,12807,0.00927734,0
214,5552042,18643,0.0131836,0
215,5575967,23925,0.0117188,0
216,5639220,63253,0.0234375,0
217,5692729,53509,0.0166016,0
218,5727011,34282,0.0131836,0
219,5768910,41899,0.0737305,0
220,5805265,36355,0.043457,0
221,5834535,29270,0.0336914,0
222,5837063,2528,0.00537109,0
223,5849408,12345,0.015625,0
224,5857927,8519,0.012207,0
225,5913249,55322,0.0649414,0
226,5920691,7442,0.00878906,0
227,5943790,23099,0.0244141,0
228,5972723,28933,0.0273438,0
229,5978799,6076,0.00830078,0
230,5984152,5353,0.0117188,0
231,6017626,33474,0.0371094,0
232,6030537,12911,0.0185547,0
233,6092271,61734,0.059082,0
234,6116154,23883,0.0136719,0
235,6162667,46513,0.0454102,0
236,6176068,13401,0.00976562,0
237,6211265,35197,0.0126953,0
238,6245410,34145,0.0131836,0
239,6253815,8405,0.00488281,0
240,6285953,32138,0.00830078,0
241,6300649,14696,0.00634766,0
242,6329661,29012,0.012207,0
243,6390656,60995,0.0214844,0
244,6404913,14257,0.00976562,0
245,6435334,30421,0.0219727,0
246,6470003,34669,0.00878906,0
247,6477446,7443,0.012207,0
248,6510305,32859,0.0483398,0
249,6530837,20532,0.0371094,0
250,6560357,29520,0.019043,0
251,6588230,27873,0.0380859,0
252,6616889,28659,0.0351562,0
253,6662693,45804,0.027832,0
254,6677809,15116,0.0131836,0
255,6695966,18157,0.0268555,0
256,6733242,37276,0.0283203,0
257,6753906,20664,0.0112305,0
258,6827207,73301,0.0229492,0
259,6851062,23855,0.0185547,0
260,6890745,39683,0.03125,0
261,6903498,12753,0.0195312,0
262,6930776,27278,0.0356445,0
263,6952335,21559,0.0107422,0
264,6976379,24044,0.0151367,0
265,7007913,31534,0.0161133,0
266,7020003,12090,0.019043,0
267,7042758,22755,0.0170898,0
268,7080085,37327,0.0419922,0
269,7124395,44310,0.0488281,0
270,7152093,27698,0.0234375,0
271,7213697,61604,0.0703125,0
272,7247444,33747,0.0336914,0
273,7298060,50616,0.0385742,0
274,7338458,40398,0.0292969,0
275,7365699,27241,0.0292969,0
276,7366327,628,0.00390625,0
277,7366603,276,0.00390625,0
278,7366879,276,0.00390625,0
279,7367435,556,0.0131836,0
280,7367838,403,0.00390625,0
281,7368114,276,0.00390625,0
282,7368517,403,0.0161133,0
283,7368968,451,0.00390625,0
284,7369929,961,0.0395508,0
285,7371310,1381,0.0297852,0
286,7372624,1314,0.0292969,0
287,7373666,1042,0.0263672,0
288,7374851,1185,0.0297852,0
289,7376165,1314,0.0292969,0
290,7377207,1042,0.0263672,0
291,7378422,1215,0.0327148,0
292,7379778,1356,0.0292969,0
293,7380820,1042,0.0263672,0
294,7382005,1185,0.0297852,0
295,7383441,1436,0.0805664,0
296,7447149,63708,0.321289,0
297,7462889,15740,0.034668,0
298,7534425,71536,0.136719,0
299,7543720,9295,0.015625,0
300,7564331,20611,0.0327148,0
301,7745105,180774,0.211426,0
302,7781151,36046,0.0263672,0
303,7824835,43684,0.0556641,0
304,7844615,19780,0.0219727,0
305,7850889,6274,0.0117188,0
306,7863839,12950,0.00927734,0
307,7893858,30019,0.0351562,0
308,7903310,9452,0.00878906,0
309,7991859,88549,0.0913086,0
310,8045118,53259,0.0561523,0
311,8048301,3183,0.00537109,0
312,8081760,33459,0.0317383,0
313,8197366,115606,0.0957031,0
314,8209217,11851,0.00927734,0
315,8213626,4409,0.00878906,0
316,8249167,35541,0.0322266,0
317,8283761,34594,0.0180664,0
318,8286416,2655,0.00537109,0
319,8299980,13564,0.019043,0
320,8334021,34041,0.0322266,0
321,8365701,31680,0.03125,0
322,8408111,42410,0.0361328,0
323,8418735,10624,0.012207,0
324,8442438,23703,0.0209961,0
325,8446464,4026,0.00634766,0
326,8462051,15587,0.0141602,0
327,8479251,17200,0.0102539,0
328,8510710,31459,0.0117188,0
329,8526209,15499,0.0224609,0
330,8541684,15475,0.00585938,0
331,8547889,6205,0.00878906,0
332,8557349,9460,0.0151367,0
333,8577727,20378,0.00634766,0
334,8611380,33653,0.00878906,0
335,8619778,8398,0.00439453,0
336,8642191,22413,0.00732422,0
337,8654160,11969,0.00537109,0
338,8686822,32662,0.00830078,0
339,8725932,39110,0.00976562,0
340,8742737,16805,0.00585938,0
341,8769289,26552,0.0078125,0
342,8774272,4983,0.00830078,0
343,8827671,53399,0.0117188,0
344,8853378,25707,0.00732422,0
345,8875727,22349,0.00732422,0
346,8897747,22020,0.0141602,0
347,8932902,35155,0.00878906,0
348,8963916,31014,0.0112305,0
349,8982574,18658,0.0112305,0
350,9012653,30079,0.0126953,0
351,9058974,46321,0.0249023,0
352,9072855,13881,0.00927734,0
353,9104609,31754,0.0258789,0
354,9125985,21376,0.046875,0
355,9141853,15868,0.0297852,0
356,9157734,15881,0.0263672,0
357,9161705,3971,0.0107422,0
358,9181624,19919,0.0200195,0
359,9200024,18400,0.0102539,0
360,9212302,12278,0.0185547,0
361,9237380,25078,0.00732422,0
362,9258394,21014,0.0170898,0
363,9297097,38703,0.0161133,0
364,9333917,36820,0.0214844,0
365,9345870,11953,0.0126953,0
366,9352022,6152,0.0141602,0
367,9355324,3302,0.00634766,0
368,9362730,7406,0.0141602,0
369,9369734,7004,0.00830078,0
370,9377928,8194,0.015625,0
371,9386524,8596,0.0161133,0
372,9406566,20042,0.0297852,0
373,9423260,16694,0.019043,0
374,9464797,41537,0.0166016,0
375,9492237,27440,0.0078125,0
376,9531268,39031,0.0200195,0
377,9540554,9286,0.019043,0
378,9563364,22810,0.0366211,0
379,9583888,20524,0.0268555,0
380,9620471,36583,0.0351562,0
381,9662460,41989,0.0253906,0
382,9678241,15781,0.00976562,0
383,9747268,69027,0.0253906,0
384,9798587,51319,0.0224609,0
385,9813749,15162,0.0136719,0
386,9837023,23274,0.043457,0
387,9892925,55902,0.0200195,0
388,9919610,26685,0.0185547,0
389,9947587,27977,0.0253906,0
390,9953977,6390,0.0117188,0
391,9992279,38302,0.0537109,0
392,10002871,10592,0.00878906,0
393,10067794,64923,0.0683594,0
394,10125950,58156,0.0859375,0
395,10129242,3292,0.00537109,0
396,10138473,9231,0.012207,0
397,10142866,4393,0.00830078,0
398,10161989,19123,0.0136719,0
399,10194998,33009,0.0219727,0
400,10236948,41950,0.0385742,0
401,10264004,27056,0.015625,0
402,10300261,36257,0.0234375,0
403,10334196,33935,0.0234375,0
404,10382750,48554,0.0439453,0
405,10393289,10539,0.00488281,0
406,10419642,26353,0.0517578,0
407,10427137,7495,0.0219727,0
408,10460914,33777,0.0585938,0
409,10478698,17784,0.0136719,0
410,10523696,44998,0.03125,0
411,10556805,33109,0.015625,0
412,10584306,27501,0.015625,0
413,10620618,36312,0.046875,0
414,10685866,65248,0.0825195,0
415,10702457,16591,0.0268555,0
416,10745255,42798,0.03125,0
417,10774145,28890,0.0317383,0
418,10815733,41588,0.0166016,0
419,10892471,76738,0.09375,0
420,10929252,36781,0.0234375,0
421,10944743,15491,0.0102539,0
422,10972455,27712,0.0180664,0
423,11017617,45162,0.0678711,0
424,11045058,27441,0.0200195,0
425,11065747,20689,0.0214844,0
426,11109967,44220,0.0405273,0
427,11131508,21541,0.0175781,0
428,11142791,11283,0.0234375,0
429,11175272,32481,0.0258789,0
430,11198568,23296,0.0117188,0
431,11219282,20714,0.0317383,0
432,11248919,29637,0.0307617,0
433,11271303,22384,0.0136719,0
434,11285967,14664,0.0302734,0
435,11315032,29065,0.0239258,0
436,11332626,17594,0.0234375,0
437,11339484,6858,0.015625,0
438,11359775,20291,0.0166016,0
439,11364369,4594,0.0117188,0
440,11394745,30376,0.0395508,0
441,11451582,56837,0.0366211,0
442,11480636,29054,0.0297852,0
443,11481265,629,0.00390625,0
444,11481541,276,0.00390625,0
445,11481817,276,0.00390625,0
446,11482365,548,0.0131836,0
447,11482768,403,0.00390625,0
448,11483044,276,0.00390625,0
449,11483447,403,0.0161133,0
450,11483898,451,0.00390625,0
451,11484834,936,0.0375977,0
452,11486187,1353,0.0297852,0
453,11487501,1314,0.0292969,0
454,11488543,1042,0.0263672,0
455,11489728,1185,0.0297852,0
456,11491024,1296,0.0288086,0
457,11492244,1220,0.0297852,0
458,11493588,1344,0.0322266,0
459,11494672,1084,0.0263672,0
460,11495777,1105,0.0263672,0
461,11566001,70224,0.342285,0
462,11638741,72740,0.133301,0
463,11840928,202187,0.250488,0
464,11848410,7482,0.00634766,0
465,11912052,63642,0.0751953,0
466,11981310,69258,0.0708008,0
467,11985515,4205,0.00439453,0
468,12025073,39558,0.0415039,0
469,12040287,15214,0.015625,0
470,12045273,4986,0.00976562,0
471,12094824,49551,0.0424805,0
472,12117783,22959,0.0253906,0
473,12132247,14464,0.015625,0
474,12167171,34924,0.0126953,0
475,12176120,8949,0.00878906,0
476,12192841,16721,0.0229492,0
477,12215479,22638,0.0107422,0
478,12251596,36117,0.0634766,0
479,12274277,22681,0.0161133,0
480,12296570,22293,0.0107422,0
481,12314912,18342,0.0166016,0
482,12374855,59943,0.0541992,0
483,12412556,37701,0.0161133,0
484,12427904,15348,0.00585938,0
485,12455207,27303,0.00732422,0
486,12465821,10614,0.00537109,0
487,12479935,14114,0.00537109,0
488,12510578,30643,0.0185547,0
489,12534089,23511,0.0112305,0
490,12565925,31836,0.00830078,0
491,12611569,45644,0.0107422,0
492,12619667,8098,0.00878906,0
493,12691720,72053,0.0151367,0
494,12735640,43920,0.0429688,0
495,12774000,38360,0.0483398,0
496,12782477,8477,0.00878906,0
497,12841643,59166,0.0698242,0
498,12881862,40219,0.0258789,0
499,12917535,35673,0.0161133,0
500,12919221,1686,0.00537109,0
501,12925112,5891,0.0117188,0
502,12941609,16497,0.00976562,0
503,12944003,2394,0.00537109,0
504,12969975,25972,0.0209961,0
505,12982929,12954,0.00976562,0
506,12999745,16816,0.0166016,0
507,13004865,5120,0.00537109,0
508,13037315,32450,0.00878906,0
509,13068574,31259,0.012207,0
510,13120262,51688,0.0341797,0
511,13149755,29493,0.03125,0
512,13172074,22319,0.0263672,0
513,13212277,40203,0.0170898,0
514,13277856,65579,0.0585938,0
515,13310118,32262,0.0253906,0
516,13336529,26411,0.0078125,0
517,13349126,12597,0.0161133,0
518,13370760,21634,0.0141602,0
519,13396261,25501,0.0141602,0
520,13415867,19606,0.0234375,0
521,13456715,40848,0.0395508,0
522,13465583,8868,0.00488281,0
523,13479514,13931,0.0126953,0
524,13498997,19483,0.0239258,0
525,13527529,28532,0.0410156,0
526,13556298,28769,0.0219727,0
527,13561655,5357,0.00439453,0
528,13596045,34390,0.00878906,0
529,13633623,37578,0.0170898,0
530,13659296,25673,0.0478516,0
531,13698940,39644,0.0527344,0
532,13717685,18745,0.0200195,0
533,13744852,27167,0.0151367,0
534,13803596,58744,0.0205078,0
535,13840563,36967,0.0258789,0
536,13851088,10525,0.0166016,0
537,13877659,26571,0.012207,0
538,13895565,17906,0.0102539,0
539,13951608,56043,0.0356445,0
540,13976612,25004,0.0551758,0
541,14012574,35962,0.0498047,0
542,14048212,35638,0.0263672,0
543,14097419,49207,0.0341797,0
544,14129680,32261,0.0351562,0
545,14147114,17434,0.0273438,0
546,14176139,29025,0.0390625,0
547,14199571,23432,0.0317383,0
548,14244514,44943,0.027832,0
549,14279072,34558,0.0327148,0
550,14308827,29755,0.0292969,0
551,14319659,10832,0.0126953,0
552,14342578,22919,0.0263672,0
553,14388885,46307,0.0302734,0
554,14412393,23508,0.0297852,0
555,14451395,39002,0.0595703,0
556,14486118,34723,0.0400391,0
557,14509078,22960,0.0107422,0
558,14529217,20139,0.0400391,0
559,14556019,26802,0.0234375,0
560,14568562,12543,0.0166016,0
561,14607893,39331,0.043457,0
562,14623111,15218,0.0327148,0
563,14637694,14583,0.0219727,0
564,14689147,51453,0.0317383,0
565,14730389,41242,0.0283203,0
566,14749217,18828,0.0141602,0
567,14749609,392,0.0136719,0
568,14750037,428,0.00390625,0
569,14750313,276,0.00390625,0
570,14750589,276,0.00390625,0
571,14751137,548,0.0131836,0
572,14751540,403,0.00390625,0
573,14751816,276,0.00390625,0
574,14752219,403,0.0161133,0
575,14752670,451,0.00390625,0
576,14753353,683,0.0273438,0
577,14754479,1126,0.0263672,0
578,14762657,8178,0.178711,0
579,14955798,193141,0.422363,0
580,15118457,162659,0.181641,0
581,15148018,29561,0.0317383,0
582,15164759,16741,0.0131836,0
583,15189029,24270,0.0385742,0
584,15199825,10796,0.0131836,0
585,15213076,13251,0.0146484,0
586,15220522,7446,0.00976562,0
587,15227349,6827,0.0107422,0
588,15254686,27337,0.0258789,0
589,15260271,5585,0.00830078,0
590,15281518,21247,0.0107422,0
591,15349230,67712,0.0786133,0
592,15359075,9845,0.00878906,0
593,15376852,17777,0.019043,0
594,15401136,24284,0.0283203,0
595,15410327,9191,0.00878906,0
596,15414390,4063,0.00537109,0
597,15418229,3839,0.00537109,0
598,15451581,33352,0.012207,0
599,15486599,35018,0.0288086,0
600,15497214,10615,0.00927734,0
601,15547699,50485,0.043457,0
602,15569204,21505,0.0268555,0
603,15600298,31094,0.0375977,0
604,15627676,27378,0.0239258,0
605,15641735,14059,0.0219727,0
606,15656175,14440,0.00976562,0
607,15695934,39759,0.0395508,0
608,15712762,16828,0.00585938,0
609,15732356,19594,0.00634766,0
610,15752755,20399,0.00634766,0
611,15754646,1891,0.00390625,0
612,15782158,27512,0.0078125,0
613,15829341,47183,0.0273438,0
614,15856511,27170,0.0117188,0
615,15879190,22679,0.00683594,0
616,15915501,36311,0.00927734,0
617,15955358,39857,0.0136719,0
618,15976052,20694,0.0175781,0
619,15991407,15355,0.0131836,0
620,16030714,39307,0.00976562,0
621,16044993,14279,0.00976562,0
622,16090971,45978,0.0146484,0
623,16092205,1234,0.00537109,0
624,16100294,8089,0.00878906,0
625,16162346,62052,0.0253906,0
626,16179837,17491,0.0200195,0
627,16186843,7006,0.00976562,0
628,16230447,43604,0.0375977,0
629,16249932,19485,0.0131836,0
630,16312795,62863,0.0332031,0
631,16362992,50197,0.019043,0
632,16384805,21813,0.0141602,0
633,16415488,30683,0.0288086,0
634,16435375,19887,0.0405273,0
635,16448029,12654,0.0126953,0
636,16465994,17965,0.0351562,0
637,16495619,29625,0.0341797,0
638,16515905,20286,0.0175781,0
639,16590535,74630,0.0849609,0
640,16631445,40910,0.0400391,0
641,16643886,12441,0.0126953,0
642,16665437,21551,0.0102539,0
643,16716819,51382,0.0161133,0
644,16745166,28347,0.015625,0
645,16775558,30392,0.0292969,0
646,16781691,6133,0.0117188,0
647,16813182,31491,0.0131836,0
648,16856709,43527,0.0864258,0
649,16873563,16854,0.0102539,0
650,16903565,30002,0.0219727,0
651,16909773,6208,0.0117188,0
652,16947478,37705,0.0458984,0
653,16964748,17270,0.0166016,0
654,17019799,55051,0.0615234,0
655,17047705,27906,0.0117188,0
656,17079228,31523,0.00830078,0
657,17129282,50054,0.0209961,0
658,17154058,24776,0.0180664,0
659,17161575,7517,0.012207,0
660,17199452,37877,0.0541992,0
661,17212954,13502,0.0161133,0
662,17228870,15916,0.0336914,0
663,17281118,52248,0.0322266,0
664,17311423,30305,0.046875,0
665,17329536,18113,0.0273438,0
666,17384479,54943,0.0380859,0
667,17420260,35781,0.0371094,0
668,17441683,21423,0.0209961,0
669,17470540,28857,0.0288086,0
670,17487259,16719,0.0136719,0
671,17500669,13410,0.0131836,0
672,17521738,21069,0.0380859,0
673,17528518,6780,0.012207,0
674,17565411,36893,0.0361328,0
675,17602884,37473,0.0258789,0
676,17636480,33596,0.0297852,0
677,17661823,25343,0.0458984,0
678,17697527,35704,0.0268555,0
679,17724506,26979,0.0205078,0
680,17775645,51139,0.0385742,0
681,17788851,13206,0.0161133,0
682,17825340,36489,0.0356445,0
683,17862288,36948,0.0395508,0
684,17894152,31864,0.0302734,0
685,17922651,28499,0.0161133,0
686,17925622,2971,0.0161133,0
687,17926085,463,0.00390625,0
688,17926361,276,0.00390625,0
689,17926637,276,0.00390625,0
690,17927185,548,0.0131836,0
691,17927588,403,0.00390625,0
692,17927864,276,0.00390625,0
693,17928267,403,0.0161133,0
694,17928718,451,0.00390625,0
695,17929631,913,0.0366211,0
696,17930970,1339,0.0297852,0
697,17932284,1314,0.0292969,0
698,17933326,1042,0.0263672,0
699,17934511,1185,0.0297852,0
700,17935825,1314,0.0292969,0
701,17936867,1042,0.0263672,0
702,17938082,1215,0.0317383,0
703,17939406,1324,0.0288086,0
704,18041066,101660,0.383789,0
705,18123989,82923,0.143555,0
706,18135632,11643,0.0180664,0
707,18262049,126417,0.148438,0
708,18321515,59466,0.0727539,0
709,18328748,7233,0.0117188,0
710,18363143,34395,0.0375977,0
711,18369677,6534,0.00830078,0
712,18402251,32574,0.0341797,0
713,18478540,76289,0.0727539,0
714,18516465,37925,0.0424805,0
715,18544093,27628,0.0258789,0
716,18561782,17689,0.0102539,0
717,18571292,9510,0.012207,0
718,18573503,2211,0.00537109,0
719,18575333,1830,0.00537109,0
720,18637360,62027,0.0639648,0
721,18683169,45809,0.0366211,0
722,18693922,10753,0.00878906,0
723,18712667,18745,0.0102539,0
724,18746215,33548,0.0454102,0
725,18768698,22483,0.0214844,0
726,18786017,17319,0.0185547,0
727,18832191,46174,0.0302734,0
728,18868880,36689,0.0302734,0
729,18892797,23917,0.0170898,0
730,18898785,5988,0.00830078,0
731,18930948,32163,0.015625,0
732,18938141,7193,0.00830078,0
733,18958215,20074,0.0200195,0
734,18985169,26954,0.00732422,0
735,19004008,18839,0.00634766,0
736,19015224,11216,0.00537109,0
737,19051499,36275,0.0322266,0
738,19064785,13286,0.015625,0
739,19081540,16755,0.00976562,0
740,19095015,13475,0.00976562,0
741,19134655,39640,0.0380859,0
742,19175189,40534,0.0166016,0
743,19195036,19847,0.00683594,0
744,19298608,103572,0.0200195,0
745,19315228,16620,0.0102539,0
746,19352074,36846,0.0170898,0
747,19377596,25522,0.0209961,0
748,19396352,18756,0.0141602,0
749,19436686,40334,0.0205078,0
750,19477973,41287,0.00976562,0
751,19487546,9573,0.00878906,0
752,19495475,7929,0.00927734,0
753,19507400,11925,0.0288086,0
754,19545704,38304,0.0361328,0
755,19560935,15231,0.0166016,0
756,19589290,28355,0.0205078,0
757,19599187,9897,0.0151367,0
758,19622396,23209,0.0268555,0
759,19655210,32814,0.0126953,0
760,19709389,54179,0.012207,0
761,19746949,37560,0.03125,0
762,19766771,19822,0.0107422,0
763,19779004,12233,0.00537109,0
764,19794295,15291,0.00976562,0
765,19823558,29263,0.0498047,0
766,19843833,20275,0.0205078,0
767,19891338,47505,0.0214844,0
768,19934912,43574,0.0234375,0
769,19951859,16947,0.0102539,0
770,19989306,37447,0.0302734,0
771,20000902,11596,0.00488281,0
772,20013907,13005,0.0161133,0
773,20078240,64333,0.059082,0
774,20087478,9238,0.00439453,0
775,20119761,32283,0.0166016,0
776,20149205,29444,0.0322266,0
777,20178163,28958,0.0209961,0
778,20235935,57772,0.0478516,0
779,20272979,37044,0.0200195,0
780,20320123,47144,0.065918,0
781,20356189,36066,0.0566406,0
782,20404396,48207,0.0180664,0
783,20456117,51721,0.0385742,0
784,20471005,14888,0.0200195,0
785,20504285,33280,0.0415039,0
786,20540273,35988,0.0585938,0
787,20559394,19121,0.0258789,0
788,20600286,40892,0.0317383,0
789,20631464,31178,0.0273438,0
790,20659830,28366,0.015625,0
791,20674992,15162,0.0273438,0
792,20703424,28432,0.0209961,0
793,20733329,29905,0.0126953,0
794,20755707,22378,0.0146484,0
795,20763747,8040,0.0224609,0
796,20778773,15026,0.0200195,0
797,20797666,18893,0.0205078,0
798,20826684,29018,0.0327148,0
799,20869325,42641,0.0351562,0
800,20879740,10415,0.0224609,0
801,20900268,20528,0.0166016,0
802,20904761,4493,0.00830078,0
803,20931233,26472,0.0361328,0
804,20990188,58955,0.0302734,0
805,21004144,13956,0.0268555,0
806,21004749,605,0.00390625,0
807,21005025,276,0.00390625,0
808,21005301,276,0.00390625,0
809,21005849,548,0.0131836,0
810,21006252,403,0.00390625,0
811,21006528,276,0.00390625,0
812,21006931,403,0.0161133,0
813,21007382,451,0.00390625,0
814,21008272,890,0.0356445,0
815,21009597,1325,0.0297852,0
816,21010911,1314,0.0292969,0
817,21012114,1203,0.0302734,0
818,21013441,1327,0.0292969,0
819,21014644,1203,0.0302734,0
820,21015971,1327,0.0292969,0
821,21017043,1072,0.0292969,0
822,21112451,95408,0.383789,0
823,21195911,83460,0.13623,0
824,21349833,153922,0.184082,0
825,21357430,7597,0.00830078,0
826,21431860,74430,0.0742188,0
827,21481917,50057,0.0561523,0
828,21487939,6022,0.00976562,0
829,21528440,40501,0.0419922,0
830,21586060,57620,0.0571289,0
831,21622084,36024,0.0395508,0
832,21685756,63672,0.0625,0
833,21731289,45533,0.0424805,0
834,21768167,36878,0.0351562,0
835,21830537,62370,0.0498047,0
836,21843423,12886,0.00927734,0
837,21867908,24485,0.0112305,0
838,21914700,46792,0.0327148,0
839,21971211,56511,0.03125,0
840,21976011,4800,0.00439453,0
841,22014373,38362,0.0400391,0
842,22023732,9359,0.00878906,0
843,22034574,10842,0.00488281,0
844,22075202,40628,0.0356445,0
845,22095940,20738,0.0195312,0
846,22107617,11677,0.00927734,0
847,22118669,11052,0.015625,0
848,22162095,43426,0.0507812,0
849,22191203,29108,0.0180664,0
850,22217289,26086,0.0175781,0
851,22258738,41449,0.0224609,0
852,22283403,24665,0.00732422,0
853,22325994,42591,0.0102539,0
854,22339803,13809,0.00976562,0
855,22347171,7368,0.00878906,0
856,22393172,46001,0.0151367,0
857,22426428,33256,0.00878906,0
858,22447311,20883,0.0107422,0
859,22467068,19757,0.0102539,0
860,22496731,29663,0.00830078,0
861,22517047,20316,0.0107422,0
862,22536131,19084,0.00683594,0
863,22575583,39452,0.012207,0
864,22630152,54569,0.0268555,0
865,22639771,9619,0.0126953,0
866,22666953,27182,0.0283203,0
867,22685981,19028,0.0107422,0
868,22718085,32104,0.0292969,0
869,22743279,25194,0.0307617,0
870,22783782,40503,0.0605469,0
871,22793760,9978,0.0112305,0
872,22821448,27688,0.0263672,0
873,22841590,20142,0.0107422,0
874,22848904,7314,0.00878906,0
875,22901291,52387,0.0566406,0
876,22904670,3379,0.00537109,0
877,22934526,29856,0.027832,0
878,22974665,40139,0.0131836,0
879,22987837,13172,0.00976562,0
880,23011088,23251,0.0117188,0
881,23052769,41681,0.0234375,0
882,23071980,19211,0.00634766,0
883,23084410,12430,0.0195312,0
884,23113026,28616,0.0341797,0
885,23118812,5786,0.00878906,0
886,23138157,19345,0.0107422,0
887,23156070,17913,0.0136719,0
888,23190956,34886,0.00878906,0
889,23252141,61185,0.0517578,0
890,23294965,42824,0.0771484,0
891,23336944,41979,0.0439453,0
892,23347617,10673,0.012207,0
893,23381713,34096,0.0224609,0
894,23430884,49171,0.03125,0
895,23455846,24962,0.0214844,0
896,23483702,27856,0.0078125,0
897,23489992,6290,0.00439453,0
898,23516590,26598,0.0380859,0
899,23544665,28075,0.0253906,0
900,23565912,21247,0.0107422,0
901,23600893,34981,0.0322266,0
902,23634476,33583,0.0297852,0
903,23644256,9780,0.0126953,0
904,23662580,18324,0.0205078,0
905,23699794,37214,0.0371094,0
906,23718528,18734,0.0141602,0
907,23754028,35500,0.0166016,0
908,23782004,27976,0.0356445,0
909,23818342,36338,0.0273438,0
910,23857190,38848,0.0512695,0
911,23896423,39233,0.0493164,0
912,23913067,16644,0.0170898,0
913,23939896,26829,0.0209961,0
914,23956048,16152,0.0126953,0
915,23999487,43439,0.0356445,0
916,24012488,13001,0.0234375,0
917,24039329,26841,0.0375977,0
918,24049325,9996,0.019043,0
919,24092513,43188,0.034668,0
920,24121899,29386,0.0424805,0
921,24175304,53405,0.0361328,0
922,24200205,24901,0.0209961,0
923,24209763,9558,0.0126953,0
924,24223666,13903,0.0302734,0
925,24244559,20893,0.0112305,0
926,24259785,15226,0.0185547,0
927,24292452,32667,0.0244141,0
928,24320046,27594,0.0361328,0
929,24330669,10623,0.015625,0
930,24352310,21641,0.0209961,0
931,24382808,30498,0.0253906,0
932,24402308,19500,0.0136719,0
933,24402699,391,0.0136719,0
934,24403127,428,0.00390625,0
935,24403403,276,0.00390625,0
936,24403679,276,0.00390625,0
937,24404227,548,0.0131836,0
938,24404630,403,0.00390625,0
939,24404906,276,0.00390625,0
940,24405309,403,0.0161133,0
941,24405760,451,0.00390625,0
942,24406673,913,0.0366211,0
943,24408012,1339,0.0297852,0
944,24409326,1314,0.0292969,0
945,24410529,1203,0.0302734,0
946,24411856,1327,0.0292969,0
947,24413059,1203,0.0302734,0
948,24414386,1327,0.0292969,0
949,24415458,1072,0.0292969,0
950,24416605,1147,0.0263672,0
951,24528284,111679,0.398926,0
952,24557013,28729,0.0478516,0
953,24563767,6754,0.012207,0
954,24604395,40628,0.0698242,0
955,24781335,176940,0.213867,0
956,24796745,15410,0.015625,0
957,24818166,21421,0.0253906,0
958,24881135,62969,0.0664062,0
959,24918181,37046,0.0419922,0
960,24954219,36038,0.0385742,0
961,24966821,12602,0.0151367,0
962,24969737,2916,0.00634766,0
963,25042413,72676,0.0673828,0
964,25067174,24761,0.0136719,0
965,25075380,8206,0.012207,0
966,25079045,3665,0.00878906,0
967,25110576,31531,0.0297852,0
968,25144394,33818,0.012207,0
969,25171268,26874,0.0341797,0
970,25192446,21178,0.0102539,0
971,25224077,31631,0.0410156,0
972,25235862,11785,0.00927734,0
973,25274260,38398,0.0351562,0
974,25323175,48915,0.0371094,0
975,25362577,39402,0.0195312,0
976,25377968,15391,0.00585938,0
977,25423656,45688,0.0454102,0
978,25459255,35599,0.00878906,0
979,25479298,20043,0.00634766,0
980,25515431,36133,0.00927734,0
981,25524363,8932,0.00488281,0
982,25539150,14787,0.00976562,0
983,25559256,20106,0.00634766,0
984,25609290,50034,0.0249023,0
985,25616387,7097,0.00878906,0
986,25642523,26136,0.0175781,0
987,25660969,18446,0.0102539,0
988,25705421,44452,0.0107422,0
989,25736065,30644,0.012207,0
990,25770380,34315,0.0126953,0
991,25784410,14030,0.0136719,0
992,25840383,55973,0.0244141,0
993,25865369,24986,0.0146484,0
994,25886595,21226,0.0336914,0
995,25918340,31745,0.0395508,0
996,25970273,51933,0.0595703,0
997,25987366,17093,0.00976562,0
998,26014150,26784,0.0151367,0
999,26056657,42507,0.0200195,0
1000,26072645,15988,0.0166016,0
1001,26093713,21068,0.0136719,0
1002,26110945,17232,0.00976562,0
1003,26127433,16488,0.0200195,0
1004,26150256,22823,0.0234375,0
1005,26196960,46704,0.0180664,0
1006,26220594,23634,0.0117188,0
1007,26259840,39246,0.0205078,0
1008,26278184,18344,0.0136719,0
1009,26303943,25759,0.0371094,0
1010,26324551,20608,0.0273438,0
1011,26330146,5595,0.015625,0
1012,26333986,3840,0.00878906,0
1013,26360475,26489,0.0410156,0
1014,26368162,7687,0.012207,0
1015,26401191,33029,0.0249023,0
1016,26411590,10399,0.00488281,0
1017,26461622,50032,0.0185547,0
1018,26480616,18994,0.0107422,0
1019,26514189,33573,0.0458984,0
1020,26552028,37839,0.0302734,0
1021,26569207,17179,0.00585938,0
1022,26579768,10561,0.00488281,0
1023,26610702,30934,0.0253906,0
1024,26634315,23613,0.0180664,0
1025,26659048,24733,0.0151367,0
1026,26670221,11173,0.00927734,0
1027,26697451,27230,0.019043,0
1028,26707811,10360,0.0126953,0
1029,26724158,16347,0.0166016,0
1030,26732512,8354,0.0126953,0
1031,26763777,31265,0.0195312,0
1032,26796755,32978,0.0341797,0
1033,26845319,48564,0.0537109,0
1034,26877530,32211,0.00878906,0
1035,26900102,22572,0.0283203,0
1036,26942088,41986,0.043457,0
1037,26981735,39647,0.0375977,0
1038,26989840,8105,0.015625,0
1039,27012183,22343,0.0209961,0
1040,27050252,38069,0.0415039,0
1041,27079503,29251,0.034668,0
1042,27101761,22258,0.0341797,0
1043,27153573,51812,0.0410156,0
1044,27181702,28129,0.0205078,0
1045,27202737,21035,0.0239258,0
1046,27216499,13762,0.0200195,0
1047,27248203,31704,0.0424805,0
1048,27264732,16529,0.0258789,0
1049,27288059,23327,0.0229492,0
1050,27312399,24340,0.0395508,0
1051,27334945,22546,0.0253906,0
1052,27370412,35467,0.0283203,0
1053,27405806,35394,0.0244141,0
1054,27434952,29146,0.0249023,0
1055,27459818,24866,0.0180664,0
1056,27462823,3005,0.0161133,0
1057,27463286,463,0.00390625,0
1058,27463562,276,0.00390625,0
1059,27463838,276,0.00390625,0
1060,27464394,556,0.0131836,0
1061,27464797,403,0.00390625,0
1062,27465073,276,0.00390625,0
1063,27465476,403,0.0161133,0
1064,27465927,451,0.00390625,0
1065,27466771,844,0.0336914,0
1066,27468068,1297,0.0297852,0
1067,27469382,1314,0.0292969,0
1068,27470424,1042,0.0263672,0
1069,27471609,1185,0.0297852,0
1070,27472923,1314,0.0292969,0
1071,27473965,1042,0.0263672,0
1072,27519735,45770,0.297852,0
1073,27695817,176082,0.306152,0
1074,27712742,16925,0.0214844,0
1075,27867595,154853,0.165039,0
1076,27895941,28346,0.0356445,0
1077,27912669,16728,0.0180664,0
1078,27986911,74242,0.0722656,0
1079,28059391,72480,0.0698242,0
1080,28072845,13454,0.00927734,0
1081,28086692,13847,0.0166016,0
1082,28135956,49264,0.0527344,0
1083,28184243,48287,0.0458984,0
1084,28215749,31506,0.0175781,0
1085,28217345,1596,0.00439453,0
1086,28227392,10047,0.00927734,0
1087,28236711,9319,0.00878906,0
1088,28261751,25040,0.0366211,0
1089,28288580,26829,0.0112305,0
1090,28333141,44561,0.0297852,0
1091,28368526,35385,0.00878906,0
1092,28408126,39600,0.0229492,0
1093,28413612,5486,0.00439453,0
1094,28429314,15702,0.00585938,0
1095,28443422,14108,0.00537109,0
1096,28454833,11411,0.0126953,0
1097,28459015,4182,0.00390625,0
1098,28501879,42864,0.0205078,0
1099,28525490,23611,0.0107422,0
1100,28543174,17684,0.00634766,0
1101,28605248,62074,0.0385742,0
1102,28654907,49659,0.0405273,0
1103,28682048,27141,0.0395508,0
1104,28715309,33261,0.0283203,0
1105,28759708,44399,0.0102539,0
1106,28840130,80422,0.0463867,0
1107,28864270,24140,0.0390625,0
1108,28869979,5709,0.00830078,0
1109,28883706,13727,0.019043,0
1110,28909252,25546,0.0117188,0
1111,28938091,28839,0.0117188,0
1112,28948576,10485,0.00488281,0
1113,29008562,59986,0.0229492,0
1114,29048885,40323,0.0395508,0
1115,29091590,42705,0.0283203,0
1116,29128997,37407,0.0263672,0
1117,29133430,4433,0.00537109,0
1118,29165503,32073,0.012207,0
1119,29242714,77211,0.0795898,0
1120,29255672,12958,0.00537109,0
1121,29278091,22419,0.0234375,0
1122,29348539,70448,0.0322266,0
1123,29362398,13859,0.00585938,0
1124,29378882,16484,0.00585938,0
1125,29385189,6307,0.00439453,0
1126,29442161,56972,0.0166016,0
1127,29453788,11627,0.0161133,0
1128,29461894,8106,0.00927734,0
1129,29467267,5373,0.0117188,0
1130,29513332,46065,0.0429688,0
1131,29550286,36954,0.0351562,0
1132,29555098,4812,0.00878906,0
1133,29591467,36369,0.0483398,0
1134,29622151,30684,0.012207,0
1135,29631081,8930,0.00488281,0
1136,29649249,18168,0.00634766,0
1137,29680192,30943,0.0292969,0
1138,29707498,27306,0.0185547,0
1139,29737508,30010,0.019043,0
1140,29765016,27508,0.0219727,0
1141,29783346,18330,0.0107422,0
1142,29830772,47426,0.0268555,0
1143,29870965,40193,0.0351562,0
1144,29915623,44658,0.0512695,0
1145,29934418,18795,0.0102539,0
1146,29998547,64129,0.0439453,0
1147,30064414,65867,0.0380859,0
1148,30105270,40856,0.0415039,0
1149,30125016,19746,0.0209961,0
1150,30148622,23606,0.0371094,0
1151,30178726,30104,0.0361328,0
1152,30225967,47241,0.0356445,0
1153,30241581,15614,0.0166016,0
1154,30269492,27911,0.0258789,0
1155,30285747,16255,0.0166016,0
1156,30320056,34309,0.0263672,0
1157,30320621,565,0.0126953,0
1158,30321035,414,0.00390625,0
1159,30321311,276,0.00390625,0
1160,30321587,276,0.00390625,0
1161,30322143,556,0.0131836,0
1162,30322546,403,0.00390625,0
1163,30322822,276,0.00390625,0
1164,30323225,403,0.0161133,0
1165,30323676,451,0.00390625,0
1166,30324474,798,0.0317383,0
1167,30325743,1269,0.0297852,0
1168,30327057,1314,0.0292969,0
1169,30328099,1042,0.0263672,0
1170,30329284,1185,0.0297852,0
1171,30330728,1444,0.0805664,0
1172,30417916,87188,0.346191,0
1173,30428382,10466,0.0180664,0
1174,30430559,2177,0.00537109,0
1175,30437400,6841,0.0131836,0
1176,30468151,30751,0.0629883,0
1177,30693519,225368,0.28418,0
1178,30763127,69608,0.0742188,0
1179,30773689,10562,0.0117188,0
1180,30960307,186618,0.177246,0
1181,30994804,34497,0.012207,0
1182,31002292,7488,0.00927734,0
1183,31033671,31379,0.0463867,0
1184,31052866,19195,0.0219727,0
1185,31072807,19941,0.0107422,0
1186,31093710,20903,0.0292969,0
1187,31122977,29267,0.0229492,0
1188,31139126,16149,0.0185547,0
1189,31144944,5818,0.00830078,0
1190,31167077,22133,0.0253906,0
1191,31193251,26174,0.0224609,0
1192,31237476,44225,0.0390625,0
1193,31249923,12447,0.0117188,0
1194,31262265,12342,0.0151367,0
1195,31294620,32355,0.0288086,0
1196,31304233,9613,0.00878906,0
1197,31323803,19570,0.0102539,0
1198,31337311,13508,0.00976562,0
1199,31386045,48734,0.0522461,0
1200,31400704,14659,0.0141602,0
1201,31447482,46778,0.0136719,0
1202,31455047,7565,0.00537109,0
1203,31483283,28236,0.0078125,0
1204,31533939,50656,0.0112305,0
1205,31555958,22019,0.00732422,0
1206,31581754,25796,0.00732422,0
1207,31644778,63024,0.0136719,0
1208,31682159,37381,0.0195312,0
1209,31702163,20004,0.0175781,0
1210,31763774,61611,0.0126953,0
1211,31797891,34117,0.00878906,0
1212,31827273,29382,0.00830078,0
1213,31843984,16711,0.0292969,0
1214,31869373,25389,0.0180664,0
1215,31897996,28623,0.0332031,0
1216,31903132,5136,0.00830078,0
1217,31911988,8856,0.0151367,0
1218,31923833,11845,0.00927734,0
1219,31936548,12715,0.0219727,0
1220,31980268,43720,0.0195312,0
1221,31986887,6619,0.012207,0
1222,31994567,7680,0.0151367,0
1223,32002886,8319,0.0151367,0
1224,32011069,8183,0.00878906,0
1225,32013583,2514,0.00537109,0
1226,32027210,13627,0.0224609,0
1227,32047780,20570,0.0292969,0
1228,32060171,12391,0.015625,0
1229,32092747,32576,0.0283203,0
1230,32133230,40483,0.0498047,0
1231,32165994,32764,0.0180664,0
1232,32183774,17780,0.00976562,0
1233,32205935,22161,0.0200195,0
1234,32221100,15165,0.00927734,0
1235,32247609,26509,0.0268555,0
1236,32266697,19088,0.0258789,0
1237,32290637,23940,0.0170898,0
1238,32306689,16052,0.0126953,0
1239,32350629,43940,0.0405273,0
1240,32377619,26990,0.0117188,0
1241,32404827,27208,0.0078125,0
1242,32470271,65444,0.0366211,0
1243,32518992,48721,0.0214844,0
1244,32577423,58431,0.0205078,0
1245,32581132,3709,0.00537109,0
1246,32599936,18804,0.0107422,0
1247,32624781,24845,0.0078125,0
1248,32633804,9023,0.00927734,0
1249,32655816,22012,0.0112305,0
1250,32705410,49594,0.0224609,0
1251,32735827,30417,0.0336914,0
1252,32739605,3778,0.00390625,0
1253,32754219,14614,0.0263672,0
1254,32757085,2866,0.00390625,0
1255,32788702,31617,0.0258789,0
1256,32807062,18360,0.0234375,0
1257,32827191,20129,0.00634766,0
1258,32863191,36000,0.0195312,0
1259,32895638,32447,0.0131836,0
1260,32914146,18508,0.00634766,0
1261,32947414,33268,0.0195312,0
1262,32954624,7210,0.00439453,0
1263,32996609,41985,0.0673828,0
1264,33024336,27727,0.0180664,0
1265,33052535,28199,0.012207,0
1266,33121293,68758,0.0439453,0
1267,33166408,45115,0.0283203,0
1268,33185833,19425,0.0136719,0
1269,33222296,36463,0.0449219,0
1270,33249101,26805,0.0244141,0
1271,33274883,25782,0.0146484,0
1272,33303202,28319,0.0292969,0
1273,33327795,24593,0.0356445,0
1274,33343534,15739,0.0205078,0
1275,33364484,20950,0.0263672,0
1276,33412423,47939,0.0537109,0
1277,33448637,36214,0.0429688,0
1278,33487656,39019,0.0405273,0
1279,33506639,18983,0.0170898,0
1280,33549306,42667,0.0561523,0
1281,33574865,25559,0.00732422,0
1282,33595474,20609,0.0146484,0
1283,33618246,22772,0.0229492,0
1284,33649317,31071,0.0258789,0
1285,33716863,67546,0.0405273,0
1286,33736536,19673,0.0268555,0
1287,33737141,605,0.00390625,0
1288,33737417,276,0.00390625,0
1289,33737693,276,0.00390625,0
1290,33738241,548,0.0131836,0
1291,33738644,403,0.00390625,0
1292,33738920,276,0.00390625,0
1293,33739323,403,0.0161133,0
1294,33739774,451,0.00390625,0
1295,33740618,844,0.0336914,0
1296,33741915,1297,0.0297852,0
1297,33743229,1314,0.0292969,0
1298,33744271,1042,0.0263672,0
1299,33745456,1185,0.0297852,0
1300,33746752,1296,0.0288086,0
1301,33747892,1140,0.0263672,0
1302,33823845,75953,0.352539,0
1303,33848787,24942,0.0351562,0
1304,34055713,206926,0.289551,0
1305,34079150,23437,0.0258789,0
1306,34097370,18220,0.0219727,0
1307,34111337,13967,0.00976562,0
1308,34180441,69104,0.0854492,0
1309,34208542,28101,0.0253906,0
1310,34270617,62075,0.0664062,0
1311,34354648,84031,0.0834961,0
1312,34378521,23873,0.0224609,0
1313,34448016,69495,0.0639648,0
1314,34484905,36889,0.0322266,0
1315,34525329,40424,0.0214844,0
1316,34538528,13199,0.00927734,0
1317,34600749,62221,0.0703125,0
1318,34631771,31022,0.0258789,0
1319,34688018,56247,0.0419922,0
1320,34727339,39321,0.0161133,0
1321,34738059,10720,0.00927734,0
1322,34769664,31605,0.0185547,0
1323,34773029,3365,0.00390625,0
1324,34803918,30889,0.0307617,0
1325,34816591,12673,0.00537109,0
1326,34830812,14221,0.00537109,0
1327,34853967,23155,0.00732422,0
1328,34918285,64318,0.0131836,0
1329,34941817,23532,0.00732422,0
1330,34965521,23704,0.00683594,0
1331,34979512,13991,0.00976562,0
1332,34995925,16413,0.0166016,0
1333,35032482,36557,0.0263672,0
1334,35044209,11727,0.00927734,0
1335,35069436,25227,0.0239258,0
1336,35122745,53309,0.0283203,0
1337,35139975,17230,0.00634766,0
1338,35160609,20634,0.0102539,0
1339,35173928,13319,0.00585938,0
1340,35222954,49026,0.0297852,0
1341,35229894,6940,0.0117188,0
1342,35231505,1611,0.00537109,0
1343,35242753,11248,0.00927734,0
1344,35261236,18483,0.0200195,0
1345,35292588,31352,0.0405273,0
1346,35350498,57910,0.0405273,0
1347,35400935,50437,0.015625,0
1348,35427211,26276,0.0180664,0
1349,35455308,28097,0.0253906,0
1350,35466669,11361,0.012207,0
1351,35495792,29123,0.0244141,0
1352,35516937,21145,0.00634766,0
1353,35531820,14883,0.0200195,0
1354,35572184,40364,0.0556641,0
1355,35577753,5569,0.00878906,0
1356,35606565,28812,0.0214844,0
1357,35634123,27558,0.0141602,0
1358,35673540,39417,0.0161133,0
1359,35684143,10603,0.019043,0
1360,35716710,32567,0.0317383,0
1361,35736290,19580,0.0297852,0
1362,35765837,29547,0.0361328,0
1363,35801081,35244,0.0341797,0
1364,35826742,25661,0.0117188,0
1365,35851509,24767,0.0175781,0
1366,35869432,17923,0.0141602,0
1367,35955560,86128,0.0209961,0
1368,35970836,15276,0.0102539,0
1369,35992387,21551,0.027832,0
1370,36005037,12650,0.00976562,0
1371,36027963,22926,0.0112305,0
1372,36037034,9071,0.00439453,0
1373,36095831,58797,0.0209961,0
1374,36104311,8480,0.012207,0
1375,36147593,43282,0.0380859,0
1376,36172401,24808,0.0317383,0
1377,36189618,17217,0.00585938,0
1378,36221182,31564,0.0361328,0
1379,36233900,12718,0.0166016,0
1380,36273263,39363,0.0336914,0
1381,36305703,32440,0.0258789,0
1382,36335983,30280,0.0180664,0
1383,36373656,37673,0.027832,0
1384,36397469,23813,0.0151367,0
1385,36423537,26068,0.0253906,0
1386,36443827,20290,0.027832,0
1387,36462486,18659,0.0307617,0
1388,36496610,34124,0.0166016,0
1389,36513720,17110,0.0136719,0
1390,36551749,38029,0.0195312,0
1391,36580756,29007,0.0253906,0
1392,36608654,27898,0.0327148,0
1393,36654311,45657,0.0449219,0
1394,36675732,21421,0.0268555,0
1395,36711565,35833,0.0361328,0
1396,36749520,37955,0.0371094,0
1397,36788234,38714,0.0229492,0
1398,36797599,9365,0.0229492,0
1399,36798148,549,0.00390625,0
1400,36798424,276,0.00390625,0
1401,36798700,276,0.00390625,0
1402,36799256,556,0.0131836,0
1403,36799659,403,0.00390625,0
1404,36799935,276,0.00390625,0
1405,36800338,403,0.0161133,0
1406,36800789,451,0.00390625,0
1407,36801490,701,0.027832,0
1408,36802518,1028,0.0263672,0
1409,36896154,93636,0.376465,0
1410,36946225,50071,0.0834961,0
1411,37066504,120279,0.165039,0
1412,37077256,10752,0.015625,0
1413,37087611,10355,0.0146484,0
1414,37241639,154028,0.172852,0
1415,37286160,44521,0.0454102,0
1416,37361127,74967,0.0717773,0
1417,37368836,7709,0.00878906,0
1418,37405605,36769,0.0273438,0
1419,37415546,9941,0.012207,0
1420,37439514,23968,0.0317383,0
1421,37460562,21048,0.0107422,0
1422,37483255,22693,0.0107422,0
1423,37505256,22001,0.0268555,0
1424,37566275,61019,0.0673828,0
1425,37579442,13167,0.0117188,0
1426,37618739,39297,0.0356445,0
1427,37664807,46068,0.0361328,0
1428,37681211,16404,0.0146484,0
1429,37711178,29967,0.0180664,0
1430,37761675,50497,0.0537109,0
1431,37770442,8767,0.00878906,0
1432,37792318,21876,0.0107422,0
1433,37813537,21219,0.0107422,0
1434,37823136,9599,0.00488281,0
1435,37845468,22332,0.0141602,0
1436,37912214,66746,0.0297852,0
1437,37945951,33737,0.00878906,0
1438,37962379,16428,0.00585938,0
1439,37998343,35964,0.0131836,0
1440,38028400,30057,0.00830078,0
1441,38063487,35087,0.00878906,0
1442,38078260,14773,0.00585938,0
1443,38109133,30873,0.0288086,0
1444,38136206,27073,0.0273438,0
1445,38181453,45247,0.0336914,0
1446,38209289,27836,0.00732422,0
1447,38244921,35632,0.0258789,0
1448,38300223,55302,0.0786133,0
1449,38312528,12305,0.019043,0
1450,38350949,38421,0.0473633,0
1451,38397484,46535,0.046875,0
1452,38433118,35634,0.0405273,0
1453,38454143,21025,0.0131836,0
1454,38466812,12669,0.00537109,0
1455,38486042,19230,0.00683594,0
1456,38512173,26131,0.0078125,0
1457,38549359,37186,0.0131836,0
1458,38598809,49450,0.0283203,0
1459,38630938,32129,0.0161133,0
1460,38642156,11218,0.0126953,0
1461,38657701,15545,0.0166016,0
1462,38675083,17382,0.0234375,0
1463,38679418,4335,0.00878906,0
1464,38712418,33000,0.0185547,0
1465,38780039,67621,0.0463867,0
1466,38797752,17713,0.0234375,0
1467,38813002,15250,0.0258789,0
1468,38867160,54158,0.0322266,0
1469,38915566,48406,0.0112305,0
1470,38951159,35593,0.0273438,0
1471,38968177,17018,0.0200195,0
1472,38971824,3647,0.00830078,0
1473,38997727,25903,0.0209961,0
1474,39016342,18615,0.0136719,0
1475,39046972,30630,0.0258789,0
1476,39110335,63363,0.0664062,0
1477,39132001,21666,0.0268555,0
1478,39161685,29684,0.0317383,0
1479,39164363,2678,0.00537109,0
1480,39188317,23954,0.0146484,0
1481,39247497,59180,0.0195312,0
1482,39292646,45149,0.034668,0
1483,39307396,14750,0.0200195,0
1484,39337195,29799,0.0283203,0
1485,39371243,34048,0.0268555,0
1486,39390488,19245,0.034668,0
1487,39399608,9120,0.00878906,0
1488,39417074,17466,0.0107422,0
1489,39450693,33619,0.0268555,0
1490,39467704,17011,0.0136719,0
1491,39493652,25948,0.0151367,0
1492,39507577,13925,0.00585938,0
1493,39524319,16742,0.0136719,0
1494,39553340,29021,0.0273438,0
1495,39598812,45472,0.0356445,0
1496,39624415,25603,0.0292969,0
1497,39650757,26342,0.03125,0
1498,39663631,12874,0.00976562,0
1499,39680025,16394,0.0107422,0
1500,39721742,41717,0.03125,0
1501,39753711,31969,0.0297852,0
1502,39790978,37267,0.0366211,0
1503,39856273,65295,0.0708008,0
1504,39913102,56829,0.0722656,0
1505,39950891,37789,0.0527344,0
1506,40003980,53089,0.0478516,0
1507,40050422,46442,0.0478516,0
1508,40084385,33963,0.0288086,0
1509,40098446,14061,0.0166016,0
1510,40118455,20009,0.0239258,0
1511,40142834,24379,0.0273438,0
1512,40157641,14807,0.0224609,0
1513,40168089,10448,0.019043,0
1514,40178463,10374,0.0253906,0
1515,40195851,17388,0.0102539,0
1516,40228711,32860,0.0219727,0
1517,40246240,17529,0.0166016,0
1518,40295219,48979,0.034668,0
1519,40295891,672,0.0126953,0
1520,40296305,414,0.00390625,0
1521,40296581,276,0.00390625,0
1522,40296857,276,0.00390625,0
1523,40297405,548,0.0131836,0
1524,40297808,403,0.00390625,0
1525,40298084,276,0.00390625,0
1526,40298487,403,0.0161133,0
1527,40298938,451,0.00390625,0
1528,40299869,931,0.0371094,0
1529,40301030,1161,0.0263672,0
1530,40302215,1185,0.0297852,0
1531,40303529,1314,0.0292969,0
1532,40304571,1042,0.0263672,0
1533,40305756,1185,0.0297852,0
1534,40307070,1314,0.0292969,0
1535,40308142,1072,0.0292969,0
1536,40309369,1227,0.0297852,0
1537,40310805,1436,0.0805664,0
1538,40426140,115335,0.392578,0
1539,40456582,30442,0.0458984,0
1540,40465784,9202,0.015625,0
1541,40641982,176198,0.227051,0
1542,40738038,96056,0.0981445,0
1543,40773303,35265,0.0410156,0
1544,40900917,127614,0.122559,0
1545,40964170,63253,0.0625,0
1546,40974763,10593,0.00878906,0
1547,40984570,9807,0.0146484,0
1548,40991174,6604,0.00830078,0
1549,41082930,91756,0.0830078,0
1550,41134296,51366,0.0424805,0
1551,41150432,16136,0.015625,0
1552,41158378,7946,0.00830078,0
1553,41175232,16854,0.019043,0
1554,41205164,29932,0.019043,0
1555,41221478,16314,0.019043,0
1556,41227414,5936,0.00830078,0
1557,41251354,23940,0.0244141,0
1558,41271015,19661,0.019043,0
1559,41299947,28932,0.0244141,0
1560,41313596,13649,0.00927734,0
1561,41378026,64430,0.0170898,0
1562,41393390,15364,0.0224609,0
1563,41407995,14605,0.00927734,0
1564,41450896,42901,0.0576172,0
1565,41462650,11754,0.00878906,0
1566,41470226,7576,0.00488281,0
1567,41485935,15709,0.00585938,0
1568,41496875,10940,0.00488281,0
1569,41524887,28012,0.0078125,0
1570,41536160,11273,0.00537109,0
1571,41571980,35820,0.00927734,0
1572,41604342,32362,0.00830078,0
1573,41657949,53607,0.012207,0
1574,41701764,43815,0.0102539,0
1575,41742838,41074,0.00976562,0
1576,41777214,34376,0.0126953,0
1577,41796508,19294,0.0107422,0
1578,41866217,69709,0.0141602,0
1579,41869990,3773,0.00830078,0
1580,41876259,6269,0.00878906,0
1581,41901952,25693,0.0117188,0
1582,41926545,24593,0.0180664,0
1583,41959585,33040,0.012207,0
1584,41992897,33312,0.0458984,0
1585,42008988,16091,0.0258789,0
1586,42048670,39682,0.0390625,0
1587,42057258,8588,0.00878906,0
1588,42070376,13118,0.0126953,0
1589,42074716,4340,0.0078125,0
1590,42077340,2624,0.00585938,0
1591,42102180,24840,0.0239258,0
1592,42119029,16849,0.0297852,0
1593,42123287,4258,0.0078125,0
1594,42139470,16183,0.0131836,0
1595,42156675,17205,0.0136719,0
1596,42162474,5799,0.0078125,0
1597,42171802,9328,0.015625,0
1598,42184703,12901,0.0126953,0
1599,42195384,10681,0.00878906,0
1600,42218965,23581,0.00732422,0
1601,42255249,36284,0.0166016,0
1602,42266204,10955,0.0253906,0
1603,42273581,7377,0.0117188,0
1604,42284179,10598,0.012207,0
1605,42286550,2371,0.0078125,0
1606,42304963,18413,0.0292969,0
1607,42323855,18892,0.0263672,0
1608,42335054,11199,0.019043,0
1609,42340357,5303,0.00927734,0
1610,42362761,22404,0.0170898,0
1611,42379586,16825,0.0131836,0
1612,42416261,36675,0.00878906,0
1613,42466896,50635,0.0166016,0
1614,42479925,13029,0.0126953,0
1615,42489757,9832,0.012207,0
1616,42500652,10895,0.0126953,0
1617,42521633,20981,0.0146484,0
1618,42566109,44476,0.0439453,0
1619,42594594,28485,0.0214844,0
1620,42648184,53590,0.027832,0
1621,42681401,33217,0.0429688,0
1622,42718279,36878,0.0512695,0
1623,42757301,39022,0.0205078,0
1624,42771747,14446,0.00976562,0
1625,42780263,8516,0.015625,0
1626,42794681,14418,0.00976562,0
1627,42826208,31527,0.00830078,0
1628,42841761,15553,0.0136719,0
1629,42877990,36229,0.0507812,0
1630,42894457,16467,0.0229492,0
1631,42906455,11998,0.0126953,0
1632,42914768,8313,0.0117188,0
1633,42934502,19734,0.0107422,0
1634,42981885,47383,0.0410156,0
1635,43034223,52338,0.0161133,0
1636,43052729,18506,0.0141602,0
1637,43081816,29087,0.0351562,0
1638,43105539,23723,0.0170898,0
1639,43115881,10342,0.00927734,0
1640,43138789,22908,0.0146484,0
1641,43172281,33492,0.0166016,0
1642,43209797,37516,0.0361328,0
1643,43235618,25821,0.0380859,0
1644,43254216,18598,0.0273438,0
1645,43273914,19698,0.0273438,0
1646,43312373,38459,0.0400391,0
1647,43341186,28813,0.0180664,0
1648,43355912,14726,0.0166016,0
1649,43397962,42050,0.0473633,0
1650,43440506,42544,0.0483398,0
1651,43457999,17493,0.0170898,0
1652,43485158,27159,0.0288086,0
1653,43526398,41240,0.0253906,0
1654,43543581,17183,0.0175781,0
1655,43553313,9732,0.00927734,0
1656,43594703,41390,0.0834961,0
1657,43612312,17609,0.0161133,0
1658,43633705,21393,0.0258789,0
1659,43672604,38899,0.0263672,0
1660,43709356,36752,0.0371094,0
1661,43727440,18084,0.0239258,0
1662,43772097,44657,0.0458984,0
1663,43806529,34432,0.0195312,0
1664,43820337,13808,0.0336914,0
1665,43840997,20660,0.0175781,0
1666,43874040,33043,0.0410156,0
1667,43886655,12615,0.019043,0
1668,43901460,14805,0.0219727,0
1669,43938256,36796,0.0288086,0
1670,43974505,36249,0.0229492,0
1671,44006930,32425,0.0297852,0
1672,44053987,47057,0.0361328,0
1673,44083056,29069,0.0195312,0
1674,44086070,3014,0.0161133,0
1675,44086533,463,0.00390625,0
1676,44086809,276,0.00390625,0
1677,44087085,276,0.00390625,0
1678,44087641,556,0.0131836,0
1679,44088044,403,0.00390625,0
1680,44088320,276,0.00390625,0
1681,44088723,403,0.0161133,0
1682,44089174,451,0.00390625,0
1683,44090105,931,0.0371094,0
1684,44091266,1161,0.0263672,0
1685,44092451,1185,0.0297852,0
1686,44093765,1314,0.0292969,0
1687,44094807,1042,0.0263672,0
1688,44095992,1185,0.0297852,0
1689,44097288,1296,0.0288086,0
1690,44098538,1250,0.0317383,0
1691,44099880,1342,0.0292969,0
1692,44163569,63689,0.333984,0
1693,44227063,63494,0.123535,0
1694,44232112,5049,0.0112305,0
1695,44234342,2230,0.00537109,0
1696,44246677,12335,0.0224609,0
1697,44279306,32629,0.059082,0
1698,44451135,171829,0.216309,0
1699,44461201,10066,0.00878906,0
1700,44487051,25850,0.0249023,0
1701,44511630,24579,0.0322266,0
1702,44595724,84094,0.0844727,0
1703,44633202,37478,0.0454102,0
1704,44667103,33901,0.0327148,0
1705,44683933,16830,0.0185547,0
1706,44746796,62863,0.059082,0
1707,44754713,7917,0.00830078,0
1708,44756693,1980,0.00537109,0
1709,44814206,57513,0.0527344,0
1710,44851951,37745,0.0356445,0
1711,44896810,44859,0.0336914,0
1712,44917133,20323,0.00976562,0
1713,44958465,41332,0.0141602,0
1714,44973928,15463,0.0195312,0
1715,44990772,16844,0.0224609,0
1716,44996518,5746,0.00830078,0
1717,45025634,29116,0.0214844,0
1718,45048725,23091,0.0297852,0
1719,45058847,10122,0.00878906,0
1720,45068081,9234,0.015625,0
1721,45122003,53922,0.0151367,0
1722,45145733,23730,0.0361328,0
1723,45151122,5389,0.00439453,0
1724,45191173,40051,0.0415039,0
1725,45230239,39066,0.00927734,0
1726,45253430,23191,0.00683594,0
1727,45264141,10711,0.00537109,0
1728,45293571,29430,0.0078125,0
1729,45301835,8264,0.00488281,0
1730,45322956,21121,0.0107422,0
1731,45363786,40830,0.00976562,0
1732,45417783,53997,0.0288086,0
1733,45470000,52217,0.0239258,0
1734,45472719,2719,0.00537109,0
1735,45536401,63682,0.0517578,0
1736,45551485,15084,0.0161133,0
1737,45581621,30136,0.0078125,0
1738,45595723,14102,0.00976562,0
1739,45618732,23009,0.0112305,0
1740,45635908,17176,0.00585938,0
1741,45677848,41940,0.0273438,0
1742,45694804,16956,0.0263672,0
1743,45714427,19623,0.0200195,0
1744,45756578,42151,0.0532227,0
1745,45783438,26860,0.0175781,0
1746,45810964,27526,0.0258789,0
1747,45835080,24116,0.0234375,0
1748,45854806,19726,0.0229492,0
1749,45860605,5799,0.00878906,0
1750,45920465,59860,0.043457,0
1751,45926507,6042,0.00439453,0
1752,45956561,30054,0.0078125,0
1753,45970141,13580,0.00585938,0
1754,46008975,38834,0.0166016,0
1755,46038719,29744,0.0224609,0
1756,46070937,32218,0.0126953,0
1757,46100361,29424,0.0078125,0
1758,46125847,25486,0.0078125,0
1759,46153006,27159,0.0078125,0
1760,46167496,14490,0.00585938,0
1761,46184867,17371,0.0102539,0
1762,46196206,11339,0.0258789,0
1763,46218645,22439,0.0371094,0
1764,46254286,35641,0.050293,0
1765,46270667,16381,0.0136719,0
1766,46300194,29527,0.0078125,0
1767,46314267,14073,0.0131836,0
1768,46332022,17755,0.00634766,0
1769,46382365,50343,0.043457,0
1770,46407487,25122,0.0146484,0
1771,46424649,17162,0.0107422,0
1772,46450167,25518,0.0180664,0
1773,46505301,55134,0.034668,0
1774,46553622,48321,0.0507812,0
1775,46570394,16772,0.00585938,0
1776,46623127,52733,0.0405273,0
1777,46667095,43968,0.0415039,0
1778,46692739,25644,0.0112305,0
1779,46717346,24607,0.0180664,0
1780,46778575,61229,0.0380859,0
1781,46791778,13203,0.0268555,0
1782,46830739,38961,0.0546875,0
1783,46856488,25749,0.0307617,0
1784,46867632,11144,0.00976562,0
1785,46894271,26639,0.0151367,0
1786,46923469,29198,0.0258789,0
1787,46933476,10007,0.00488281,0
1788,46942431,8955,0.0126953,0
1789,46976010,33579,0.0498047,0
1790,46993399,17389,0.0205078,0
1791,47003092,9693,0.0126953,0
1792,47042899,39807,0.0732422,0
1793,47066880,23981,0.0229492,0
1794,47109567,42687,0.0292969,0
1795,47139700,30133,0.0131836,0
1796,47162244,22544,0.0151367,0
1797,47203455,41211,0.0297852,0
1798,47234680,31225,0.0263672,0
1799,47302225,67545,0.0405273,0
1800,47325089,22864,0.027832,0
1801,47325708,619,0.00390625,0
1802,47325984,276,0.00390625,0
1803,47326260,276,0.00390625,0
1804,47326816,556,0.0131836,0
1805,47327219,403,0.00390625,0
1806,47327495,276,0.00390625,0
1807,47327898,403,0.0161133,0
1808,47328349,451,0.00390625,0
1809,47329349,1000,0.0400391,0
1810,47330552,1203,0.0263672,0
1811,47331737,1185,0.0297852,0
1812,47333051,1314,0.0292969,0
1813,47334254,1203,0.0302734,0
1814,47335581,1327,0.0292969,0
1815,47336784,1203,0.0302734,0
1816,47338141,1357,0.0322266,0
1817,47339225,1084,0.0263672,0
1818,47340410,1185,0.0297852,0
1819,47341724,1314,0.0292969,0
1820,47343179,1455,0.116699,0
1821,47467827,124648,0.405762,0
1822,47497851,30024,0.0478516,0
1823,47504465,6614,0.012207,0
1824,47510909,6444,0.012207,0
1825,47529009,18100,0.0292969,0
1826,47568139,39130,0.0625,0
1827,47684804,116665,0.14209,0
1828,47693356,8552,0.00878906,0
1829,47758831,65475,0.0639648,0
1830,47762737,3906,0.00439453,0
1831,47774619,11882,0.015625,0
1832,47805816,31197,0.0307617,0
1833,47826319,20503,0.0253906,0
1834,47851268,24949,0.012207,0
1835,47890661,39393,0.0478516,0
1836,47911404,20743,0.0244141,0
1837,47925989,14585,0.0102539,0
1838,47937954,11965,0.0205078,0
1839,47955454,17500,0.019043,0
1840,47980652,25198,0.0258789,0
1841,48008909,28257,0.0253906,0
1842,48047072,38163,0.0185547,0
1843,48073117,26045,0.0209961,0
1844,48080458,7341,0.015625,0
1845,48135831,55373,0.0317383,0
1846,48162353,26522,0.0175781,0
1847,48191037,28684,0.0371094,0
1848,48236408,45371,0.0576172,0
1849,48272870,36462,0.0327148,0
1850,48292714,19844,0.00634766,0
1851,48310782,18068,0.00634766,0
1852,48337333,26551,0.015625,0
1853,48345871,8538,0.0141602,0
1854,48356695,10824,0.0151367,0
1855,48387820,31125,0.00830078,0
1856,48414849,27029,0.0107422,0
1857,48419637,4788,0.00439453,0
1858,48440001,20364,0.0107422,0
1859,48465467,25466,0.0117188,0
1860,48502919,37452,0.00927734,0
1861,48539769,36850,0.00927734,0
1862,48571216,31447,0.00830078,0
1863,48593919,22703,0.0205078,0
1864,48620627,26708,0.0209961,0
1865,48635496,14869,0.00976562,0
1866,48649495,13999,0.015625,0
1867,48665420,15925,0.0224609,0
1868,48666943,1523,0.00390625,0
1869,48700133,33190,0.03125,0
1870,48754157,54024,0.0385742,0
1871,48766578,12421,0.015625,0
1872,48775568,8990,0.0117188,0
1873,48807545,31977,0.0180664,0
1874,48831233,23688,0.0151367,0
1875,48836851,5618,0.0117188,0
1876,48853353,16502,0.00927734,0
1877,48875684,22331,0.0322266,0
1878,48894268,18584,0.0288086,0
1879,48915991,21723,0.0356445,0
1880,48918097,2106,0.00537109,0
1881,48925294,7197,0.012207,0
1882,48977205,51911,0.0424805,0
1883,48993765,16560,0.0249023,0
1884,49026186,32421,0.0244141,0
1885,49058517,32331,0.0214844,0
1886,49132232,73715,0.0302734,0
1887,49149861,17629,0.0136719,0
1888,49165202,15341,0.0195312,0
1889,49181320,16118,0.0200195,0
1890,49219355,38035,0.0263672,0
1891,49231175,11820,0.00976562,0
1892,49268913,37738,0.00878906,0
1893,49322684,53771,0.0161133,0
1894,49356823,34139,0.0195312,0
1895,49368268,11445,0.00976562,0
1896,49380843,12575,0.0131836,0
1897,49408903,28060,0.0209961,0
1898,49419450,10547,0.00488281,0
1899,49439502,20052,0.0146484,0
1900,49463740,24238,0.027832,0
1901,49474669,10929,0.00537109,0
1902,49504499,29830,0.0488281,0
1903,49516454,11955,0.0224609,0
1904,49541944,25490,0.0410156,0
1905,49565928,23984,0.0332031,0
1906,49594953,29025,0.0185547,0
1907,49628704,33751,0.0273438,0
1908,49677156,48452,0.0205078,0
1909,49716842,39686,0.046875,0
1910,49746746,29904,0.0078125,0
1911,49791957,45211,0.0219727,0
1912,49828300,36343,0.0371094,0
1913,49850174,21874,0.0449219,0
1914,49896557,46383,0.065918,0
1915,49952171,55614,0.0571289,0
1916,49972707,20536,0.0170898,0
1917,49998284,25577,0.0214844,0
1918,50023300,25016,0.0180664,0
1919,50061154,37854,0.0424805,0
1920,50106268,45114,0.0336914,0
1921,50131999,25731,0.0253906,0
1922,50155459,23460,0.0146484,0
1923,50176684,21225,0.027832,0
1924,50222008,45324,0.027832,0
1925,50247922,25914,0.0341797,0
1926,50265289,17367,0.0141602,0
1927,50309348,44059,0.03125,0
1928,50316609,7261,0.012207,0
1929,50340997,24388,0.0385742,0
1930,50381885,40888,0.0400391,0
1931,50422013,40128,0.0195312,0
1932,50438024,16011,0.0239258,0
1933,50474799,36775,0.034668,0
1934,50489870,15071,0.0224609,0
1935,50513477,23607,0.0170898,0
1936,50527368,13891,0.0234375,0
1937,50553936,26568,0.0327148,0
1938,50561861,7925,0.00927734,0
1939,50568233,6372,0.015625,0
1940,50591661,23428,0.0205078,0
1941,50640157,48496,0.0576172,0
1942,50654463,14306,0.0131836,0
1943,50666878,12415,0.0195312,0
1944,50685944,19066,0.0166016,0
1945,50700340,14396,0.0253906,0
1946,50719494,19154,0.0253906,0
1947,50751113,31619,0.0302734,0
1948,50772131,21018,0.0234375,0
1949,50776957,4826,0.0117188,0
1950,50804898,27941,0.0356445,0
1951,50855138,50240,0.0292969,0
1952,50865118,9980,0.0195312,0
1953,50865618,500,0.00390625,0
1954,50865894,276,0.00390625,0
1955,50866170,276,0.00390625,0
1956,50866718,548,0.0131836,0
1957,50867121,403,0.00390625,0
1958,50867397,276,0.00390625,0
1959,50867800,403,0.0161133,0
1960,50868251,451,0.00390625,0
1961,50869320,1069,0.0429688,0
1962,50870565,1245,0.0263672,0
1963,50871750,1185,0.0297852,0
1964,50873064,1314,0.0292969,0
1965,50874106,1042,0.0263672,0
1966,50875526,1420,0.0327148,0
1967,50876623,1097,0.0263672,0
1968,50877838,1215,0.0327148,0
1969,50879194,1356,0.0292969,0
1970,50880397,1203,0.0302734,0
1971,50881724,1327,0.0292969,0
1972,50882766,1042,0.0263672,0
1973,50883951,1185,0.0297852,0
1974,50885388,1437,0.0805664,0
1975,51070382,184994,0.478027,0
1976,51086739,16357,0.012207,0
1977,51173942,87203,0.114258,0
1978,51200271,26329,0.0327148,0
1979,51254469,54198,0.0693359,0
1980,51283468,28999,0.0327148,0
1981,51314169,30701,0.0351562,0
1982,51336806,22637,0.0253906,0
1983,51395555,58749,0.0625,0
1984,51416485,20930,0.0219727,0
1985,51496885,80400,0.0766602,0
1986,51517180,20295,0.0102539,0
1987,51521810,4630,0.00878906,0
1988,51543886,22076,0.0141602,0
1989,51579359,35473,0.0498047,0
1990,51597777,18418,0.0102539,0
1991,51599316,1539,0.00439453,0
1992,51609255,9939,0.00927734,0
1993,51631110,21855,0.0107422,0
1994,51655612,24502,0.0429688,0
1995,51681841,26229,0.0258789,0
1996,51727000,45159,0.0390625,0
1997,51761843,34843,0.0268555,0
1998,51792052,30209,0.0214844,0
1999,51816035,23983,0.0200195,0
2000,51835725,19690,0.0107422,0
2001,51853251,17526,0.0102539,0
2002,51869633,16382,0.00585938,0
2003,51918129,48496,0.0146484,0
2004,51955317,37188,0.00927734,0
2005,51967538,12221,0.00927734,0
2006,51978209,10671,0.00488281,0
2007,51998209,20000,0.00683594,0
2008,52027244,29035,0.0078125,0
2009,52075284,48040,0.0112305,0
2010,52102428,27144,0.0180664,0
2011,52114968,12540,0.0131836,0
2012,52172581,57613,0.0322266,0
2013,52185968,13387,0.0224609,0
2014,52198889,12921,0.0219727,0
2015,52225536,26647,0.0400391,0
2016,52231644,6108,0.0117188,0
2017,52242303,10659,0.012207,0
2018,52260215,17912,0.0166016,0
2019,52310305,50090,0.0556641,0
2020,52346671,36366,0.00878906,0
2021,52413796,67125,0.0141602,0
2022,52433108,19312,0.00634766,0
2023,52484714,51606,0.0595703,0
2024,52528069,43355,0.0375977,0
2025,52568995,40926,0.0483398,0
2026,52611241,42246,0.0244141,0
2027,52635606,24365,0.00732422,0
2028,52652665,17059,0.0166016,0
2029,52673436,20771,0.0107422,0
2030,52710300,36864,0.0297852,0
2031,52728745,18445,0.0170898,0
2032,52755339,26594,0.027832,0
2033,52792481,37142,0.0200195,0
2034,52808830,16349,0.00585938,0
2035,52817933,9103,0.00537109,0
2036,52863161,45228,0.0107422,0
2037,52890828,27667,0.0185547,0
2038,52930852,40024,0.0361328,0
2039,52940285,9433,0.00927734,0
2040,52952033,11748,0.0131836,0
2041,52973096,21063,0.00683594,0
2042,53001025,27929,0.0317383,0
2043,53018941,17916,0.0200195,0
2044,53045535,26594,0.0151367,0
2045,53074668,29133,0.019043,0
2046,53126654,51986,0.0380859,0
2047,53137769,11115,0.00537109,0
2048,53186027,48258,0.0332031,0
2049,53203728,17701,0.0258789,0
2050,53223139,19411,0.0107422,0
2051,53279965,56826,0.046875,0
2052,53297994,18029,0.00634766,0
2053,53330919,32925,0.0332031,0
2054,53393732,62813,0.0322266,0
2055,53448200,54468,0.0483398,0
2056,53487668,39468,0.0283203,0
2057,53535950,48282,0.0390625,0
2058,53573884,37934,0.0498047,0
2059,53607504,33620,0.0185547,0
2060,53618213,10709,0.0126953,0
2061,53643024,24811,0.0249023,0
2062,53707157,64133,0.0385742,0
2063,53717366,10209,0.0224609,0
2064,53717914,548,0.00390625,0
2065,53718190,276,0.00390625,0
2066,53718466,276,0.00390625,0
2067,53719014,548,0.0131836,0
2068,53719417,403,0.00390625,0
2069,53719693,276,0.00390625,0
2070,53720096,403,0.0161133,0
2071,53720547,451,0.00390625,0
2072,53721432,885,0.0351562,0
2073,53722565,1133,0.0263672,0
2074,53723750,1185,0.0297852,0
2075,53725064,1314,0.0292969,0
2076,53726106,1042,0.0263672,0
2077,53727291,1185,0.0297852,0
2078,53728605,1314,0.0292969,0
2079,53729677,1072,0.0292969,0
2080,53828121,98444,0.376465,0
2081,53836230,8109,0.0078125,0
2082,54095872,259642,0.332031,0
2083,54119707,23835,0.0249023,0
2084,54166647,46940,0.050293,0
2085,54173630,6983,0.00878906,0
2086,54203377,29747,0.0327148,0
2087,54208597,5220,0.012207,0
2088,54279531,70934,0.0678711,0
2089,54334070,54539,0.046875,0
2090,54342837,8767,0.012207,0
2091,54364819,21982,0.019043,0
2092,54441603,76784,0.0742188,0
2093,54454606,13003,0.015625,0
2094,54460946,6340,0.00976562,0
2095,54506993,46047,0.0415039,0
2096,54516734,9741,0.0117188,0
2097,54529425,12691,0.0151367,0
2098,54544191,14766,0.00976562,0
2099,54554522,10331,0.00878906,0
2100,54562544,8022,0.012207,0
2101,54582329,19785,0.0263672,0
2102,54631768,49439,0.0400391,0
2103,54655105,23337,0.0107422,0
2104,54687747,32642,0.0400391,0
2105,54717659,29912,0.0117188,0
2106,54736208,18549,0.0263672,0
2107,54752851,16643,0.00976562,0
2108,54774059,21208,0.0107422,0
2109,54789360,15301,0.00585938,0
2110,54811676,22316,0.0107422,0
2111,54825704,14028,0.00537109,0
2112,54859640,33936,0.00927734,0
2113,54908908,49268,0.0107422,0
2114,54912854,3946,0.00390625,0
2115,54973935,61081,0.0131836,0
2116,55018956,45021,0.0146484,0
2117,55039469,20513,0.0141602,0
2118,55059425,19956,0.00683594,0
2119,55075014,15589,0.0263672,0
2120,55104560,29546,0.0180664,0
2121,55156117,51557,0.0151367,0
2122,55174439,18322,0.0107422,0
2123,55189947,15508,0.0131836,0
2124,55219878,29931,0.0151367,0
2125,55300186,80308,0.0932617,0
2126,55333561,33375,0.027832,0
2127,55353339,19778,0.0107422,0
2128,55368383,15044,0.012207,0
2129,55386335,17952,0.0166016,0
2130,55417241,30906,0.012207,0
2131,55476736,59495,0.0488281,0
2132,55509149,32413,0.0131836,0
2133,55551051,41902,0.0415039,0
2134,55589566,38515,0.0356445,0
2135,55601937,12371,0.012207,0
2136,55617656,15719,0.0224609,0
2137,55641586,23930,0.0390625,0
2138,55723502,81916,0.0947266,0
2139,55751808,28306,0.0205078,0
2140,55792194,40386,0.0102539,0
2141,55815361,23167,0.0371094,0
2142,55840550,25189,0.0332031,0
2143,55859386,18836,0.0131836,0
2144,55877813,18427,0.0161133,0
2145,55892011,14198,0.00976562,0
2146,55914512,22501,0.00683594,0
2147,55937156,22644,0.00732422,0
2148,56035287,98131,0.0478516,0
2149,56050931,15644,0.0131836,0
2150,56061103,10172,0.00537109,0
2151,56091996,30893,0.012207,0
2152,56132725,40729,0.0146484,0
2153,56174870,42145,0.0146484,0
2154,56237270,62400,0.0693359,0
2155,56293867,56597,0.0678711,0
2156,56340614,46747,0.0634766,0
2157,56382478,41864,0.0424805,0
2158,56394322,11844,0.019043,0
2159,56415357,21035,0.0112305,0
2160,56441653,26296,0.0229492,0
2161,56479705,38052,0.0170898,0
2162,56500618,20913,0.0107422,0
2163,56537828,37210,0.0141602,0
2164,56562373,24545,0.0283203,0
2165,56595111,32738,0.0488281,0
2166,56619085,23974,0.027832,0
2167,56651309,32224,0.0161133,0
2168,56699413,48104,0.0649414,0
2169,56728910,29497,0.0351562,0
2170,56741999,13089,0.00976562,0
2171,56766978,24979,0.0249023,0
2172,56792890,25912,0.0234375,0
2173,56850064,57174,0.0195312,0
2174,56882923,32859,0.0234375,0
2175,56894745,11822,0.0200195,0
2176,56905470,10725,0.0229492,0
2177,56974871,69401,0.0820312,0
2178,57007026,32155,0.0224609,0
2179,57015195,8169,0.012207,0
2180,57061983,46788,0.0356445,0
2181,57087287,25304,0.0317383,0
2182,57115109,27822,0.0283203,0
2183,57125930,10821,0.0161133,0
2184,57201618,75688,0.081543,0
2185,57230606,28988,0.0263672,0
2186,57260810,30204,0.0209961,0
2187,57283892,23082,0.0180664,0
2188,57327987,44095,0.0712891,0
2189,57364558,36571,0.0395508,0
2190,57394275,29717,0.0302734,0
2191,57441944,47669,0.0390625,0
2192,57461791,19847,0.0244141,0
2193,57478182,16391,0.0268555,0
2194,57488568,10386,0.0126953,0
2195,57516255,27687,0.0400391,0
2196,57549369,33114,0.0302734,0
2197,57565791,16422,0.0327148,0
2198,57584165,18374,0.0205078,0
2199,57592014,7849,0.00439453,0
2200,57604128,12114,0.0200195,0
2201,57620379,16251,0.0136719,0
2202,57645801,25422,0.0336914,0
2203,57673324,27523,0.0356445,0
2204,57711093,37769,0.03125,0
2205,57732104,21011,0.0234375,0
2206,57736939,4835,0.0117188,0
2207,57764902,27963,0.0390625,0
2208,57818416,53514,0.0327148,0
2209,57831635,13219,0.0200195,0
2210,57832136,501,0.00390625,0
2211,57832412,276,0.00390625,0
2212,57832688,276,0.00390625,0
2213,57833236,548,0.0131836,0
2214,57833639,403,0.00390625,0
2215,57833915,276,0.00390625,0
2216,57834318,403,0.0161133,0
2217,57834769,451,0.00390625,0
2218,57835792,1023,0.0410156,0
2219,57837009,1217,0.0263672,0
2220,57838194,1185,0.0297852,0
2221,57839508,1314,0.0292969,0
2222,57840711,1203,0.0302734,0
2223,57842038,1327,0.0292969,0
2224,57843080,1042,0.0263672,0
2225,57844295,1215,0.0317383,0
2226,57845619,1324,0.0288086,0
2227,57846839,1220,0.0297852,0
2228,57848153,1314,0.0292969,0
2229,57849195,1042,0.0263672,0
2230,57952625,103430,0.383789,0
2231,57981080,28455,0.0512695,0
2232,57989073,7993,0.015625,0
2233,57998842,9769,0.019043,0
2234,58032421,33579,0.0566406,0
2235,58071696,39275,0.0625,0
2236,58196134,124438,0.15332,0
2237,58209999,13865,0.015625,0
2238,58229816,19817,0.0229492,0
2239,58240330,10514,0.0151367,0
2240,58314895,74565,0.0732422,0
2241,58327774,12879,0.00878906,0
2242,58347306,19532,0.027832,0
2243,58352094,4788,0.00537109,0
2244,58366572,14478,0.0185547,0
2245,58441863,75291,0.0732422,0
2246,58451258,9395,0.0117188,0
2247,58461695,10437,0.0146484,0
2248,58492473,30778,0.0175781,0
2249,58508866,16393,0.0258789,0
2250,58546070,37204,0.0126953,0
2251,58606437,60367,0.0761719,0
2252,58656408,49971,0.0419922,0
2253,58669652,13244,0.012207,0
2254,58674144,4492,0.00830078,0
2255,58688875,14731,0.0146484,0
2256,58697563,8688,0.0117188,0
2257,58744661,47098,0.0395508,0
2258,58775146,30485,0.0288086,0
2259,58823450,48304,0.0141602,0
2260,58853258,29808,0.0219727,0
2261,58856827,3569,0.00390625,0
2262,58873272,16445,0.00585938,0
2263,58891236,17964,0.00634766,0
2264,58908781,17545,0.00585938,0
2265,58961403,52622,0.0195312,0
2266,58981194,19791,0.0107422,0
2267,59033808,52614,0.0219727,0
2268,59077393,43585,0.0141602,0
2269,59128738,51345,0.0180664,0
2270,59141007,12269,0.0161133,0
2271,59197804,56797,0.0478516,0
2272,59223392,25588,0.0175781,0
2273,59244096,20704,0.0229492,0
2274,59262854,18758,0.0263672,0
2275,59272309,9455,0.00878906,0
2276,59308447,36138,0.0380859,0
2277,59342044,33597,0.0126953,0
2278,59351338,9294,0.00488281,0
2279,59396195,44857,0.0195312,0
2280,59411524,15329,0.00585938,0
2281,59465279,53755,0.0117188,0
2282,59486192,20913,0.0244141,0
2283,59500315,14123,0.00585938,0
2284,59527869,27554,0.0219727,0
2285,59574272,46403,0.0219727,0
2286,59610917,36645,0.0317383,0
2287,59651655,40738,0.0439453,0
2288,59678533,26878,0.0078125,0
2289,59718934,40401,0.0239258,0
2290,59741599,22665,0.0566406,0
2291,59768593,26994,0.0273438,0
2292,59794324,25731,0.0234375,0
2293,59838639,44315,0.0478516,0
2294,59854439,15800,0.00585938,0
2295,59899297,44858,0.0107422,0
2296,59937322,38025,0.0170898,0
2297,59968343,31021,0.019043,0
2298,59979474,11131,0.0126953,0
2299,59992360,12886,0.00976562,0
2300,60018399,26039,0.0180664,0
2301,60046044,27645,0.015625,0
2302,60074518,28474,0.0322266,0
2303,60095744,21226,0.0141602,0
2304,60112668,16924,0.0239258,0
2305,60135194,22526,0.0375977,0
2306,60161635,26441,0.0317383,0
2307,60188169,26534,0.0380859,0
2308,60229677,41508,0.0405273,0
2309,60243316,13639,0.0229492,0
2310,60288978,45662,0.0400391,0
2311,60326720,37742,0.0170898,0
2312,60378601,51881,0.0258789,0
2313,60411417,32816,0.0366211,0
2314,60425976,14559,0.0131836,0
2315,60470209,44233,0.0512695,0
2316,60504038,33829,0.0297852,0
2317,60521926,17888,0.0302734,0
2318,60561514,39588,0.0444336,0
2319,60588893,27379,0.0117188,0
2320,60621606,32713,0.0458984,0
2321,60634972,13366,0.0195312,0
2322,60644914,9942,0.0195312,0
2323,60658420,13506,0.00537109,0
2324,60674877,16457,0.0170898,0
2325,60694197,19320,0.0195312,0
2326,60726014,31817,0.0615234,0
2327,60758043,32029,0.0249023,0
2328,60777683,19640,0.0141602,0
2329,60794608,16925,0.0136719,0
2330,60838666,44058,0.0488281,0
2331,60866433,27767,0.0375977,0
2332,60875609,9176,0.0185547,0
2333,60915455,39846,0.0458984,0
2334,60938743,23288,0.0322266,0
2335,60966218,27475,0.0205078,0
2336,60981631,15413,0.0131836,0
2337,60984047,2416,0.00830078,0
2338,61005457,21410,0.0229492,0
2339,61018185,12728,0.0161133,0
2340,61029104,10919,0.0292969,0
2341,61066456,37352,0.0161133,0
2342,61077104,10648,0.0161133,0
2343,61123116,46012,0.0454102,0
2344,61152352,29236,0.0244141,0
2345,61174653,22301,0.03125,0
2346,61218661,44008,0.050293,0
2347,61253977,35316,0.0371094,0
2348,61292691,38714,0.0229492,0
2349,61302056,9365,0.0229492,0
2350,61302605,549,0.00390625,0
2351,61302881,276,0.00390625,0
2352,61303157,276,0.00390625,0
2353,61303713,556,0.0131836,0
2354,61304116,403,0.00390625,0
2355,61304392,276,0.00390625,0
2356,61304795,403,0.0161133,0
2357,61305246,451,0.00390625,0
2358,61306223,977,0.0390625,0
2359,61307412,1189,0.0263672,0
2360,61308597,1185,0.0297852,0
2361,61309911,1314,0.0292969,0
2362,61310953,1042,0.0263672,0
2363,61312138,1185,0.0297852,0
2364,61313452,1314,0.0292969,0
2365,61314524,1072,0.0292969,0
2366,61315751,1227,0.0297852,0
2367,61317065,1314,0.0292969,0
2368,61318107,1042,0.0263672,0
2369,61416813,98706,0.383789,0
2370,61536348,119535,0.1875,0
2371,61547072,10724,0.00878906,0
2372,61660813,113741,0.131348,0
2373,61725059,64246,0.0795898,0
2374,61799099,74040,0.0742188,0
2375,61836030,36931,0.0410156,0
2376,61906690,70660,0.0634766,0
2377,61922390,15700,0.0214844,0
2378,61941138,18748,0.0185547,0
2379,61966597,25459,0.0117188,0
2380,61977959,11362,0.00878906,0
2381,62001677,23718,0.0366211,0
2382,62021507,19830,0.0170898,0
2383,62042150,20643,0.0102539,0
2384,62068538,26388,0.0307617,0
2385,62086256,17718,0.0102539,0
2386,62108927,22671,0.0170898,0
2387,62145632,36705,0.0166016,0
2388,62197912,52280,0.0214844,0
2389,62200353,2441,0.00390625,0
2390,62219215,18862,0.00634766,0
2391,62234139,14924,0.00976562,0
2392,62242125,7986,0.00439453,0
2393,62301516,59391,0.0229492,0
2394,62316444,14928,0.0131836,0
2395,62345784,29340,0.0151367,0
2396,62366460,20676,0.00683594,0
2397,62391205,24745,0.0146484,0
2398,62424602,33397,0.0126953,0
2399,62452452,27850,0.027832,0
2400,62526075,73623,0.0185547,0
2401,62536932,10857,0.0126953,0
2402,62549105,12173,0.0131836,0
2403,62567854,18749,0.0170898,0
2404,62613156,45302,0.0229492,0
2405,62657716,44560,0.0463867,0
2406,62673755,16039,0.0131836,0
2407,62711181,37426,0.0439453,0
2408,62719428,8247,0.015625,0
2409,62730699,11271,0.0219727,0
2410,62768889,38190,0.0541992,0
2411,62835814,66925,0.0830078,0
2412,62877014,41200,0.0136719,0
2413,62921464,44450,0.0385742,0
2414,62927624,6160,0.00927734,0
2415,62965887,38263,0.0341797,0
2416,62982337,16450,0.0195312,0
2417,63001994,19657,0.0161133,0
2418,63051534,49540,0.0327148,0
2419,63071856,20322,0.0175781,0
2420,63099656,27800,0.0249023,0
2421,63157771,58115,0.0170898,0
2422,63233226,75455,0.0205078,0
2423,63266788,33562,0.0126953,0
2424,63272425,5637,0.00878906,0
2425,63283206,10781,0.00537109,0
2426,63309317,26111,0.0512695,0
2427,63315134,5817,0.00439453,0
2428,63360100,44966,0.0756836,0
2429,63386538,26438,0.0439453,0
2430,63413348,26810,0.0180664,0
2431,63439293,25945,0.0180664,0
2432,63511680,72387,0.0532227,0
2433,63544618,32938,0.0390625,0
2434,63568003,23385,0.00732422,0
2435,63595447,27444,0.00830078,0
2436,63611961,16514,0.0131836,0
2437,63665823,53862,0.0273438,0
2438,63693628,27805,0.0180664,0
2439,63722549,28921,0.0424805,0
2440,63733356,10807,0.00927734,0
2441,63789201,55845,0.0361328,0
2442,63828976,39775,0.0336914,0
2443,63844345,15369,0.019043,0
2444,63876705,32360,0.0185547,0
2445,63938232,61527,0.0454102,0
2446,63962527,24295,0.0253906,0
2447,64006878,44351,0.027832,0
2448,64026356,19478,0.0146484,0
2449,64045880,19524,0.0351562,0
2450,64071752,25872,0.0263672,0
2451,64115822,44070,0.0239258,0
2452,64142094,26272,0.0185547,0
2453,64188059,45965,0.027832,0
2454,64199396,11337,0.0209961,0
2455,64242881,43485,0.0371094,0
2456,64280277,37396,0.0219727,0
2457,64283859,3582,0.0161133,0
2458,64284322,463,0.00390625,0
2459,64284598,276,0.00390625,0
2460,64284874,276,0.00390625,0
2461,64285422,548,0.0131836,0
2462,64285825,403,0.00390625,0
2463,64286101,276,0.00390625,0
2464,64286504,403,0.0161133,0
2465,64286955,451,0.00390625,0
2466,64287748,793,0.0317383,0
2467,64288832,1084,0.0263672,0
2468,64290017,1185,0.0297852,0
2469,64291331,1314,0.0292969,0
2470,64292373,1042,0.0263672,0
2471,64294017,1644,0.120605,0
2472,64459087,165070,0.449219,0
2473,64471648,12561,0.015625,0
2474,64624286,152638,0.197754,0
2475,64678046,53760,0.0551758,0
2476,64725537,47491,0.0532227,0
2477,64729752,4215,0.00830078,0
2478,64764261,34509,0.0356445,0
2479,64794288,30027,0.0317383,0
2480,64838385,44097,0.0449219,0
2481,64856806,18421,0.015625,0
2482,64863667,6861,0.00878906,0
2483,64944498,80831,0.0820312,0
2484,64955036,10538,0.00878906,0
2485,64977588,22552,0.0107422,0
2486,64997991,20403,0.0332031,0
2487,65006110,8119,0.012207,0
2488,65018311,12201,0.012207,0
2489,65033898,15587,0.0180664,0
2490,65050996,17098,0.00976562,0
2491,65088420,37424,0.0126953,0
2492,65098315,9895,0.0126953,0
2493,65127503,29188,0.0429688,0
2494,65158900,31397,0.0327148,0
2495,65208324,49424,0.0341797,0
2496,65243367,35043,0.0126953,0
2497,65258686,15319,0.00585938,0
2498,65288305,29619,0.0273438,0
2499,65299510,11205,0.00488281,0
2500,65316735,17225,0.00634766,0
2501,65324508,7773,0.00439453,0
2502,65338082,13574,0.00537109,0
2503,65365339,27257,0.0078125,0
2504,65368535,3196,0.00390625,0
2505,65411448,42913,0.0141602,0
2506,65452075,40627,0.00976562,0
2507,65458088,6013,0.0117188,0
2508,65481233,23145,0.0146484,0
2509,65529650,48417,0.0209961,0
2510,65535734,6084,0.00878906,0
2511,65564817,29083,0.0151367,0
2512,65611030,46213,0.0385742,0
2513,65624046,13016,0.00537109,0
2514,65660310,36264,0.0185547,0
2515,65670894,10584,0.012207,0
2516,65697931,27037,0.0180664,0
2517,65732768,34837,0.0126953,0
2518,65770677,37909,0.0361328,0
2519,65800592,29915,0.03125,0
2520,65839507,38915,0.00927734,0
2521,65883228,43721,0.0185547,0
2522,65894171,10943,0.0224609,0
2523,65901119,6948,0.00439453,0
2524,65924573,23454,0.00683594,0
2525,65939860,15287,0.0102539,0
2526,65952042,12182,0.0195312,0
2527,65974095,22053,0.0273438,0
2528,66001513,27418,0.0244141,0
2529,66022576,21063,0.0166016,0
2530,66044066,21490,0.0249023,0
2531,66081834,37768,0.0170898,0
2532,66130765,48931,0.0527344,0
2533,66186054,55289,0.0541992,0
2534,66203741,17687,0.0317383,0
2535,66224675,20934,0.00683594,0
2536,66239436,14761,0.0131836,0
2537,66297775,58339,0.0224609,0
2538,66323621,25846,0.0151367,0
2539,66327211,3590,0.00830078,0
2540,66363546,36335,0.0253906,0
2541,66373256,9710,0.00488281,0
2542,66376424,3168,0.00878906,0
2543,66402545,26121,0.0214844,0
2544,66464355,61810,0.0722656,0
2545,66478817,14462,0.00976562,0
2546,66545509,66692,0.0493164,0
2547,66600026,54517,0.0351562,0
2548,66620214,20188,0.0239258,0
2549,66665149,44935,0.059082,0
2550,66708900,43751,0.03125,0
2551,66744154,35254,0.0234375,0
2552,66787938,43784,0.0571289,0
2553,66793780,5842,0.00439453,0
2554,66825281,31501,0.0258789,0
2555,66860016,34735,0.0136719,0
2556,66885077,25061,0.0151367,0
2557,66919420,34343,0.0522461,0
2558,66932813,13393,0.00537109,0
2559,66977578,44765,0.0317383,0
2560,66994710,17132,0.0263672,0
2561,67027333,32623,0.0361328,0
2562,67036402,9069,0.0263672,0
2563,67064161,27759,0.0473633,0
2564,67099065,34904,0.0439453,0
2565,67134828,35763,0.0224609,0
2566,67149878,15050,0.0136719,0
2567,67165704,15826,0.0136719,0
2568,67191393,25689,0.019043,0
2569,67212271,20878,0.0141602,0
2570,67254831,42560,0.0297852,0
2571,67294146,39315,0.0297852,0
2572,67306592,12446,0.0151367,0
2573,67352693,46101,0.0371094,0
2574,67393717,41024,0.0263672,0
2575,67409929,16212,0.0268555,0
2576,67410534,605,0.00390625,0
2577,67410810,276,0.00390625,0
2578,67411086,276,0.00390625,0
2579,67411634,548,0.0131836,0
2580,67412037,403,0.00390625,0
2581,67412313,276,0.00390625,0
2582,67412716,403,0.0161133,0
2583,67413167,451,0.00390625,0
2584,67413868,701,0.027832,0
2585,67414896,1028,0.0263672,0
