checkpoints,cycle count,last checkpoint,dirty ratio,cause
1,131892,131892,0.410645,0
2,154573,22681,0.0317383,0
3,169640,15067,0.0253906,0
4,198974,29334,0.0458984,0
5,223446,24472,0.0385742,0
6,340261,116815,0.140625,0
7,400468,60207,0.0605469,0
8,554839,154371,0.147461,0
9,691625,136786,0.11084,0
10,765030,73405,0.050293,0
11,774524,9494,0.0180664,0
12,855381,80857,0.0405273,0
13,895399,40018,0.0288086,0
14,912395,16996,0.0126953,0
15,961671,49276,0.0551758,0
16,999451,37780,0.0126953,0
17,1051227,51776,0.0395508,0
18,1057344,6117,0.0117188,0
19,1184593,127249,0.012207,0
20,1211152,26559,0.0205078,0
21,1241700,30548,0.0151367,0
22,1314767,73067,0.012207,0
23,1399393,84626,0.0361328,0
24,1506030,106637,0.0112305,0
25,1603908,97878,0.0625,0
26,1634763,30855,0.015625,0
27,1665892,31129,0.0371094,0
28,1700743,34851,0.0292969,0
29,1745951,45208,0.0283203,0
30,1779573,33622,0.0263672,0
31,1864144,84571,0.0327148,0
32,1886585,22441,0.0273438,0
33,1926611,40026,0.0507812,0
34,1943288,16677,0.0288086,0
35,2002696,59408,0.0722656,0
36,2080676,77980,0.0429688,0
37,2150674,69998,0.0151367,0
38,2252658,101984,0.0249023,0
39,2439466,186808,0.12207,0
40,2551567,112101,0.116699,0
41,2556794,5227,0.0078125,0
42,2614846,58052,0.0195312,0
43,2671237,56391,0.0327148,0
44,2760408,89171,0.065918,0
45,2832702,72294,0.0834961,0
46,2956594,123892,0.0668945,0
47,2997356,40762,0.0166016,0
48,3031702,34346,0.0361328,0
49,3052390,20688,0.0239258,0
50,3161477,109087,0.0859375,0
51,3274604,113127,0.0810547,0
52,3320233,45629,0.0292969,0
53,3386306,66073,0.0859375,0
54,3443745,57439,0.0244141,0
55,3522899,79154,0.0810547,0
56,3627043,104144,0.0722656,0
57,3684518,57475,0.0610352,0
58,3746684,62166,0.0595703,0
59,3837594,90910,0.050293,0
60,3872456,34862,0.0268555,0
61,3897104,24648,0.0283203,0
62,3922952,25848,0.0380859,0
63,3985975,63023,0.0307617,0
64,4081277,95302,0.409668,0
65,4092216,10939,0.0180664,0
66,4100293,8077,0.0185547,0
67,4108838,8545,0.019043,0
68,4125102,16264,0.0327148,0
69,4162954,37852,0.0698242,0
70,4352870,189916,0.235352,0
71,4429236,76366,0.0776367,0
72,4456102,26866,0.0297852,0
73,4479627,23525,0.0219727,0
74,4538956,59329,0.0512695,0
75,4557834,18878,0.0102539,0
76,4577200,19366,0.00976562,0
77,4645072,67872,0.074707,0
78,4724884,79812,0.0615234,0
79,4760483,35599,0.0327148,0
80,4868291,107808,0.0878906,0
81,4934065,65774,0.0522461,0
82,4982061,47996,0.0268555,0
83,5114802,132741,0.0185547,0
84,5146676,31874,0.0151367,0
85,5200566,53890,0.015625,0
86,5303227,102661,0.0717773,0
87,5346375,43148,0.0170898,0
88,5363956,17581,0.0131836,0
89,5382133,18177,0.0102539,0
90,5481430,99297,0.0288086,0
91,5491590,10160,0.0102539,0
92,5511412,19822,0.0263672,0
93,5566438,55026,0.0209961,0
94,5688410,121972,0.0327148,0
95,5768476,80066,0.0703125,0
96,5796856,28380,0.027832,0
97,5828648,31792,0.0356445,0
98,5848267,19619,0.0200195,0
99,5903671,55404,0.0649414,0
100,5911113,7442,0.00878906,0
101,5934212,23099,0.0244141,0
102,5968912,34700,0.0297852,0
103,6020301,51389,0.0571289,0
104,6134110,113809,0.0722656,0
105,6153502,19392,0.0288086,0
106,6201171,47669,0.0175781,0
107,6280366,79195,0.0136719,0
108,6341011,60645,0.012207,0
109,6425090,84079,0.0361328,0
110,6607954,182864,0.0986328,0
111,6736168,128214,0.0541992,0
112,6839974,103806,0.034668,0
113,7007009,167035,0.0839844,0
114,7070632,63623,0.050293,0
115,7142600,71968,0.0600586,0
116,7202158,59558,0.0678711,0
117,7267278,65120,0.0488281,0
118,7327077,59799,0.0317383,0
119,7428987,101910,0.40332,0
120,7516821,87834,0.161133,0
121,7526412,9591,0.015625,0
122,7547023,20611,0.0327148,0
123,7727797,180774,0.211426,0
124,7778243,50446,0.0273438,0
125,7807584,29341,0.0517578,0
126,7833151,25567,0.0273438,0
127,7859970,26819,0.012207,0
128,7876457,16487,0.0317383,0
129,7983095,106638,0.103516,0
130,8030055,46960,0.0473633,0
131,8064199,34144,0.0317383,0
132,8189501,125302,0.0996094,0
133,8196003,6502,0.0117188,0
134,8265684,69681,0.0405273,0
135,8268768,3084,0.00537109,0
136,8347414,78646,0.0708008,0
137,8400516,53102,0.0400391,0
138,8443613,43097,0.0283203,0
139,8473914,30301,0.0117188,0
140,8520919,47005,0.0292969,0
141,8529819,8900,0.0107422,0
142,8539276,9457,0.0151367,0
143,8755715,216439,0.0117188,0
144,8879038,123323,0.0141602,0
145,8974345,95307,0.0185547,0
146,8993835,19490,0.0107422,0
147,9105277,111442,0.0712891,0
148,9141766,36489,0.0595703,0
149,9162439,20673,0.0200195,0
150,9180946,18507,0.00927734,0
151,9193117,12171,0.0185547,0
152,9239156,46039,0.0170898,0
153,9312540,73384,0.03125,0
154,9326563,14023,0.0126953,0
155,9332715,6152,0.0141602,0
156,9343179,10464,0.0180664,0
157,9350395,7216,0.00830078,0
158,9358589,8194,0.015625,0
159,9367185,8596,0.0161133,0
160,9387227,20042,0.0297852,0
161,9403921,16694,0.019043,0
162,9455398,51477,0.0131836,0
163,9543538,88140,0.0629883,0
164,9604049,60511,0.0537109,0
165,9642875,38826,0.0249023,0
166,9658655,15780,0.00976562,0
167,9775304,116649,0.0380859,0
168,9920354,145050,0.0639648,0
169,9927774,7420,0.0185547,0
170,9973203,45429,0.0581055,0
171,10061745,88542,0.0654297,0
172,10108120,46375,0.0800781,0
173,10118396,10276,0.012207,0
174,10122789,4393,0.00830078,0
175,10160329,37540,0.0224609,0
176,10176887,16558,0.00976562,0
177,10217720,40833,0.0380859,0
178,10282261,64541,0.0375977,0
179,10364754,82493,0.0498047,0
180,10455326,90572,0.104004,0
181,10533073,77747,0.0356445,0
182,10618433,85360,0.0625,0
183,10769031,150598,0.10498,0
184,10899827,130796,0.103516,0
185,10963342,63515,0.0297852,0
186,11014362,51020,0.0678711,0
187,11106380,92018,0.0654297,0
188,11179355,72975,0.0419922,0
189,11248990,69635,0.0546875,0
190,11280108,31118,0.043457,0
191,11310678,30570,0.0268555,0
192,11344595,33917,0.0341797,0
193,11372899,28304,0.0385742,0
194,11429722,56823,0.0366211,0
195,11539774,110052,0.379395,0
196,11612915,73141,0.131836,0
197,11816959,204044,0.251465,0
198,11886081,69122,0.0761719,0
199,11983645,97564,0.0952148,0
200,12103727,120082,0.0942383,0
201,12140862,37135,0.0126953,0
202,12183244,42382,0.0283203,0
203,12253490,70246,0.0771484,0
204,12270061,16571,0.00976562,0
205,12300584,30523,0.0214844,0
206,12397934,97350,0.0439453,0
207,12484895,86961,0.0175781,0
208,12534607,49712,0.0151367,0
209,12619969,85362,0.019043,0
210,12708699,88730,0.0454102,0
211,12817255,108556,0.109863,0
212,12868393,51138,0.0268555,0
213,12891993,23600,0.0170898,0
214,12914382,22389,0.0151367,0
215,12916835,2453,0.00537109,0
216,12942807,25972,0.0209961,0
217,12955761,12954,0.00976562,0
218,12972577,16816,0.0166016,0
219,12977697,5120,0.00537109,0
220,13041344,63647,0.0161133,0
221,13093040,51696,0.0341797,0
222,13122533,29493,0.03125,0
223,13174812,52279,0.0317383,0
224,13269979,95167,0.0712891,0
225,13321676,51697,0.0200195,0
226,13371935,50259,0.0229492,0
227,13428991,57056,0.0522461,0
228,13550576,121585,0.0556641,0
229,13633135,82559,0.0576172,0
230,13689156,56021,0.0541992,0
231,13716999,27843,0.0136719,0
232,13775595,58596,0.0185547,0
233,13839150,63555,0.0366211,0
234,13923227,84077,0.0380859,0
235,14019236,96009,0.0834961,0
236,14068892,49656,0.0341797,0
237,14173060,104168,0.0898438,0
238,14290396,117336,0.0712891,0
239,14313716,23320,0.0249023,0
240,14362795,49079,0.0273438,0
241,14398505,35710,0.0556641,0
242,14456812,58307,0.0639648,0
243,14486773,29961,0.0117188,0
244,14500274,13501,0.0380859,0
245,14592895,92621,0.0610352,0
246,14708171,115276,0.0507812,0
247,14741610,33439,0.243652,0
248,14929979,188369,0.37207,0
249,15087243,157264,0.174805,0
250,15134668,47425,0.0375977,0
251,15167788,33120,0.0405273,0
252,15181839,14051,0.0161133,0
253,15189094,7255,0.00878906,0
254,15244822,55728,0.0322266,0
255,15317555,72733,0.0810547,0
256,15366793,49238,0.0415039,0
257,15373732,6939,0.0112305,0
258,15379178,5446,0.00634766,0
259,15383161,3983,0.00488281,0
260,15412310,29149,0.00976562,0
261,15463958,51648,0.0366211,0
262,15515897,51939,0.0439453,0
263,15537403,21506,0.0268555,0
264,15595579,58176,0.0551758,0
265,15609871,14292,0.0219727,0
266,15663963,54092,0.0429688,0
267,15798079,134116,0.0297852,0
268,15853916,55837,0.00976562,0
269,15960051,106135,0.0258789,0
270,16018611,58560,0.0112305,0
271,16058481,39870,0.0136719,0
272,16059713,1232,0.00537109,0
273,16067802,8089,0.00878906,0
274,16130850,63048,0.0229492,0
275,16147345,16495,0.0200195,0
276,16154369,7024,0.0112305,0
277,16201197,46828,0.034668,0
278,16220331,19134,0.0131836,0
279,16310724,90393,0.0395508,0
280,16352060,41336,0.019043,0
281,16432477,80417,0.0932617,0
282,16463320,30843,0.03125,0
283,16557731,94411,0.0908203,0
284,16600798,43067,0.0424805,0
285,16611104,10306,0.00878906,0
286,16642004,30900,0.0102539,0
287,16745442,103438,0.0380859,0
288,16748646,3204,0.00878906,0
289,16823680,75034,0.0893555,0
290,16852385,28705,0.0112305,0
291,16877009,24624,0.0253906,0
292,16914339,37330,0.0449219,0
293,17019508,105169,0.0605469,0
294,17113563,94055,0.0244141,0
295,17194141,80578,0.0727539,0
296,17328812,134671,0.0864258,0
297,17444921,116109,0.0800781,0
298,17494588,49667,0.0478516,0
299,17568006,73418,0.0532227,0
300,17731208,163202,0.0874023,0
301,17753917,22709,0.0214844,0
302,17790484,36567,0.0356445,0
303,17827432,36948,0.0395508,0
304,17898557,71125,0.101562,0
305,17999174,100617,0.404785,0
306,18079388,80214,0.137207,0
307,18089290,9902,0.015625,0
308,18099964,10674,0.0205078,0
309,18227365,127401,0.144531,0
310,18283475,56110,0.0673828,0
311,18290637,7162,0.0117188,0
312,18339701,49064,0.0400391,0
313,18370903,31202,0.0400391,0
314,18477052,106149,0.101562,0
315,18532002,54950,0.0336914,0
316,18535142,3140,0.00830078,0
317,18537008,1866,0.00537109,0
318,18599035,62027,0.0639648,0
319,18654558,55523,0.0405273,0
320,18722193,67635,0.0571289,0
321,18746446,24253,0.0219727,0
322,18840562,94116,0.0507812,0
323,18859950,19388,0.019043,0
324,18899271,39321,0.0180664,0
325,18946009,46738,0.0219727,0
326,19026215,80206,0.0415039,0
327,19056376,30161,0.0141602,0
328,19095590,39214,0.0380859,0
329,19138275,42685,0.0151367,0
330,19281854,143579,0.0224609,0
331,19339023,57169,0.0273438,0
332,19357122,18099,0.0136719,0
333,19400861,43739,0.019043,0
334,19448256,47395,0.0117188,0
335,19468004,19748,0.0332031,0
336,19506353,38349,0.0361328,0
337,19521629,15276,0.0161133,0
338,19549939,28310,0.0205078,0
339,19583138,33199,0.034668,0
340,19618740,35602,0.0112305,0
341,19707468,88728,0.0361328,0
342,19727300,19832,0.0107422,0
343,19754771,27471,0.00976562,0
344,19784034,29263,0.0498047,0
345,19886445,102411,0.0356445,0
346,19984450,98005,0.0424805,0
347,20047284,62834,0.0537109,0
348,20168326,121042,0.0649414,0
349,20277358,109032,0.0771484,0
350,20326986,49628,0.0561523,0
351,20406753,79767,0.0288086,0
352,20438536,31783,0.0385742,0
353,20464200,25664,0.0400391,0
354,20500012,35812,0.0585938,0
355,20583660,83648,0.0610352,0
356,20619248,35588,0.0185547,0
357,20714008,94760,0.046875,0
358,20737922,23914,0.0356445,0
359,20773875,35953,0.0234375,0
360,20828351,54476,0.0458984,0
361,20839716,11365,0.0209961,0
362,20866087,26371,0.0224609,0
363,20890388,24301,0.0351562,0
364,21086773,196385,0.421875,0
365,21154632,67859,0.0996094,0
366,21307150,152518,0.180664,0
367,21437822,130672,0.118652,0
368,21487804,49982,0.0454102,0
369,21573145,85341,0.0708008,0
370,21644132,70987,0.0668945,0
371,21721985,77853,0.0693359,0
372,21794337,72352,0.0507812,0
373,21798325,3988,0.00537109,0
374,21832882,34557,0.012207,0
375,21879832,46950,0.0322266,0
376,21926078,46246,0.0297852,0
377,21979001,52923,0.0424805,0
378,22030771,51770,0.0336914,0
379,22061801,31030,0.0239258,0
380,22116608,54807,0.059082,0
381,22178028,61420,0.0258789,0
382,22257892,79864,0.0219727,0
383,22301457,43565,0.0151367,0
384,22357957,56500,0.0151367,0
385,22403130,45173,0.0112305,0
386,22424662,21532,0.0107422,0
387,22489616,64954,0.012207,0
388,22584692,95076,0.0322266,0
389,22593869,9177,0.0126953,0
390,22650555,56686,0.0229492,0
391,22696064,45509,0.0527344,0
392,22737764,41700,0.0620117,0
393,22775314,37550,0.0288086,0
394,22795485,20171,0.0107422,0
395,22855081,59596,0.0605469,0
396,22858498,3417,0.00537109,0
397,22926338,67840,0.0229492,0
398,22975027,48689,0.0161133,0
399,23037816,62789,0.0351562,0
400,23071974,34158,0.0375977,0
401,23091666,19692,0.0107422,0
402,23162975,71309,0.0209961,0
403,23289193,126218,0.139648,0
404,23337062,47869,0.027832,0
405,23438081,101019,0.0332031,0
406,23498189,60108,0.0537109,0
407,23550760,52571,0.0351562,0
408,23614895,64135,0.046875,0
409,23652509,37614,0.0371094,0
410,23753629,101120,0.0541992,0
411,23809446,55817,0.0717773,0
412,23878202,68756,0.0566406,0
413,23919960,41758,0.0302734,0
414,23971947,51987,0.0454102,0
415,24021811,49864,0.0449219,0
416,24076727,54916,0.059082,0
417,24144945,68218,0.0424805,0
418,24161637,16692,0.0170898,0
419,24243316,81679,0.0566406,0
420,24280325,37009,0.0385742,0
421,24304052,23727,0.0239258,0
422,24485571,181519,0.420898,0
423,24504839,19268,0.0317383,0
424,24513433,8594,0.0151367,0
425,24552063,38630,0.0664062,0
426,24732237,180174,0.216797,0
427,24754371,22134,0.0224609,0
428,24767472,13101,0.0151367,0
429,24850828,83356,0.0908203,0
430,24890691,39863,0.0419922,0
431,24985236,94545,0.081543,0
432,25000827,15591,0.0151367,0
433,25022812,21985,0.0136719,0
434,25026480,3668,0.00878906,0
435,25075201,48721,0.0307617,0
436,25124615,49414,0.0395508,0
437,25180857,56242,0.0493164,0
438,25230835,49978,0.0361328,0
439,25280993,50158,0.0366211,0
440,25371584,90591,0.0585938,0
441,25486998,115414,0.0112305,0
442,25562381,75383,0.0292969,0
443,25641488,79107,0.0219727,0
444,25694956,53468,0.0102539,0
445,25732653,37697,0.019043,0
446,25786989,54336,0.0244141,0
447,25833048,46059,0.0410156,0
448,25864868,31820,0.0395508,0
449,25916801,51933,0.0595703,0
450,25933894,17093,0.00976562,0
451,25960678,26784,0.0151367,0
452,26018677,57999,0.0307617,0
453,26040546,21869,0.0126953,0
454,26073793,33247,0.0249023,0
455,26114991,41198,0.0234375,0
456,26160492,45501,0.0185547,0
457,26270123,109631,0.0737305,0
458,26276263,6140,0.015625,0
459,26280103,3840,0.00878906,0
460,26306592,26489,0.0410156,0
461,26314279,7687,0.012207,0
462,26347308,33029,0.0249023,0
463,26469553,122245,0.059082,0
464,26514582,45029,0.0200195,0
465,26556525,41943,0.0253906,0
466,26580138,23613,0.0180664,0
467,26604871,24733,0.0151367,0
468,26621169,16298,0.00927734,0
469,26740223,119054,0.0639648,0
470,26841980,101757,0.0673828,0
471,26888418,46438,0.0385742,0
472,26927084,38666,0.0375977,0
473,26940726,13642,0.0151367,0
474,27025959,85233,0.0771484,0
475,27071027,45068,0.0322266,0
476,27114411,43384,0.0488281,0
477,27192678,78267,0.0605469,0
478,27222504,29826,0.0307617,0
479,27245619,23115,0.03125,0
480,27279469,33850,0.0458984,0
481,27335143,55674,0.0307617,0
482,27479943,144800,0.395996,0
483,27637688,157745,0.263184,0
484,27653907,16219,0.0214844,0
485,27812383,158476,0.165527,0
486,27837149,24766,0.0327148,0
487,27856988,19839,0.0180664,0
488,27928084,71096,0.0722656,0
489,28005040,76956,0.0698242,0
490,28111474,106434,0.0922852,0
491,28167352,55878,0.0327148,0
492,28202496,35144,0.0419922,0
493,28240321,37825,0.00976562,0
494,28273960,33639,0.0283203,0
495,28348879,74919,0.027832,0
496,28395434,46555,0.0136719,0
497,28510260,114826,0.0200195,0
498,28557687,47427,0.0356445,0
499,28654676,96989,0.0927734,0
500,28804011,149335,0.0766602,0
501,28810859,6848,0.0078125,0
502,28848513,37654,0.0234375,0
503,28879393,30880,0.00878906,0
504,29030986,151593,0.0688477,0
505,29068866,37880,0.0263672,0
506,29073299,4433,0.00537109,0
507,29207480,134181,0.0869141,0
508,29217910,10430,0.0151367,0
509,29312335,94425,0.0253906,0
510,29381732,69397,0.0166016,0
511,29406557,24825,0.0249023,0
512,29455145,48588,0.0444336,0
513,29490326,35181,0.03125,0
514,29494542,4216,0.00878906,0
515,29568590,74048,0.0395508,0
516,29624648,56058,0.03125,0
517,29865989,241341,0.107422,0
518,29923547,57558,0.0419922,0
519,30031390,107843,0.0595703,0
520,30069209,37819,0.0336914,0
521,30088181,18972,0.0297852,0
522,30164372,76191,0.046875,0
523,30216743,52371,0.0307617,0
524,30351961,135218,0.410156,0
525,30363096,11135,0.0180664,0
526,30372071,8975,0.0170898,0
527,30624324,252253,0.325684,0
528,30697538,73214,0.0776367,0
529,30897503,199965,0.182617,0
530,30936343,38840,0.0161133,0
531,30968145,31802,0.0458984,0
532,31004251,36106,0.0224609,0
533,31007124,2873,0.00830078,0
534,31069241,62117,0.0527344,0
535,31074023,4782,0.00830078,0
536,31101214,27191,0.0283203,0
537,31127424,26210,0.0224609,0
538,31193799,66375,0.0527344,0
539,31230623,36824,0.0292969,0
540,31239554,8931,0.00830078,0
541,31271091,31537,0.015625,0
542,31320028,48937,0.0522461,0
543,31353874,33846,0.0151367,0
544,31386690,32816,0.0117188,0
545,31649320,262630,0.0292969,0
546,31777414,128094,0.0332031,0
547,31802811,25397,0.0180664,0
548,31831434,28623,0.0332031,0
549,31836570,5136,0.00830078,0
550,31845426,8856,0.0151367,0
551,31857271,11845,0.00927734,0
552,31869986,12715,0.0219727,0
553,31913706,43720,0.0195312,0
554,31920325,6619,0.012207,0
555,31936141,15816,0.0249023,0
556,31954447,18306,0.0219727,0
557,31962058,7611,0.00976562,0
558,31981119,19061,0.0292969,0
559,32025889,44770,0.0390625,0
560,32066502,40613,0.0498047,0
561,32116857,50355,0.0224609,0
562,32148420,31563,0.0205078,0
563,32154308,5888,0.0078125,0
564,32180814,26506,0.0268555,0
565,32199902,19088,0.0258789,0
566,32239695,39793,0.0244141,0
567,32286563,46868,0.0405273,0
568,32310910,24347,0.00927734,0
569,32433587,122677,0.0410156,0
570,32513976,80389,0.0249023,0
571,32555885,41909,0.0141602,0
572,32566736,10851,0.00976562,0
573,32679939,113203,0.0483398,0
574,32688527,8588,0.012207,0
575,32722049,33522,0.0244141,0
576,32789083,67034,0.0361328,0
577,32864590,75507,0.0136719,0
578,32955774,91184,0.0844727,0
579,33060593,104819,0.0449219,0
580,33098637,38044,0.0273438,0
581,33190637,92000,0.0585938,0
582,33273813,83176,0.0595703,0
583,33296344,22531,0.0263672,0
584,33344831,48487,0.0522461,0
585,33381025,36194,0.0385742,0
586,33501297,120272,0.0703125,0
587,33584421,83124,0.0322266,0
588,33768271,183850,0.401367,0
589,33777538,9267,0.0102539,0
590,33983281,205743,0.289551,0
591,34012726,29445,0.0322266,0
592,34104593,91867,0.09375,0
593,34253563,148970,0.135742,0
594,34305483,51920,0.0410156,0
595,34410393,104910,0.0898438,0
596,34452434,42041,0.0214844,0
597,34555846,103412,0.0927734,0
598,34614978,59132,0.0419922,0
599,34654299,39321,0.0161133,0
600,34665019,10720,0.00927734,0
601,34696624,31605,0.0185547,0
602,34743445,46821,0.0307617,0
603,34907025,163580,0.015625,0
604,34923606,16581,0.0161133,0
605,35006890,83284,0.0444336,0
606,35055987,49097,0.0253906,0
607,35100205,44218,0.0136719,0
608,35155133,54928,0.0327148,0
609,35157778,2645,0.00537109,0
610,35169164,11386,0.00830078,0
611,35187706,18542,0.0180664,0
612,35218861,31155,0.0405273,0
613,35279200,60339,0.0375977,0
614,35331151,51951,0.015625,0
615,35384617,53466,0.0322266,0
616,35409106,24489,0.0258789,0
617,35423366,14260,0.00976562,0
618,35498088,74722,0.0683594,0
619,35559857,61769,0.0317383,0
620,35609932,50075,0.027832,0
621,35655660,45728,0.0405273,0
622,35691557,35897,0.0439453,0
623,35744578,53021,0.0361328,0
624,35777238,32660,0.019043,0
625,35880837,103599,0.0297852,0
626,35930413,49576,0.0302734,0
627,36073021,142608,0.0517578,0
628,36159181,86160,0.065918,0
629,36276461,117280,0.0375977,0
630,36366253,89792,0.0678711,0
631,36437923,71670,0.0512695,0
632,36491917,53994,0.0268555,0
633,36565061,73144,0.046875,0
634,36590857,25796,0.0390625,0
635,36635869,45012,0.0463867,0
636,36718001,82132,0.0400391,0
637,36844523,126522,0.40625,0
638,36872984,28461,0.0366211,0
639,36995241,122257,0.169434,0
640,37010430,15189,0.0175781,0
641,37164494,154064,0.172852,0
642,37212911,48417,0.0478516,0
643,37290227,77316,0.0722656,0
644,37337033,46806,0.0336914,0
645,37362253,25220,0.0317383,0
646,37390908,28655,0.0107422,0
647,37405996,15088,0.00976562,0
648,37539370,133374,0.10498,0
649,37626562,87192,0.0473633,0
650,37689494,62932,0.0610352,0
651,37692924,3430,0.00683594,0
652,37758598,65674,0.0126953,0
653,37767887,9289,0.0112305,0
654,37834774,66887,0.0273438,0
655,37920512,85738,0.0141602,0
656,38032538,112026,0.0327148,0
657,38058218,25680,0.0273438,0
658,38112730,54512,0.0292969,0
659,38230982,118252,0.105469,0
660,38234576,3594,0.00537109,0
661,38354183,119607,0.0986328,0
662,38424221,70038,0.0170898,0
663,38536028,111807,0.0390625,0
664,38792818,256790,0.11377,0
665,38871904,79086,0.0332031,0
666,38918038,46134,0.0366211,0
667,39051686,133648,0.0981445,0
668,39082072,30386,0.0317383,0
669,39084750,2678,0.00537109,0
670,39131510,46760,0.0180664,0
671,39167892,36382,0.0166016,0
672,39227411,59519,0.046875,0
673,39281945,54534,0.0297852,0
674,39291573,9628,0.0239258,0
675,39310812,19239,0.034668,0
676,39429172,118360,0.0449219,0
677,39503792,74620,0.0439453,0
678,39572201,68409,0.0629883,0
679,39785992,213791,0.0888672,0
680,39832256,46264,0.0634766,0
681,39921841,89585,0.0864258,0
682,40036901,115060,0.0673828,0
683,40074321,37420,0.0400391,0
684,40111906,37585,0.0454102,0
685,40146683,34777,0.0219727,0
686,40345518,198835,0.418457,0
687,40370749,25231,0.0375977,0
688,40564566,193817,0.204102,0
689,40681252,116686,0.125,0
690,40695138,13886,0.0151367,0
691,40869252,174114,0.164062,0
692,40881792,12540,0.0107422,0
693,40897305,15513,0.0141602,0
694,40903747,6442,0.00830078,0
695,41032554,128807,0.108887,0
696,41070572,38018,0.0292969,0
697,41093169,22597,0.0200195,0
698,41133455,40286,0.0288086,0
699,41159386,25931,0.0249023,0
700,41183334,23948,0.0209961,0
701,41225653,42319,0.0273438,0
702,41305403,79750,0.0297852,0
703,41376897,71494,0.065918,0
704,41708888,331991,0.0185547,0
705,41782484,73596,0.0126953,0
706,41787702,5218,0.00878906,0
707,41904521,116819,0.0625,0
708,41959606,55085,0.0595703,0
709,41968440,8834,0.00878906,0
710,41981558,13118,0.0126953,0
711,41985898,4340,0.0078125,0
712,41988522,2624,0.00585938,0
713,42013362,24840,0.0239258,0
714,42030554,17192,0.0317383,0
715,42034498,3944,0.00585938,0
716,42050921,16423,0.0112305,0
717,42071302,20381,0.0117188,0
718,42095544,24242,0.0253906,0
719,42127610,32066,0.0112305,0
720,42175185,47575,0.0332031,0
721,42184596,9411,0.0141602,0
722,42234182,49586,0.0600586,0
723,42245780,11598,0.019043,0
724,42251083,5303,0.00927734,0
725,42273487,22404,0.0170898,0
726,42308053,34566,0.0131836,0
727,42400154,92101,0.0268555,0
728,42411187,11033,0.0126953,0
729,42497374,86187,0.0610352,0
730,42580912,83538,0.0483398,0
731,42607060,26148,0.0429688,0
732,42682799,75739,0.0317383,0
733,42690498,7699,0.0151367,0
734,42751823,61325,0.0205078,0
735,42788102,36279,0.0507812,0
736,42895795,107693,0.0561523,0
737,42957401,61606,0.0170898,0
738,42991521,34120,0.0410156,0
739,43015316,23795,0.0170898,0
740,43025658,10342,0.00927734,0
741,43135348,109690,0.0600586,0
742,43246513,111165,0.0986328,0
743,43307187,60674,0.0532227,0
744,43363547,56360,0.0498047,0
745,43450215,86668,0.0581055,0
746,43504753,54538,0.0756836,0
747,43597222,92469,0.0605469,0
748,43680566,83344,0.0683594,0
749,43720785,40219,0.0253906,0
750,43733580,12795,0.0263672,0
751,43790105,56525,0.0600586,0
752,43882479,92374,0.0585938,0
753,43922308,39829,0.0307617,0
754,44002244,79936,0.104004,0
755,44101393,99149,0.379395,0
756,44136325,34932,0.0610352,0
757,44139185,2860,0.00537109,0
758,44151520,12335,0.0224609,0
759,44184149,32629,0.059082,0
760,44356275,172126,0.212891,0
761,44416091,59816,0.0546875,0
762,44536882,120791,0.121094,0
763,44656556,119674,0.0961914,0
764,44661147,4591,0.00537109,0
765,44755840,94693,0.0732422,0
766,44807335,51495,0.0336914,0
767,44842697,35362,0.0117188,0
768,44893992,51295,0.0429688,0
769,44951818,57826,0.050293,0
770,44972066,20248,0.0195312,0
771,45049490,77424,0.0429688,0
772,45109879,60389,0.0410156,0
773,45227528,117649,0.0117188,0
774,45322430,94902,0.0292969,0
775,45373585,51155,0.0239258,0
776,45376304,2719,0.00537109,0
777,45439986,63682,0.0517578,0
778,45455666,15680,0.015625,0
779,45524102,68436,0.012207,0
780,45581267,57165,0.0273438,0
781,45598634,17367,0.0244141,0
782,45617884,19250,0.0195312,0
783,45696607,78723,0.0634766,0
784,45716616,20009,0.027832,0
785,45754036,37420,0.034668,0
786,45758334,4298,0.00830078,0
787,45764617,6283,0.00830078,0
788,45823971,59354,0.0415039,0
789,45925765,101794,0.0200195,0
790,46039571,113806,0.0175781,0
791,46099014,59443,0.03125,0
792,46124023,25009,0.043457,0
793,46173941,49918,0.0537109,0
794,46227207,53266,0.015625,0
795,46290155,62948,0.0424805,0
796,46352806,62651,0.0244141,0
797,46424611,71805,0.0419922,0
798,46480713,56102,0.0351562,0
799,46551344,70631,0.0439453,0
800,46594327,42983,0.0239258,0
801,46629102,34775,0.0166016,0
802,46732700,103598,0.0927734,0
803,46771604,38904,0.0351562,0
804,46796564,24960,0.0117188,0
805,46825626,29062,0.0258789,0
806,46894842,69216,0.0556641,0
807,46944713,49871,0.0791016,0
808,46968766,24053,0.0229492,0
809,47041167,72401,0.0322266,0
810,47140158,98991,0.0449219,0
811,47277438,137280,0.320801,0
812,47381638,104200,0.210449,0
813,47394102,12464,0.0249023,0
814,47402444,8342,0.0151367,0
815,47406947,4503,0.00878906,0
816,47424973,18026,0.0292969,0
817,47466496,41523,0.0654297,0
818,47636682,170186,0.134766,0
819,47679396,42714,0.0356445,0
820,47701652,22256,0.0297852,0
821,47746767,45115,0.0288086,0
822,47813214,66447,0.0664062,0
823,47833564,20350,0.0214844,0
824,47851078,17514,0.019043,0
825,47876276,25198,0.0258789,0
826,47929561,53285,0.027832,0
827,47965424,35863,0.0249023,0
828,47969944,4520,0.0078125,0
829,48056549,86605,0.0439453,0
830,48131400,74851,0.0874023,0
831,48181741,50341,0.0307617,0
832,48232590,50849,0.0166016,0
833,48259973,27383,0.0249023,0
834,48314664,54691,0.0126953,0
835,48340455,25791,0.0112305,0
836,48364326,23871,0.00976562,0
837,48488844,124518,0.0205078,0
838,48530128,41284,0.0263672,0
839,48553844,23716,0.0234375,0
840,48560966,7122,0.0102539,0
841,48602456,41490,0.03125,0
842,48652241,49785,0.0400391,0
843,48670179,17938,0.0170898,0
844,48735950,65771,0.0317383,0
845,48747929,11979,0.00927734,0
846,48788439,40510,0.0546875,0
847,48812150,23711,0.0375977,0
848,48819755,7605,0.012207,0
849,48875601,55846,0.0410156,0
850,48888269,12668,0.0219727,0
851,48961627,73358,0.0366211,0
852,49059178,97551,0.043457,0
853,49113386,54208,0.0405273,0
854,49128260,14874,0.00927734,0
855,49221622,93362,0.0200195,0
856,49251390,29768,0.019043,0
857,49303007,51617,0.0258789,0
858,49409464,106457,0.074707,0
859,49500136,90672,0.0688477,0
860,49576681,76545,0.0380859,0
861,49610266,33585,0.046875,0
862,49780415,170149,0.129883,0
863,49845220,64805,0.0600586,0
864,49894494,49274,0.027832,0
865,49954008,59514,0.0532227,0
866,49999762,45754,0.0292969,0
867,50091354,91592,0.0576172,0
868,50146972,55618,0.0375977,0
869,50208877,61905,0.0327148,0
870,50270893,62016,0.0610352,0
871,50296776,25883,0.0146484,0
872,50409360,112584,0.0605469,0
873,50452170,42810,0.0449219,0
874,50485557,33387,0.0288086,0
875,50545305,59748,0.0571289,0
876,50642286,96981,0.046875,0
877,50669934,27648,0.0288086,0
878,50695770,25836,0.034668,0
879,50758906,63136,0.0825195,0
880,50843175,84269,0.410645,0
881,50962463,119288,0.200195,0
882,51060077,97614,0.117188,0
883,51086442,26365,0.0327148,0
884,51156352,69910,0.0854492,0
885,51169854,13502,0.015625,0
886,51222486,52632,0.0532227,0
887,51281673,59187,0.0625,0
888,51302603,20930,0.0219727,0
889,51387634,85031,0.0766602,0
890,51407828,20194,0.0131836,0
891,51492080,84252,0.0639648,0
892,51549406,57326,0.0473633,0
893,51645871,96465,0.0712891,0
894,51735335,89464,0.0400391,0
895,51823814,88479,0.0180664,0
896,51877207,53393,0.00927734,0
897,51988629,111422,0.0209961,0
898,52001580,12951,0.012207,0
899,52061865,60285,0.0283203,0
900,52071023,9158,0.0219727,0
901,52114651,43628,0.0605469,0
902,52127215,12564,0.0126953,0
903,52145128,17913,0.0166016,0
904,52196524,51396,0.0532227,0
905,52370168,173644,0.0537109,0
906,52413109,42941,0.0356445,0
907,52459380,46271,0.0512695,0
908,52508554,49174,0.0195312,0
909,52547377,38823,0.0151367,0
910,52558149,10772,0.00927734,0
911,52663249,105100,0.0493164,0
912,52729334,66085,0.0205078,0
913,52777145,47811,0.0229492,0
914,52859608,82463,0.0351562,0
915,52889585,29977,0.0366211,0
916,52903478,13893,0.0136719,0
917,52929745,26267,0.0151367,0
918,53011088,81343,0.0424805,0
919,53080448,69360,0.0375977,0
920,53105734,25286,0.0219727,0
921,53202353,96619,0.0576172,0
922,53217750,15397,0.015625,0
923,53323602,105852,0.0512695,0
924,53339934,16332,0.0229492,0
925,53457185,117251,0.0654297,0
926,53530327,73142,0.0292969,0
927,53590570,60243,0.0371094,0
928,53707702,117132,0.419922,0
929,53716186,8484,0.0078125,0
930,53975828,259642,0.332031,0
931,53999663,23835,0.0249023,0
932,54081893,82230,0.0820312,0
933,54088468,6575,0.012207,0
934,54164055,75587,0.0693359,0
935,54222024,57969,0.0498047,0
936,54244628,22604,0.019043,0
937,54327222,82594,0.0737305,0
938,54334416,7194,0.0151367,0
939,54342477,8061,0.0117188,0
940,54402995,60518,0.0463867,0
941,54410772,7777,0.00830078,0
942,54434000,23228,0.0136719,0
943,54462932,28932,0.0341797,0
944,54520897,57965,0.0375977,0
945,54577036,56139,0.0439453,0
946,54627130,50094,0.0322266,0
947,54634674,7544,0.00830078,0
948,54666323,31649,0.0117188,0
949,54722327,56004,0.012207,0
950,54899024,176697,0.0180664,0
951,54955036,56012,0.0322266,0
952,54983551,28515,0.0180664,0
953,55047088,63537,0.00878906,0
954,55053434,6346,0.00878906,0
955,55098716,45282,0.0219727,0
956,55179110,80394,0.0932617,0
957,55212485,33375,0.027832,0
958,55257430,44945,0.0219727,0
959,55296195,38765,0.0136719,0
960,55364845,68650,0.0522461,0
961,55432470,67625,0.0454102,0
962,55468602,36132,0.0302734,0
963,55480660,12058,0.012207,0
964,55496379,15719,0.0224609,0
965,55543216,46837,0.0654297,0
966,55618811,75595,0.0786133,0
967,55647479,28668,0.0112305,0
968,55718198,70719,0.0610352,0
969,55738126,19928,0.0117188,0
970,55756408,18282,0.0161133,0
971,55791737,35329,0.0117188,0
972,55920212,128475,0.0507812,0
973,56165947,245735,0.133789,0
974,56270780,104833,0.109375,0
975,56319391,48611,0.0263672,0
976,56415343,95952,0.03125,0
977,56447761,32418,0.0273438,0
978,56496191,48430,0.0678711,0
979,56620258,124067,0.090332,0
980,56682452,62194,0.0351562,0
981,56727357,44905,0.0175781,0
982,56771798,44441,0.0380859,0
983,56782692,10894,0.0229492,0
984,56875192,92500,0.0776367,0
985,56951521,76329,0.0537109,0
986,57059354,107833,0.0810547,0
987,57141975,82621,0.0600586,0
988,57233080,91105,0.0859375,0
989,57337294,104214,0.0727539,0
990,57395107,57813,0.0639648,0
991,57460455,65348,0.0605469,0
992,57551401,90946,0.050293,0
993,57586402,35001,0.0297852,0
994,57614285,27883,0.0288086,0
995,57640134,25849,0.0380859,0
996,57703157,63023,0.0307617,0
997,57833240,130083,0.419434,0
998,57851778,18538,0.0317383,0
999,57859527,7749,0.015625,0
1000,57869296,9769,0.019043,0
1001,57902875,33579,0.0566406,0
1002,57942188,39313,0.0620117,0
1003,58098160,155972,0.17627,0
1004,58112908,14748,0.0136719,0
1005,58187636,74728,0.0727539,0
1006,58217542,29906,0.0307617,0
1007,58222366,4824,0.00537109,0
1008,58319794,97428,0.0898438,0
1009,58374613,54819,0.0380859,0
1010,58379696,5083,0.0117188,0
1011,58508172,128476,0.0913086,0
1012,58531237,23065,0.027832,0
1013,58546978,15741,0.012207,0
1014,58558772,11794,0.0146484,0
1015,58644094,85322,0.0683594,0
1016,58722750,78656,0.0297852,0
1017,58839291,116541,0.0161133,0
1018,58870843,31552,0.0112305,0
1019,58948098,77255,0.0239258,0
1020,59068318,120220,0.0644531,0
1021,59092676,24358,0.0175781,0
1022,59116802,24126,0.0209961,0
1023,59177341,60539,0.0625,0
1024,59212027,34686,0.00878906,0
1025,59355022,142995,0.0385742,0
1026,59369264,14242,0.00585938,0
1027,59433584,64320,0.0336914,0
1028,59520184,86600,0.0678711,0
1029,59610089,89905,0.0732422,0
1030,59659947,49858,0.0380859,0
1031,59707792,47845,0.0507812,0
1032,59806774,98982,0.0180664,0
1033,59886674,79900,0.0317383,0
1034,59944955,58281,0.0375977,0
1035,60043699,98744,0.0791016,0
1036,60168264,124565,0.0839844,0
1037,60335476,167212,0.0810547,0
1038,60392627,57151,0.0444336,0
1039,60458280,65653,0.0449219,0
1040,60499317,41037,0.0517578,0
1041,60523862,24545,0.0234375,0
1042,60561219,37357,0.0307617,0
1043,60593513,32294,0.0585938,0
1044,60699522,106009,0.0678711,0
1045,60733125,33603,0.0439453,0
1046,60810955,77830,0.0795898,0
1047,60846301,35346,0.0219727,0
1048,60850888,4587,0.00927734,0
1049,60884213,33325,0.0322266,0
1050,60905192,20979,0.0332031,0
1051,60935636,30444,0.0146484,0
1052,60943873,8237,0.0117188,0
1053,60989979,46106,0.0439453,0
1054,61031912,41933,0.0419922,0
1055,61085238,53326,0.0527344,0
1056,61164631,79393,0.0400391,0
1057,61297689,133058,0.421875,0
1058,61401835,104146,0.158691,0
1059,61525320,123485,0.132812,0
1060,61587030,61710,0.0742188,0
1061,61661392,74362,0.0727539,0
1062,61697930,36538,0.0410156,0
1063,61776322,78392,0.0703125,0
1064,61788449,12127,0.0151367,0
1065,61833948,45499,0.0200195,0
1066,61864835,30887,0.0429688,0
1067,61890856,26021,0.0141602,0
1068,61938115,47259,0.0361328,0
1069,61981456,43341,0.0258789,0
1070,62096304,114848,0.0249023,0
1071,62178640,82336,0.0302734,0
1072,62253366,74726,0.0205078,0
1073,62337094,83728,0.0268555,0
1074,62399319,62225,0.0219727,0
1075,62411946,12627,0.012207,0
1076,62428827,16881,0.0170898,0
1077,62529355,100528,0.0537109,0
1078,62572115,42760,0.043457,0
1079,62580287,8172,0.015625,0
1080,62600640,20353,0.0341797,0
1081,62631550,30910,0.0371094,0
1082,62696849,65299,0.081543,0
1083,62783751,86902,0.0458984,0
1084,62832231,48480,0.0390625,0
1085,62843101,10870,0.015625,0
1086,62880257,37156,0.0185547,0
1087,62940648,60391,0.0463867,0
1088,63017835,77187,0.0229492,0
1089,63127271,109436,0.0205078,0
1090,63169696,42425,0.0541992,0
1091,63220461,50765,0.0761719,0
1092,63246900,26439,0.0439453,0
1093,63371855,124955,0.0615234,0
1094,63404839,32984,0.0390625,0
1095,63524036,119197,0.0341797,0
1096,63592622,68586,0.0537109,0
1097,63649108,56486,0.0361328,0
1098,63706310,57202,0.0410156,0
1099,63787685,81375,0.0483398,0
1100,63852601,64916,0.027832,0
1101,63886034,33433,0.0229492,0
1102,63931072,45038,0.0527344,0
1103,64061290,130218,0.0439453,0
1104,64129569,68279,0.0424805,0
1105,64153052,23483,0.205078,0
1106,64316538,163486,0.409668,0
1107,64328548,12010,0.015625,0
1108,64481483,152935,0.194336,0
1109,64537513,56030,0.0585938,0
1110,64582493,44980,0.0488281,0
1111,64586651,4158,0.00830078,0
1112,64654725,68074,0.0610352,0
1113,64695224,40499,0.0424805,0
1114,64719983,24759,0.019043,0
1115,64801247,81264,0.0820312,0
1116,64834227,32980,0.0146484,0
1117,64862392,28165,0.0419922,0
1118,64887338,24946,0.0214844,0
1119,64915302,27964,0.0136719,0
1120,64954643,39341,0.0195312,0
1121,65025449,70806,0.0732422,0
1122,65110942,85493,0.0390625,0
1123,65147110,36168,0.0263672,0
1124,65268401,121291,0.0161133,0
1125,65315136,46735,0.0166016,0
1126,65338602,23466,0.0141602,0
1127,65466775,128173,0.0473633,0
1128,65553284,86509,0.0395508,0
1129,65640455,87171,0.050293,0
1130,65656454,15999,0.0146484,0
1131,65755284,98830,0.0317383,0
1132,65795176,39892,0.0117188,0
1133,65843067,47891,0.0483398,0
1134,65898945,55878,0.0454102,0
1135,65985768,86823,0.0571289,0
1136,66041102,55334,0.0541992,0
1137,66058789,17687,0.0317383,0
1138,66116872,58083,0.0141602,0
1139,66152929,36057,0.0185547,0
1140,66182052,29123,0.0170898,0
1141,66218477,36425,0.0253906,0
1142,66231300,12823,0.012207,0
1143,66279990,48690,0.0400391,0
1144,66332309,52319,0.0522461,0
1145,66400376,68067,0.0493164,0
1146,66532858,132482,0.0942383,0
1147,66563643,30785,0.0288086,0
1148,66643552,79909,0.065918,0
1149,66714265,70713,0.027832,0
1150,66739587,25322,0.0151367,0
1151,66782394,42807,0.0517578,0
1152,66869392,86998,0.0688477,0
1153,66890733,21341,0.0292969,0
1154,66957230,66497,0.0776367,0
1155,67018833,61603,0.0332031,0
1156,67108608,89775,0.0429688,0
1157,67162040,53432,0.0288086,0
1158,67234344,72304,0.043457,0
