checkpoints,cycle count,last checkpoint,dirty ratio,cause
1,404672,404672,0.449219,0
2,552849,148177,0.13916,0
3,692755,139906,0.114258,0
4,825844,133089,0.0898438,0
5,920865,95021,0.0537109,0
6,1084649,163784,0.0595703,0
7,1244390,159741,0.0307617,0
8,1309432,65042,0.0131836,0
9,1391761,82329,0.0351562,0
10,1499099,107338,0.0136719,0
11,1580017,80918,0.0556641,0
12,1632192,52175,0.0332031,0
13,1751693,119501,0.0673828,0
14,1813866,62173,0.0239258,0
15,1923997,110131,0.0942383,0
16,2060025,136028,0.104004,0
17,2137172,77147,0.0170898,0
18,2262937,125765,0.0268555,0
19,2419896,156959,0.121094,0
20,2561221,141325,0.105469,0
21,2596859,35638,0.0161133,0
22,2651455,54596,0.0317383,0
23,2725873,74418,0.0673828,0
24,2882445,156572,0.11377,0
25,2935389,52944,0.0332031,0
26,3114604,179215,0.112793,0
27,3211692,97088,0.0678711,0
28,3262745,51053,0.0449219,0
29,3376454,113709,0.0996094,0
30,3417718,41264,0.0185547,0
31,3488149,70431,0.0791016,0
32,3527730,39581,0.0400391,0
33,3614944,87214,0.0708008,0
34,3671338,56394,0.0595703,0
35,3697924,26586,0.0258789,0
36,3732100,34176,0.0507812,0
37,3797116,65016,0.0473633,0
38,3860544,63428,0.0454102,0
39,3909723,49179,0.0439453,0
40,3974931,65208,0.0317383,0
41,4129142,154211,0.483398,0
42,4339090,209948,0.259766,0
43,4464011,124921,0.106445,0
44,4542292,78281,0.0537109,0
45,4747758,205466,0.168945,0
46,4911318,163560,0.105469,0
47,4965686,54368,0.0292969,0
48,5142090,176404,0.0258789,0
49,5290917,148827,0.0708008,0
50,5374529,83612,0.027832,0
51,5472981,98452,0.0297852,0
52,5495558,22577,0.0200195,0
53,5551885,56327,0.0195312,0
54,5696341,144456,0.0317383,0
55,5901834,205493,0.145508,0
56,6080201,178367,0.113281,0
57,6151173,70972,0.0493164,0
58,6187960,36787,0.0126953,0
59,6253164,65204,0.0146484,0
60,6315999,62835,0.0161133,0
61,6424274,108275,0.0317383,0
62,6555643,131369,0.0981445,0
63,6723917,168274,0.0678711,0
64,6809780,85863,0.0332031,0
65,6928711,118931,0.0629883,0
66,6974312,45601,0.0219727,0
67,6994307,19995,0.0229492,0
68,7048906,54599,0.0512695,0
69,7108004,59098,0.050293,0
70,7179593,71589,0.0717773,0
71,7237322,57729,0.0488281,0
72,7324782,87460,0.034668,0
73,7514044,189262,0.525391,0
74,7706541,192497,0.217773,0
75,7742282,35741,0.0205078,0
76,7824857,82575,0.0678711,0
77,7988901,164044,0.153809,0
78,8162267,173366,0.137695,0
79,8270637,108370,0.0605469,0
80,8431316,160679,0.103027,0
81,8535697,104381,0.0395508,0
82,8733823,198126,0.0151367,0
83,8851683,117860,0.0180664,0
84,8962989,111306,0.0185547,0
85,9013212,50223,0.0244141,0
86,9139877,126665,0.12207,0
87,9181412,41535,0.0239258,0
88,9217693,36281,0.019043,0
89,9360232,142539,0.103027,0
90,9393286,33054,0.0166016,0
91,9444045,50759,0.0180664,0
92,9574616,130571,0.0976562,0
93,9632830,58214,0.0263672,0
94,9695848,63018,0.0244141,0
95,9792151,96303,0.0595703,0
96,10012318,220167,0.106934,0
97,10102476,90158,0.0927734,0
98,10149501,47025,0.0307617,0
99,10186829,37328,0.0288086,0
100,10324258,137429,0.0610352,0
101,10453418,129160,0.0922852,0
102,10494355,40937,0.0180664,0
103,10612431,118076,0.097168,0
104,10670285,57854,0.0527344,0
105,10767327,97042,0.0522461,0
106,10862505,95178,0.0898438,0
107,10924491,61986,0.0302734,0
108,10977547,53056,0.0683594,0
109,11053825,76278,0.0537109,0
110,11114204,60379,0.0419922,0
111,11200920,86716,0.0551758,0
112,11259774,58854,0.050293,0
113,11276436,16662,0.0229492,0
114,11331662,55226,0.0429688,0
115,11403285,71623,0.0366211,0
116,11522763,119478,0.437012,0
117,11776293,253530,0.303223,0
118,11836886,60593,0.0683594,0
119,12025064,188178,0.156738,0
120,12078977,53913,0.0361328,0
121,12234405,155428,0.0942383,0
122,12335181,100776,0.059082,0
123,12446609,111428,0.0205078,0
124,12489412,42803,0.0131836,0
125,12582927,93515,0.0146484,0
126,12680355,97428,0.0512695,0
127,12751699,71344,0.0839844,0
128,12782191,30492,0.0161133,0
129,12835300,53109,0.03125,0
130,12943071,107771,0.0449219,0
131,13058835,115764,0.0595703,0
132,13126174,67339,0.0351562,0
133,13240142,113968,0.0654297,0
134,13322526,82384,0.0351562,0
135,13392764,70238,0.0493164,0
136,13503061,110297,0.0537109,0
137,13607593,104532,0.0898438,0
138,13662802,55209,0.0361328,0
139,13722305,59503,0.0151367,0
140,13786114,63809,0.0366211,0
141,13870478,84364,0.0380859,0
142,13962538,92060,0.0942383,0
143,14037338,74800,0.0463867,0
144,14126028,88690,0.0791016,0
145,14210205,84177,0.0595703,0
146,14273762,63557,0.0517578,0
147,14353222,79460,0.0629883,0
148,14406727,53505,0.0634766,0
149,14434590,27863,0.0107422,0
150,14451841,17251,0.0419922,0
151,14514207,62366,0.0444336,0
152,14541106,26899,0.0429688,0
153,14594262,53156,0.0424805,0
154,14788803,194541,0.430664,0
155,14933962,145159,0.200195,0
156,15063024,129062,0.140137,0
157,15121849,58825,0.0600586,0
158,15192154,70305,0.0419922,0
159,15304996,112842,0.102539,0
160,15363331,58335,0.0273438,0
161,15522426,159095,0.0991211,0
162,15622397,99971,0.0644531,0
163,15748462,126065,0.0302734,0
164,15796698,48236,0.0102539,0
165,15908860,112162,0.0341797,0
166,15973535,64675,0.0117188,0
167,16021942,48407,0.0170898,0
168,16077391,55449,0.0239258,0
169,16162574,85183,0.0463867,0
170,16224587,62013,0.0332031,0
171,16287878,63291,0.0244141,0
172,16382135,94257,0.0947266,0
173,16438957,56822,0.0356445,0
174,16546875,107918,0.101562,0
175,16625943,79068,0.0209961,0
176,16781856,155913,0.108398,0
177,16876809,94953,0.0649414,0
178,16973094,96285,0.0517578,0
179,17043655,70561,0.0244141,0
180,17132540,88885,0.081543,0
181,17268845,136305,0.0878906,0
182,17375408,106563,0.0737305,0
183,17507677,132269,0.0776367,0
184,17600051,92374,0.0766602,0
185,17629524,29473,0.0205078,0
186,17690575,61051,0.0385742,0
187,17757203,66628,0.0527344,0
188,17807240,50037,0.034668,0
189,17841172,33932,0.151855,0
190,18248582,407410,0.407227,0
191,18312835,64253,0.0512695,0
192,18415830,102995,0.102539,0
193,18542848,127018,0.0927734,0
194,18608237,65389,0.0390625,0
195,18727689,119452,0.074707,0
196,18802359,74670,0.043457,0
197,18871241,68882,0.0336914,0
198,19020994,149753,0.0629883,0
199,19084513,63519,0.0185547,0
200,19221714,137201,0.015625,0
201,19271061,49347,0.0263672,0
202,19332196,61135,0.0273438,0
203,19424871,92675,0.0527344,0
204,19465672,40801,0.0297852,0
205,19525572,59900,0.0322266,0
206,19559764,34192,0.0117188,0
207,19753608,193844,0.0776367,0
208,19853410,99802,0.0302734,0
209,19911077,57667,0.0366211,0
210,19975378,64301,0.0576172,0
211,20077388,102010,0.0566406,0
212,20185230,107842,0.0698242,0
213,20258922,73692,0.0786133,0
214,20298539,39617,0.0170898,0
215,20355122,56583,0.0439453,0
216,20401298,46176,0.0629883,0
217,20435837,34539,0.050293,0
218,20458784,22947,0.0229492,0
219,20513851,55067,0.0439453,0
220,20544405,30554,0.0175781,0
221,20583201,38796,0.0366211,0
222,20620541,37340,0.0161133,0
223,20664037,43496,0.0405273,0
224,20718371,54334,0.0463867,0
225,20762502,44131,0.0400391,0
226,20789339,26837,0.0239258,0
227,20829422,40083,0.0385742,0
228,21076709,247287,0.520508,0
229,21237663,160954,0.185059,0
230,21318990,81327,0.0732422,0
231,21418547,99557,0.0908203,0
232,21577794,159247,0.134277,0
233,21720337,142543,0.090332,0
234,21761173,40836,0.015625,0
235,21903384,142211,0.0722656,0
236,22052456,149072,0.0805664,0
237,22154521,102065,0.0341797,0
238,22232956,78435,0.0185547,0
239,22295696,62740,0.0166016,0
240,22328181,32485,0.0126953,0
241,22359545,31364,0.00976562,0
242,22414490,54945,0.0136719,0
243,22569317,154827,0.0375977,0
244,22676123,106806,0.097168,0
245,22826642,150519,0.0883789,0
246,22940136,113494,0.0395508,0
247,23061949,121813,0.0473633,0
248,23181495,119546,0.127441,0
249,23255997,74502,0.0463867,0
250,23355666,99669,0.0415039,0
251,23430455,74789,0.0561523,0
252,23503233,72778,0.0512695,0
253,23641048,137815,0.0688477,0
254,23707119,66071,0.0541992,0
255,23776240,69121,0.0795898,0
256,23816738,40498,0.0292969,0
257,23888257,71519,0.0615234,0
258,23936083,47826,0.0444336,0
259,23992588,56505,0.0605469,0
260,24031887,39299,0.0273438,0
261,24063402,31515,0.0234375,0
262,24127790,64388,0.0454102,0
263,24163173,35383,0.0322266,0
264,24196135,32962,0.0351562,0
265,24234262,38127,0.0356445,0
266,24282733,48471,0.152832,0
267,24677223,394490,0.469238,0
268,24771273,94050,0.0927734,0
269,24934951,163678,0.132324,0
270,24990483,55532,0.0375977,0
271,25094867,104384,0.0649414,0
272,25216627,121760,0.0595703,0
273,25294314,77687,0.0454102,0
274,25430196,135882,0.0151367,0
275,25501784,71588,0.0371094,0
276,25570341,68557,0.0146484,0
277,25601194,30853,0.012207,0
278,25646781,45587,0.0209961,0
279,25700693,53912,0.0234375,0
280,25746629,45936,0.0400391,0
281,25849667,103038,0.0864258,0
282,25887825,38158,0.0141602,0
283,25951581,63756,0.0317383,0
284,26007135,55554,0.0429688,0
285,26137764,130629,0.0410156,0
286,26285779,148015,0.11084,0
287,26416412,130633,0.0541992,0
288,26490147,73735,0.0322266,0
289,26530423,40276,0.0185547,0
290,26668571,138148,0.074707,0
291,26789521,120950,0.0893555,0
292,26840926,51405,0.0507812,0
293,26917225,76299,0.0703125,0
294,26970768,53543,0.0380859,0
295,27035243,64475,0.0483398,0
296,27081450,46207,0.0483398,0
297,27142905,61455,0.0561523,0
298,27189334,46429,0.0585938,0
299,27227233,37899,0.0273438,0
300,27316835,89602,0.0576172,0
301,27415090,98255,0.426758,0
302,27673000,257910,0.313965,0
303,27724165,51165,0.0483398,0
304,27772758,48593,0.0507812,0
305,27912895,140137,0.119141,0
306,28047507,134612,0.0986328,0
307,28150356,102849,0.0507812,0
308,28212310,61954,0.0307617,0
309,28282848,70538,0.0258789,0
310,28313777,30929,0.0151367,0
311,28415087,101310,0.0170898,0
312,28462331,47244,0.0361328,0
313,28576338,114007,0.0698242,0
314,28715319,138981,0.0776367,0
315,28785080,69761,0.0224609,0
316,28850593,65513,0.0224609,0
317,28944992,94399,0.0615234,0
318,28998279,53287,0.0239258,0
319,29118389,120110,0.0922852,0
320,29260990,142601,0.0302734,0
321,29372564,111574,0.0761719,0
322,29461660,89096,0.0551758,0
323,29526064,64404,0.0322266,0
324,29639286,113222,0.0371094,0
325,29711859,72573,0.0498047,0
326,29780131,68272,0.0463867,0
327,29838134,58003,0.0410156,0
328,29917761,79627,0.0566406,0
329,29967423,49662,0.0336914,0
330,29988353,20930,0.0322266,0
331,30070694,82341,0.050293,0
332,30121631,50937,0.0317383,0
333,30269321,147690,0.425781,0
334,30528222,258901,0.328613,0
335,30796864,268642,0.227051,0
336,30901066,104202,0.0678711,0
337,31060995,159929,0.111328,0
338,31154140,93145,0.0527344,0
339,31260407,106267,0.0537109,0
340,31303809,43402,0.0126953,0
341,31559023,255214,0.0307617,0
342,31737802,178779,0.0722656,0
343,31769104,31302,0.0307617,0
344,31855023,85919,0.0678711,0
345,32008769,153746,0.0854492,0
346,32039440,30671,0.0205078,0
347,32152346,112906,0.0639648,0
348,32200183,47837,0.0229492,0
349,32363547,163364,0.0336914,0
350,32444894,81347,0.0268555,0
351,32507323,62429,0.019043,0
352,32561859,54536,0.0449219,0
353,32719506,157647,0.0458984,0
354,32845339,125833,0.0893555,0
355,32938749,93410,0.0458984,0
356,33060316,121567,0.0742188,0
357,33102869,42553,0.0258789,0
358,33164542,61673,0.0532227,0
359,33227265,62723,0.0664062,0
360,33308302,81037,0.074707,0
361,33377825,69523,0.0620117,0
362,33471918,94093,0.0317383,0
363,33538058,66140,0.0361328,0
364,33671644,133586,0.414062,0
365,33907367,235723,0.308105,0
366,33999118,91751,0.0917969,0
367,34050087,50969,0.0478516,0
368,34169023,118936,0.115234,0
369,34312628,143605,0.102051,0
370,34457732,145104,0.0986328,0
371,34537485,79753,0.0483398,0
372,34626072,88587,0.0449219,0
373,34897175,271103,0.0522461,0
374,34969869,72694,0.0297852,0
375,35044057,74188,0.0380859,0
376,35163731,119674,0.0820312,0
377,35364983,201252,0.0791016,0
378,35455388,90405,0.0449219,0
379,35561434,106046,0.09375,0
380,35645306,83872,0.0454102,0
381,35757671,112365,0.0234375,0
382,35837780,80109,0.0273438,0
383,35989670,151890,0.0649414,0
384,36078863,89193,0.0693359,0
385,36150851,71988,0.0253906,0
386,36267444,116593,0.0952148,0
387,36366416,98972,0.0356445,0
388,36443801,77385,0.0576172,0
389,36499791,55990,0.0566406,0
390,36548197,48406,0.0424805,0
391,36738373,190176,0.472168,0
392,36875967,137594,0.177246,0
393,36955792,79825,0.0917969,0
394,37083795,128003,0.132324,0
395,37164748,80953,0.074707,0
396,37245429,80681,0.0585938,0
397,37376281,130852,0.09375,0
398,37476937,100656,0.0712891,0
399,37593608,116671,0.0600586,0
400,37728586,134978,0.0283203,0
401,37791434,62848,0.0151367,0
402,37933646,142212,0.0458984,0
403,37991490,57844,0.0317383,0
404,38143813,152323,0.123535,0
405,38265179,121366,0.0620117,0
406,38338806,73627,0.0136719,0
407,38517539,178733,0.0600586,0
408,38668456,150917,0.074707,0
409,38757488,89032,0.0429688,0
410,38786072,28584,0.0209961,0
411,38963162,177090,0.102051,0
412,39008007,44845,0.015625,0
413,39170684,162677,0.0961914,0
414,39184979,14295,0.0146484,0
415,39271517,86538,0.043457,0
416,39390024,118507,0.0615234,0
417,39422640,32616,0.034668,0
418,39446061,23421,0.0268555,0
419,39521711,75650,0.0380859,0
420,39576312,54601,0.0541992,0
421,39643338,67026,0.0698242,0
422,39704080,60742,0.0756836,0
423,39784731,80651,0.0859375,0
424,39841193,56462,0.0537109,0
425,39902014,60821,0.0498047,0
426,39937469,35455,0.0366211,0
427,39981284,43815,0.0463867,0
428,40015218,33934,0.0219727,0
429,40084455,69237,0.0786133,0
430,40230805,146350,0.476074,0
431,40427144,196339,0.23584,0
432,40564663,137519,0.133789,0
433,40744370,179707,0.168457,0
434,40972676,228306,0.162109,0
435,41086736,114060,0.0742188,0
436,41124263,37527,0.0117188,0
437,41266004,141741,0.0708008,0
438,41575131,309127,0.0209961,0
439,41668637,93506,0.0131836,0
440,41828601,159964,0.0976562,0
441,41862182,33581,0.0249023,0
442,41948682,86500,0.0791016,0
443,41990674,41992,0.0161133,0
444,42153585,162911,0.115234,0
445,42308338,154753,0.050293,0
446,42403227,94889,0.0380859,0
447,42463615,60388,0.0732422,0
448,42517565,53950,0.0366211,0
449,42571784,54219,0.0292969,0
450,42643608,71824,0.059082,0
451,42760309,116701,0.0703125,0
452,42814906,54597,0.015625,0
453,42870291,55385,0.0517578,0
454,43027630,157339,0.0878906,0
455,43099347,71717,0.0649414,0
456,43165421,66074,0.0546875,0
457,43234060,68639,0.065918,0
458,43293727,59667,0.0356445,0
459,43361664,67937,0.0893555,0
460,43409417,47753,0.0395508,0
461,43471799,62382,0.0439453,0
462,43539870,68071,0.0585938,0
463,43579185,39315,0.0224609,0
464,43666586,87401,0.0742188,0
465,43735331,68745,0.0444336,0
466,43841848,106517,0.0424805,0
467,43991055,149207,0.475586,0
468,44220348,229293,0.283691,0
469,44258126,37778,0.0366211,0
470,44394037,135911,0.137207,0
471,44513434,119397,0.100586,0
472,44680274,166840,0.0849609,0
473,44829764,149490,0.078125,0
474,44957329,127565,0.0727539,0
475,45097406,140077,0.0166016,0
476,45188006,90600,0.0258789,0
477,45293177,105171,0.0620117,0
478,45331621,38444,0.019043,0
479,45387237,55616,0.0136719,0
480,45488300,101063,0.0712891,0
481,45589128,100828,0.0605469,0
482,45692821,103693,0.0644531,0
483,45877172,184351,0.03125,0
484,46024517,147345,0.105957,0
485,46085051,60534,0.0146484,0
486,46137203,52152,0.043457,0
487,46175100,37897,0.0185547,0
488,46241828,66728,0.0336914,0
489,46343721,101893,0.0664062,0
490,46436790,93069,0.0527344,0
491,46467347,30557,0.0170898,0
492,46602127,134780,0.0952148,0
493,46678514,76387,0.0375977,0
494,46748918,70404,0.059082,0
495,46790671,41753,0.0732422,0
496,46818542,27871,0.0292969,0
497,46884255,65713,0.027832,0
498,46972775,88520,0.0419922,0
499,47051089,78314,0.0385742,0
500,47177300,126211,0.453613,0
501,47429346,252046,0.322266,0
502,47513089,83743,0.078125,0
503,47558373,45284,0.0439453,0
504,47605069,46696,0.027832,0
505,47723832,118763,0.106934,0
506,47795956,72124,0.0366211,0
507,47904394,108438,0.0473633,0
508,48011414,107020,0.0986328,0
509,48091787,80373,0.0341797,0
510,48191376,99589,0.0209961,0
511,48232939,41563,0.0107422,0
512,48356966,124027,0.034668,0
513,48436468,79502,0.0473633,0
514,48499054,62586,0.0478516,0
515,48574852,75798,0.0380859,0
516,48706008,131156,0.133301,0
517,48786649,80641,0.0566406,0
518,48888032,101383,0.0429688,0
519,48970209,82177,0.0429688,0
520,49084571,114362,0.0229492,0
521,49158172,73601,0.0356445,0
522,49252707,94535,0.0844727,0
523,49338664,85957,0.0664062,0
524,49394008,55344,0.0327148,0
525,49454729,60721,0.0488281,0
526,49554431,99702,0.0419922,0
527,49676930,122499,0.121582,0
528,49732264,55334,0.0332031,0
529,49768365,36101,0.0268555,0
530,49817211,48846,0.0439453,0
531,49929611,112400,0.0664062,0
532,49995018,65407,0.0458984,0
533,50049770,54752,0.03125,0
534,50127160,77390,0.0605469,0
535,50217736,90576,0.0629883,0
536,50265539,47803,0.0375977,0
537,50289874,24335,0.0332031,0
538,50396371,106497,0.0644531,0
539,50478513,82142,0.0458984,0
540,50504855,26342,0.0283203,0
541,50532258,27403,0.0356445,0
542,50595230,62972,0.0732422,0
543,50798098,202868,0.547363,0
544,50938076,139978,0.157715,0
545,51033901,95825,0.10498,0
546,51141818,107917,0.0957031,0
547,51242229,100411,0.0776367,0
548,51343284,101055,0.0532227,0
549,51449915,106631,0.0986328,0
550,51529197,79282,0.0522461,0
551,51603484,74287,0.015625,0
552,51659047,55563,0.0161133,0
553,51725875,66828,0.0102539,0
554,51836689,110814,0.0297852,0
555,51895764,59075,0.0356445,0
556,52038470,142706,0.102051,0
557,52203030,164560,0.0556641,0
558,52245606,42576,0.0332031,0
559,52340598,94992,0.0483398,0
560,52379437,38839,0.0180664,0
561,52404279,24842,0.0102539,0
562,52530979,126700,0.0473633,0
563,52668158,137179,0.0561523,0
564,52784083,115925,0.0454102,0
565,52856433,72350,0.0336914,0
566,52911057,54624,0.0395508,0
567,53006316,95259,0.0585938,0
568,53078951,72635,0.0341797,0
569,53169087,90136,0.0561523,0
570,53239415,70328,0.0498047,0
571,53292360,52945,0.0522461,0
572,53349672,57312,0.0263672,0
573,53424300,74628,0.0371094,0
574,53548609,124309,0.424805,0
575,53818691,270082,0.334473,0
576,53864157,45466,0.0449219,0
577,54047798,183641,0.134766,0
578,54240824,193026,0.152832,0
579,54347592,106768,0.0683594,0
580,54422151,74559,0.043457,0
581,54527879,105728,0.0307617,0
582,54728141,200262,0.0205078,0
583,54818251,90110,0.0356445,0
584,54872089,53838,0.0136719,0
585,54899468,27379,0.0161133,0
586,54922648,23180,0.0146484,0
587,55021944,99296,0.11084,0
588,55100702,78758,0.0322266,0
589,55174992,74290,0.0507812,0
590,55209089,34097,0.0126953,0
591,55301016,91927,0.0585938,0
592,55386565,85549,0.0996094,0
593,55471013,84448,0.0400391,0
594,55538072,67059,0.0576172,0
595,55580223,42151,0.027832,0
596,55730078,149855,0.0439453,0
597,55764981,34903,0.0136719,0
598,55983705,218724,0.133301,0
599,56148218,164513,0.0795898,0
600,56226633,78415,0.0268555,0
601,56264947,38314,0.0234375,0
602,56419680,154733,0.117188,0
603,56510969,91289,0.0395508,0
604,56558015,47046,0.0166016,0
605,56691549,133534,0.111816,0
606,56776792,85243,0.0649414,0
607,56875675,98883,0.074707,0
608,56923590,47915,0.0522461,0
609,56965074,41484,0.0219727,0
610,57025921,60847,0.078125,0
611,57065848,39927,0.0405273,0
612,57153064,87216,0.0717773,0
613,57209816,56752,0.0615234,0
614,57239571,29755,0.0263672,0
615,57273734,34163,0.0512695,0
616,57338751,65017,0.0473633,0
617,57401306,62555,0.0454102,0
618,57427641,26335,0.0283203,0
619,57455235,27594,0.0390625,0
620,57520373,65138,0.0317383,0
621,57718051,197678,0.536133,0
622,57911511,193460,0.224609,0
623,57940817,29306,0.0161133,0
624,58002661,61844,0.0732422,0
625,58132129,129468,0.115723,0
626,58207021,74892,0.0444336,0
627,58331532,124511,0.103027,0
628,58470758,139226,0.0766602,0
629,58564091,93333,0.0297852,0
630,58649530,85439,0.0195312,0
631,58681165,31635,0.0117188,0
632,58765294,84129,0.0239258,0
633,58865606,100312,0.0649414,0
634,58926446,60840,0.03125,0
635,59015263,88817,0.046875,0
636,59024957,9694,0.0078125,0
637,59101017,76060,0.0234375,0
638,59240298,139281,0.0444336,0
639,59345756,105458,0.0581055,0
640,59477962,132206,0.10791,0
641,59556371,78409,0.0356445,0
642,59625866,69495,0.0200195,0
643,59702996,77130,0.034668,0
644,59788264,85268,0.0546875,0
645,59954271,166007,0.124023,0
646,60035609,81338,0.0258789,0
647,60141054,105445,0.0771484,0
648,60265080,124026,0.0722656,0
649,60323424,58344,0.0678711,0
650,60397681,74257,0.0834961,0
651,60456328,58647,0.0322266,0
652,60512234,55906,0.0551758,0
653,60590061,77827,0.0776367,0
654,60649048,58987,0.0478516,0
655,60710768,61720,0.0639648,0
656,60752763,41995,0.0244141,0
657,60798723,45960,0.0449219,0
658,60834437,35714,0.0327148,0
659,60895704,61267,0.0551758,0
660,60928828,33124,0.0336914,0
661,61204766,275938,0.580078,0
662,61333137,128371,0.130371,0
663,61405698,72561,0.0898438,0
664,61578930,173232,0.125488,0
665,61640391,61461,0.0390625,0
666,61726706,86315,0.0708008,0
667,61837923,111217,0.0253906,0
668,61901414,63491,0.0229492,0
669,62135287,233873,0.046875,0
670,62235092,99805,0.0361328,0
671,62332825,97733,0.065918,0
672,62434108,101283,0.113281,0
673,62533662,99554,0.0698242,0
674,62608583,74921,0.0561523,0
675,62668687,60104,0.0336914,0
676,62743666,74979,0.0478516,0
677,62791961,48295,0.0180664,0
678,62943937,151976,0.0229492,0
679,62976597,32660,0.0493164,0
680,63160740,184143,0.108887,0
681,63243383,82643,0.0449219,0
682,63354438,111055,0.0478516,0
683,63526600,172162,0.0742188,0
684,63597169,70569,0.0507812,0
685,63635248,38079,0.0234375,0
686,63722927,87679,0.0708008,0
687,63787853,64926,0.0307617,0
688,63854255,66402,0.0336914,0
689,63941170,86915,0.0424805,0
690,64040697,99527,0.427246,0
691,64279385,238688,0.313965,0
692,64349669,70284,0.0732422,0
693,64514562,164893,0.122559,0
694,64691344,176782,0.133301,0
695,64819744,128400,0.0820312,0
696,64905903,86159,0.0366211,0
697,64949929,44026,0.0258789,0
698,65065706,115777,0.0185547,0
699,65185578,119872,0.0351562,0
700,65273846,88268,0.0419922,0
701,65319477,45631,0.0263672,0
702,65356713,37236,0.0166016,0
703,65433114,76401,0.0527344,0
704,65463066,29952,0.015625,0
705,65585847,122781,0.0371094,0
706,65667475,81628,0.0595703,0
707,65741139,73664,0.0429688,0
708,65827864,86725,0.078125,0
709,65865100,37236,0.0332031,0
710,65921435,56335,0.0166016,0
711,65983416,61981,0.0249023,0
712,66047888,64472,0.0415039,0
713,66109633,61745,0.0688477,0
714,66178004,68371,0.0424805,0
715,66348272,170268,0.101562,0
716,66452253,103981,0.0708008,0
717,66578535,126282,0.0668945,0
718,66659196,80661,0.0688477,0
719,66716923,57727,0.0698242,0
720,66766399,49476,0.0424805,0
721,66872593,106194,0.0429688,0
722,66947594,75001,0.0351562,0
723,67038296,90702,0.0419922,0
