checkpoints,cycle count,last checkpoint,dirty ratio,cause
1,131892,131892,0.410645,0
2,338638,206746,0.24707,0
3,554030,215392,0.175781,0
4,695313,141283,0.113281,0
5,764741,69428,0.046875,0
6,778435,13694,0.0185547,0
7,854929,76494,0.0380859,0
8,894918,39989,0.0288086,0
9,960731,65813,0.0620117,0
10,998901,38170,0.0126953,0
11,1050677,51776,0.0395508,0
12,1056794,6117,0.0117188,0
13,1230454,173660,0.0263672,0
14,1314083,83629,0.012207,0
15,1398709,84626,0.0361328,0
16,1603143,204434,0.0634766,0
17,1634012,30869,0.015625,0
18,1665141,31129,0.0371094,0
19,1743951,78810,0.046875,0
20,1778727,34776,0.0263672,0
21,1866866,88139,0.0327148,0
22,1923542,56676,0.0585938,0
23,2001412,77870,0.0957031,0
24,2079674,78262,0.0429688,0
25,2438213,358539,0.131348,0
26,2550417,112204,0.116699,0
27,2555644,5227,0.0078125,0
28,2613696,58052,0.0195312,0
29,2670340,56644,0.0297852,0
30,2759258,88918,0.065918,0
31,2923211,163953,0.126465,0
32,2996154,72943,0.0205078,0
33,3134553,138399,0.0976562,0
34,3233529,98976,0.0625,0
35,3318573,85044,0.0512695,0
36,3384907,66334,0.0859375,0
37,3442346,57439,0.0244141,0
38,3521709,79363,0.0786133,0
39,3625644,103935,0.0722656,0
40,3747922,122278,0.0556641,0
41,3835776,87854,0.050293,0
42,4078320,242544,0.409668,0
43,4161208,82888,0.11084,0
44,4426474,265266,0.281738,0
45,4475939,49465,0.0429688,0
46,4535565,59626,0.0507812,0
47,4627576,92011,0.065918,0
48,4697282,69706,0.0551758,0
49,4863717,166435,0.130371,0
50,4930638,66921,0.0512695,0
51,5010980,80342,0.0258789,0
52,5111212,100232,0.0185547,0
53,5143086,31874,0.0151367,0
54,5196976,53890,0.015625,0
55,5299637,102661,0.0717773,0
56,5342785,43148,0.0170898,0
57,5360366,17581,0.0131836,0
58,5378543,18177,0.0102539,0
59,5487063,108520,0.0307617,0
60,5509843,22780,0.0224609,0
61,5562753,52910,0.0209961,0
62,5712472,149719,0.0288086,0
63,5792331,79859,0.0917969,0
64,5834581,42250,0.0415039,0
65,5845882,11301,0.0117188,0
66,5901429,55547,0.0595703,0
67,5930357,28928,0.0273438,0
68,6016164,85807,0.0800781,0
69,6130224,114060,0.0722656,0
70,6197004,66780,0.0263672,0
71,6420898,223894,0.0439453,0
72,6610121,189223,0.0947266,0
73,6732105,121984,0.0527344,0
74,6835896,103791,0.034668,0
75,7050391,214495,0.0800781,0
76,7197041,146650,0.078125,0
77,7262308,65267,0.0488281,0
78,7425050,162742,0.405762,0
79,7511773,86723,0.154785,0
80,7756696,244923,0.184082,0
81,7870124,113428,0.0844727,0
82,8020418,150294,0.127441,0
83,8036048,15630,0.0151367,0
84,8183498,147450,0.118164,0
85,8257428,73930,0.0439453,0
86,8345745,88317,0.0771484,0
87,8394667,48922,0.0380859,0
88,8437742,43075,0.0283203,0
89,8564814,127072,0.0380859,0
90,8749657,184843,0.0117188,0
91,8872980,123323,0.0141602,0
92,8968287,95307,0.0185547,0
93,8987998,19711,0.00830078,0
94,9100604,112606,0.0737305,0
95,9135750,35146,0.0561523,0
96,9156380,20630,0.0200195,0
97,9174887,18507,0.00927734,0
98,9187058,12171,0.0185547,0
99,9233097,46039,0.0170898,0
100,9326196,93099,0.0463867,0
101,9336972,10776,0.0180664,0
102,9345745,8773,0.00830078,0
103,9352389,6644,0.0151367,0
104,9360978,8589,0.0161133,0
105,9381990,21012,0.0263672,0
106,9397714,15724,0.019043,0
107,9449191,51477,0.0131836,0
108,9598077,148886,0.0961914,0
109,9662339,64262,0.0258789,0
110,9775588,113249,0.0371094,0
111,9920307,144719,0.0629883,0
112,10046277,125970,0.116211,0
113,10101555,55278,0.0834961,0
114,10111874,10319,0.012207,0
115,10116267,4393,0.00830078,0
116,10153807,37540,0.0224609,0
117,10275256,121449,0.0644531,0
118,10502674,227418,0.0932617,0
119,10592914,90240,0.0546875,0
120,10757006,164092,0.112793,0
121,10892998,135992,0.103516,0
122,10989353,96355,0.0795898,0
123,11017057,27704,0.0200195,0
124,11100478,83421,0.0551758,0
125,11172536,72058,0.0419922,0
126,11242171,69635,0.0546875,0
127,11299239,57068,0.0454102,0
128,11337547,38308,0.0361328,0
129,11534958,197411,0.378418,0
130,11607076,72118,0.111328,0
131,11827813,220737,0.259766,0
132,11975371,147558,0.130859,0
133,12095874,120503,0.0942383,0
134,12175303,79429,0.0297852,0
135,12245570,70267,0.0771484,0
136,12292402,46832,0.0263672,0
137,12389947,97545,0.0439453,0
138,12483757,93810,0.0185547,0
139,12526844,43087,0.0112305,0
140,12700641,173797,0.0478516,0
141,12809208,108567,0.109863,0
142,12860346,51138,0.0268555,0
143,12911403,51057,0.0283203,0
144,12934662,23259,0.0205078,0
145,12947615,12953,0.00976562,0
146,12969500,21885,0.0175781,0
147,13118173,148673,0.0693359,0
148,13175945,57772,0.0292969,0
149,13261675,85730,0.0712891,0
150,13363449,101774,0.0322266,0
151,13466410,102961,0.0615234,0
152,13542318,75908,0.0449219,0
153,13636037,93719,0.0717773,0
154,13722345,86308,0.0415039,0
155,13803898,81553,0.0292969,0
156,13914722,110824,0.0400391,0
157,14010759,96037,0.0834961,0
158,14091774,81015,0.0541992,0
159,14170034,78260,0.0712891,0
160,14281963,111929,0.0712891,0
161,14730603,448640,0.243652,0
162,14921757,191154,0.370605,0
163,15120392,198635,0.181641,0
164,15233309,112917,0.0585938,0
165,15342332,109023,0.0996094,0
166,15362275,19943,0.0214844,0
167,15404020,41745,0.0126953,0
168,15452722,48702,0.0361328,0
169,15504505,51783,0.0439453,0
170,15648756,144251,0.0981445,0
171,15869276,220520,0.0229492,0
172,15953099,83823,0.0219727,0
173,16006907,53808,0.0102539,0
174,16046775,39868,0.0136719,0
175,16056022,9247,0.0117188,0
176,16119112,63090,0.0229492,0
177,16189194,70082,0.0478516,0
178,16208445,19251,0.0131836,0
179,16328689,120244,0.0449219,0
180,16449879,121190,0.118164,0
181,16545689,95810,0.0908203,0
182,16589618,43929,0.0400391,0
183,16684779,95161,0.0268555,0
184,16809313,124534,0.107422,0
185,16840229,30916,0.012207,0
186,17007062,166833,0.0825195,0
187,17101180,94118,0.0244141,0
188,17181974,80794,0.0698242,0
189,17323942,141968,0.0893555,0
190,17432624,108682,0.0751953,0
191,17555339,122715,0.0791016,0
192,17718762,163423,0.0874023,0
193,17814382,95620,0.0556641,0
194,17885738,71356,0.101562,0
195,18009554,123816,0.408203,0
196,18213033,203479,0.22998,0
197,18342281,129248,0.108398,0
198,18463423,121142,0.11084,0
199,18518514,55091,0.0332031,0
200,18637227,118713,0.0952148,0
201,18708480,71253,0.0585938,0
202,18748931,40451,0.0224609,0
203,18827790,78859,0.043457,0
204,18881377,53587,0.0307617,0
205,18957873,76496,0.0209961,0
206,19012512,54639,0.0410156,0
207,19042879,30367,0.0126953,0
208,19081886,39007,0.0380859,0
209,19124571,42685,0.0151367,0
210,19324712,200141,0.0283203,0
211,19343357,18645,0.0141602,0
212,19423920,80563,0.0200195,0
213,19434498,10578,0.00878906,0
214,19492199,57701,0.0620117,0
215,19507798,15599,0.0161133,0
216,19536108,28310,0.0205078,0
217,19569307,33199,0.034668,0
218,19604909,35602,0.0112305,0
219,19693637,88728,0.0361328,0
220,19713469,19832,0.0107422,0
221,19770096,56627,0.0541992,0
222,19872540,102444,0.0356445,0
223,20036764,164224,0.0859375,0
224,20154354,117590,0.0620117,0
225,20265963,111609,0.0800781,0
226,20313204,47241,0.0512695,0
227,20392758,79554,0.0288086,0
228,20424541,31783,0.0385742,0
229,20450205,25664,0.0400391,0
230,20486017,35812,0.0585938,0
231,20569665,83648,0.0610352,0
232,20605506,35841,0.015625,0
233,20700013,94507,0.046875,0
234,20757962,57949,0.0498047,0
235,20851346,93384,0.0454102,0
236,21072040,220694,0.421875,0
237,21141217,69177,0.0942383,0
238,21294986,153769,0.17627,0
239,21423083,128097,0.118164,0
240,21510096,87013,0.0820312,0
241,21562230,52134,0.0458984,0
242,21698637,136407,0.108887,0
243,21779455,80818,0.0541992,0
244,21817991,38536,0.0131836,0
245,21864955,46964,0.0322266,0
246,21911201,46246,0.0297852,0
247,22035807,124606,0.0766602,0
248,22047667,11860,0.00683594,0
249,22101657,53990,0.059082,0
250,22163077,61420,0.0258789,0
251,22242941,79864,0.0219727,0
252,22295058,52117,0.012207,0
253,22343007,47949,0.0146484,0
254,22388179,45172,0.0112305,0
255,22421562,33383,0.0117188,0
256,22474665,53103,0.012207,0
257,22635363,160698,0.0332031,0
258,22680965,45602,0.0527344,0
259,22730957,49992,0.0625,0
260,22783490,52533,0.0322266,0
261,22842637,59147,0.0595703,0
262,22913836,71199,0.0234375,0
263,22960027,46191,0.012207,0
264,23022617,62590,0.0351562,0
265,23056775,34158,0.0375977,0
266,23076688,19913,0.00830078,0
267,23147776,71088,0.0209961,0
268,23297417,149641,0.146973,0
269,23421872,124455,0.0424805,0
270,23494476,72604,0.0546875,0
271,23597547,103071,0.0698242,0
272,23738041,140494,0.0664062,0
273,23793967,55926,0.0717773,0
274,23862723,68756,0.0566406,0
275,23954413,91690,0.0712891,0
276,24028504,74091,0.0600586,0
277,24128804,100300,0.0722656,0
278,24227620,98816,0.0571289,0
279,24346153,118533,0.114258,0
280,24471461,125308,0.405273,0
281,24538578,67117,0.0864258,0
282,24749034,210456,0.222656,0
283,24849434,100400,0.0898438,0
284,25003356,153922,0.106934,0
285,25059182,55826,0.034668,0
286,25108808,49626,0.0390625,0
287,25164894,56086,0.0493164,0
288,25214872,49978,0.0361328,0
289,25265030,50158,0.0366211,0
290,25355621,90591,0.0585938,0
291,25471035,115414,0.0112305,0
292,25546418,75383,0.0292969,0
293,25625525,79107,0.0219727,0
294,25678993,53468,0.0102539,0
295,25716690,37697,0.019043,0
296,25771026,54336,0.0244141,0
297,25817085,46059,0.0410156,0
298,25849112,32027,0.0380859,0
299,25900838,51726,0.0595703,0
300,26002733,101895,0.0351562,0
301,26024449,21716,0.0126953,0
302,26057696,33247,0.0249023,0
303,26099101,41405,0.0219727,0
304,26144395,45294,0.0185547,0
305,26254026,109631,0.0737305,0
306,26290215,36189,0.0576172,0
307,26399121,108906,0.0327148,0
308,26496863,97742,0.0527344,0
309,26562997,66134,0.0356445,0
310,26604590,41593,0.0112305,0
311,26723784,119194,0.0639648,0
312,26825541,101757,0.0673828,0
313,26907628,82087,0.0649414,0
314,27009377,101749,0.078125,0
315,27070170,60793,0.0283203,0
316,27110022,39852,0.043457,0
317,27176136,66114,0.0600586,0
318,27228502,52366,0.046875,0
319,27262843,34341,0.0458984,0
320,27319489,56646,0.027832,0
321,27463317,143828,0.395996,0
322,27621323,158006,0.26123,0
323,27795490,174167,0.180664,0
324,27839812,44322,0.0385742,0
325,27986820,147008,0.128906,0
326,28094739,107919,0.0913086,0
327,28153824,59085,0.027832,0
328,28210619,56795,0.0444336,0
329,28256985,46366,0.0297852,0
330,28331907,74922,0.027832,0
331,28378462,46555,0.0136719,0
332,28493509,115047,0.0175781,0
333,28540715,47206,0.0356445,0
334,28637704,96989,0.0927734,0
335,28790518,152814,0.0766602,0
336,28831473,40955,0.0239258,0
337,28881690,50217,0.00585938,0
338,29017964,136274,0.0693359,0
339,29055966,38002,0.0244141,0
340,29190411,134445,0.0869141,0
341,29212278,21867,0.0126953,0
342,29295270,82992,0.0253906,0
343,29437755,142485,0.0600586,0
344,29499296,61541,0.0566406,0
345,29606805,107509,0.0395508,0
346,29848669,241864,0.107422,0
347,29906227,57558,0.0419922,0
348,30014070,107843,0.0595703,0
349,30059219,45149,0.050293,0
350,30146773,87554,0.050293,0
351,30199348,52575,0.0307617,0
352,30337185,137837,0.405762,0
353,30675543,338358,0.385254,0
354,30879668,204125,0.182617,0
355,30918725,39057,0.0161133,0
356,30984020,65295,0.0600586,0
357,31051249,67229,0.0541992,0
358,31175124,123875,0.0927734,0
359,31212444,37320,0.0292969,0
360,31303309,90865,0.0576172,0
361,31335545,32236,0.0151367,0
362,31459014,123469,0.0146484,0
363,31630991,171977,0.0292969,0
364,31759085,128094,0.0332031,0
365,31784482,25397,0.0180664,0
366,31813105,28623,0.0332031,0
367,31818241,5136,0.00830078,0
368,31827097,8856,0.0151367,0
369,31838942,11845,0.00927734,0
370,31851657,12715,0.0219727,0
371,31917501,65844,0.0458984,0
372,31942808,25307,0.0239258,0
373,31962623,19815,0.0292969,0
374,32007393,44770,0.0390625,0
375,32129199,121806,0.0629883,0
376,32180833,51634,0.0493164,0
377,32220896,40063,0.0244141,0
378,32268385,47489,0.0327148,0
379,32556657,288272,0.0297852,0
380,32660894,104237,0.0473633,0
381,32769627,108733,0.0595703,0
382,32845410,75783,0.0136719,0
383,32936594,91184,0.0844727,0
384,33041413,104819,0.0449219,0
385,33171209,129796,0.0732422,0
386,33254565,83356,0.0595703,0
387,33318525,63960,0.0654297,0
388,33361291,42766,0.0415039,0
389,33481915,120624,0.0703125,0
390,33583294,101379,0.0405273,0
391,33748996,165702,0.401367,0
392,33758263,9267,0.0102539,0
393,34001603,243340,0.290039,0
394,34259497,257894,0.19873,0
395,34389898,130401,0.101562,0
396,34484059,94161,0.0639648,0
397,34538830,54771,0.0454102,0
398,34595477,56647,0.0415039,0
399,34634798,39321,0.015625,0
400,34676713,41915,0.0229492,0
401,34745574,68861,0.0273438,0
402,34887308,141734,0.015625,0
403,34903889,16581,0.0161133,0
404,34987173,83284,0.0444336,0
405,35036270,49097,0.0253906,0
406,35135477,99207,0.0336914,0
407,35149299,13822,0.0112305,0
408,35167883,18584,0.0180664,0
409,35199038,31155,0.0405273,0
410,35259377,60339,0.0375977,0
411,35364362,104985,0.0395508,0
412,35402428,38066,0.0292969,0
413,35523745,121317,0.0810547,0
414,35570512,46767,0.0102539,0
415,35589966,19454,0.0268555,0
416,35635692,45726,0.0405273,0
417,35671589,35897,0.0439453,0
418,35724610,53021,0.0361328,0
419,35907935,183325,0.0566406,0
420,36159841,251906,0.0883789,0
421,36256445,96604,0.0332031,0
422,36346037,89592,0.0678711,0
423,36511183,165146,0.0800781,0
424,36614927,103744,0.0620117,0
425,36704539,89612,0.0786133,0
426,36823829,119290,0.39502,0
427,36852261,28432,0.0366211,0
428,36981443,129182,0.169434,0
429,37190053,208610,0.200684,0
430,37269454,79401,0.0708008,0
431,37316065,46611,0.0336914,0
432,37368589,52524,0.0366211,0
433,37423114,54525,0.0463867,0
434,37583234,160120,0.0917969,0
435,37668423,85189,0.0620117,0
436,37746646,78223,0.0185547,0
437,37813590,66944,0.0273438,0
438,37899328,85738,0.0141602,0
439,38011354,112026,0.0327148,0
440,38037034,25680,0.0273438,0
441,38091546,54512,0.0292969,0
442,38209798,118252,0.105469,0
443,38253375,43577,0.0478516,0
444,38402332,148957,0.0742188,0
445,38514826,112494,0.0390625,0
446,38779810,264984,0.0996094,0
447,38896550,116740,0.0527344,0
448,39030412,133862,0.0981445,0
449,39060798,30386,0.0317383,0
450,39110417,49619,0.0175781,0
451,39146600,36183,0.0166016,0
452,39206119,59519,0.046875,0
453,39261036,54917,0.0268555,0
454,39285317,24281,0.0424805,0
455,39407756,122439,0.0507812,0
456,39482448,74692,0.0439453,0
457,39595468,113020,0.0737305,0
458,39764745,169277,0.0878906,0
459,39823862,59117,0.0610352,0
460,39900774,76912,0.0756836,0
461,40015680,114906,0.0673828,0
462,40053100,37420,0.0400391,0
463,40125064,71964,0.0380859,0
464,40324106,199042,0.418457,0
465,40349565,25459,0.0351562,0
466,40543154,193589,0.204102,0
467,40790956,247802,0.224121,0
468,40855414,64458,0.0615234,0
469,41010685,155271,0.120605,0
470,41056310,45625,0.0361328,0
471,41071537,15227,0.0117188,0
472,41111748,40211,0.0283203,0
473,41161298,49550,0.0395508,0
474,41211047,49749,0.0263672,0
475,41283597,72550,0.0297852,0
476,41355091,71494,0.065918,0
477,41738387,383296,0.0214844,0
478,41760683,22296,0.0102539,0
479,41765896,5213,0.00878906,0
480,41883377,117481,0.0615234,0
481,41937800,54423,0.0595703,0
482,41946634,8834,0.00878906,0
483,41959752,13118,0.0126953,0
484,41966619,6867,0.0112305,0
485,41991524,24905,0.0239258,0
486,42008716,17192,0.0317383,0
487,42012660,3944,0.00585938,0
488,42029083,16423,0.0112305,0
489,42073607,44524,0.0297852,0
490,42105919,32312,0.00976562,0
491,42162211,56292,0.0385742,0
492,42212216,50005,0.0600586,0
493,42223814,11598,0.019043,0
494,42229117,5303,0.00927734,0
495,42251521,22404,0.0170898,0
496,42352907,101386,0.0170898,0
497,42388955,36048,0.0297852,0
498,42475345,86390,0.0610352,0
499,42558883,83538,0.0483398,0
500,42631289,72406,0.050293,0
501,42680424,49135,0.0263672,0
502,42729745,49321,0.0166016,0
503,42765980,36235,0.0507812,0
504,42873673,107693,0.0561523,0
505,42935279,61606,0.0170898,0
506,42969399,34120,0.0410156,0
507,43080580,111181,0.0463867,0
508,43224083,143503,0.114746,0
509,43284928,60845,0.0532227,0
510,43341288,56360,0.0498047,0
511,43427956,86668,0.0581055,0
512,43482494,54538,0.0756836,0
513,43574963,92469,0.0605469,0
514,43658307,83344,0.0683594,0
515,43730907,72600,0.0541992,0
516,43767982,37075,0.0449219,0
517,43860175,92193,0.0585938,0
518,43961275,101100,0.0429688,0
519,44046573,85298,0.381836,0
520,44109432,62859,0.119629,0
521,44332523,223091,0.272461,0
522,44513267,180744,0.146973,0
523,44633370,120103,0.0961914,0
524,44782613,149243,0.0961914,0
525,44870611,87998,0.043457,0
526,44928444,57833,0.050293,0
527,44971516,43072,0.0219727,0
528,45026116,54600,0.0429688,0
529,45092649,66533,0.0410156,0
530,45204154,111505,0.0117188,0
531,45299056,94902,0.0292969,0
532,45350211,51155,0.0239258,0
533,45352930,2719,0.00537109,0
534,45416612,63682,0.0517578,0
535,45432499,15887,0.0141602,0
536,45500728,68229,0.012207,0
537,45574994,74266,0.0439453,0
538,45594440,19446,0.0195312,0
539,45673163,78723,0.0634766,0
540,45740375,67212,0.0620117,0
541,45800361,59986,0.0415039,0
542,45902155,101794,0.0200195,0
543,46015961,113806,0.0175781,0
544,46100086,84125,0.0639648,0
545,46266049,165963,0.0693359,0
546,46328995,62946,0.0244141,0
547,46400800,71805,0.0419922,0
548,46456902,56102,0.0351562,0
549,46527533,70631,0.0439453,0
550,46595864,68331,0.0288086,0
551,46708827,112963,0.0927734,0
552,46768104,59277,0.0361328,0
553,46801683,33579,0.0263672,0
554,46870900,69217,0.0556641,0
555,46920771,49871,0.0791016,0
556,46944824,24053,0.0229492,0
557,47033032,88208,0.0375977,0
558,47133739,100707,0.0439453,0
559,47253582,119843,0.320801,0
560,47357782,104200,0.210449,0
561,47662197,304415,0.164551,0
562,47766000,103803,0.0766602,0
563,47842498,76498,0.0629883,0
564,47928053,85555,0.0463867,0
565,48031752,103699,0.0458984,0
566,48106619,74867,0.0874023,0
567,48156960,50341,0.0307617,0
568,48207809,50849,0.0166016,0
569,48264764,56955,0.0239258,0
570,48289888,25124,0.0102539,0
571,48315674,25786,0.0112305,0
572,48339545,23871,0.00976562,0
573,48492049,152504,0.0332031,0
574,48538028,45979,0.0268555,0
575,48577569,39541,0.03125,0
576,48644917,67348,0.0410156,0
577,48710989,66072,0.0317383,0
578,48722968,11979,0.00927734,0
579,48842656,119688,0.122559,0
580,48920383,77727,0.050293,0
581,49052919,132536,0.0556641,0
582,49088301,35382,0.0258789,0
583,49168876,80575,0.0141602,0
584,49277565,108689,0.0332031,0
585,49384097,106532,0.074707,0
586,49474769,90672,0.0688477,0
587,49551314,76545,0.0380859,0
588,49586440,35126,0.0268555,0
589,49755048,168608,0.129883,0
590,49819853,64805,0.0600586,0
591,49869343,49490,0.0249023,0
592,49928641,59298,0.0532227,0
593,49974395,45754,0.0292969,0
594,50120829,146434,0.0717773,0
595,50183420,62591,0.0327148,0
596,50245436,62016,0.0610352,0
597,50288892,43456,0.0234375,0
598,50384344,95452,0.0551758,0
599,50426779,42435,0.0449219,0
600,50460166,33387,0.0288086,0
601,50521202,61036,0.0400391,0
602,50617149,95947,0.0463867,0
603,50670037,52888,0.0395508,0
604,50858951,188914,0.414062,0
605,50943860,84909,0.11377,0
606,51193538,249678,0.221191,0
607,51358601,165063,0.139648,0
608,51397749,39148,0.0141602,0
609,51464568,66819,0.0639648,0
610,51521894,57326,0.0473633,0
611,51619146,97252,0.0644531,0
612,51708000,88854,0.0385742,0
613,51796303,88303,0.0180664,0
614,51849696,53393,0.00927734,0
615,51973461,123765,0.0239258,0
616,52034294,60833,0.0283203,0
617,52087698,53404,0.0751953,0
618,52099785,12087,0.0107422,0
619,52117490,17705,0.0166016,0
620,52168886,51396,0.0532227,0
621,52342530,173644,0.0537109,0
622,52385471,42941,0.0356445,0
623,52431742,46271,0.0512695,0
624,52480916,49174,0.0195312,0
625,52519739,38823,0.0151367,0
626,52530732,10993,0.00683594,0
627,52635611,104879,0.0493164,0
628,52701696,66085,0.0205078,0
629,52861348,159652,0.0732422,0
630,52875903,14555,0.0112305,0
631,52942558,66655,0.0283203,0
632,52984079,41521,0.0258789,0
633,53052653,68574,0.0375977,0
634,53174397,121744,0.0668945,0
635,53190567,16170,0.012207,0
636,53295737,105170,0.0512695,0
637,53321319,25582,0.0239258,0
638,53429635,108316,0.0610352,0
639,53580156,150521,0.10791,0
640,53680615,100459,0.390137,0
641,53964375,283760,0.342773,0
642,54054755,90380,0.0737305,0
643,54189008,134253,0.11084,0
644,54298317,109309,0.0844727,0
645,54314181,15864,0.0209961,0
646,54402407,88226,0.0507812,0
647,54490915,88508,0.0629883,0
648,54548604,57689,0.0439453,0
649,54598698,50094,0.0322266,0
650,54637632,38934,0.0151367,0
651,54693828,56196,0.012207,0
652,54870525,176697,0.0180664,0
653,54926537,56012,0.0322266,0
654,54955052,28515,0.0180664,0
655,55018589,63537,0.00878906,0
656,55024935,6346,0.00878906,0
657,55070217,45282,0.0219727,0
658,55150611,80394,0.0932617,0
659,55184200,33589,0.0258789,0
660,55228931,44731,0.0219727,0
661,55267696,38765,0.0136719,0
662,55336346,68650,0.0522461,0
663,55403971,67625,0.0454102,0
664,55440103,36132,0.0302734,0
665,55452161,12058,0.012207,0
666,55537791,85630,0.0957031,0
667,55612258,74467,0.0512695,0
668,55689195,76937,0.0639648,0
669,55709475,20280,0.0117188,0
670,55728194,18719,0.0107422,0
671,55763086,34892,0.0117188,0
672,55891561,128475,0.0507812,0
673,56137296,245735,0.133789,0
674,56242687,105391,0.106445,0
675,56290740,48053,0.0263672,0
676,56386692,95952,0.03125,0
677,56419110,32418,0.0273438,0
678,56467540,48430,0.0678711,0
679,56591607,124067,0.090332,0
680,56653801,62194,0.0351562,0
681,56698706,44905,0.0175781,0
682,56826988,128282,0.124023,0
683,56922655,95667,0.0576172,0
684,57030538,107883,0.0810547,0
685,57113159,82621,0.0600586,0
686,57205326,92167,0.0742188,0
687,57308478,103152,0.0727539,0
688,57434241,125763,0.0581055,0
689,57522158,87917,0.050293,0
690,57802905,280747,0.419434,0
691,58076023,273118,0.287598,0
692,58156735,80712,0.0722656,0
693,58287626,130891,0.115234,0
694,58343599,55973,0.0375977,0
695,58477045,133446,0.0913086,0
696,58508109,31064,0.0288086,0
697,58612244,104135,0.0791016,0
698,58691495,79251,0.0297852,0
699,58839014,147519,0.0180664,0
700,58916783,77769,0.0239258,0
701,59037003,120220,0.0644531,0
702,59061361,24358,0.0175781,0
703,59085487,24126,0.0209961,0
704,59146026,60539,0.0625,0
705,59219038,73012,0.015625,0
706,59337639,118601,0.0195312,0
707,59402219,64580,0.0336914,0
708,59488819,86600,0.0678711,0
709,59624526,135707,0.09375,0
710,59676508,51982,0.0532227,0
711,59818936,142428,0.0322266,0
712,59855403,36467,0.0175781,0
713,60012085,156682,0.0913086,0
714,60141163,129078,0.0830078,0
715,60303983,162820,0.0810547,0
716,60361134,57151,0.0444336,0
717,60426787,65653,0.0449219,0
718,60469975,43188,0.0332031,0
719,60561169,91194,0.0791016,0
720,60667895,106726,0.0678711,0
721,60728724,60829,0.0610352,0
722,60779541,50817,0.0620117,0
723,60814677,35136,0.0219727,0
724,60852518,37841,0.034668,0
725,60953545,101027,0.0722656,0
726,61052882,99337,0.0600586,0
727,61265056,212174,0.421875,0
728,61373694,108638,0.151855,0
729,61626833,253139,0.220703,0
730,61738866,112033,0.0942383,0
731,61759052,20186,0.0253906,0
732,61801030,41978,0.0175781,0
733,61855682,54652,0.050293,0
734,61905092,49410,0.0361328,0
735,61948433,43341,0.0258789,0
736,62063281,114848,0.0249023,0
737,62145617,82336,0.0302734,0
738,62220343,74726,0.0205078,0
739,62304271,83928,0.0258789,0
740,62366452,62181,0.0214844,0
741,62378923,12471,0.012207,0
742,62395804,16881,0.0170898,0
743,62496332,100528,0.0537109,0
744,62539092,42760,0.043457,0
745,62567553,28461,0.0380859,0
746,62598495,30942,0.0371094,0
747,62666445,67950,0.0727539,0
748,62754894,88449,0.0463867,0
749,62813490,58596,0.0458984,0
750,62847547,34057,0.0126953,0
751,62933468,85921,0.0551758,0
752,63137959,204491,0.0595703,0
753,63187185,49226,0.0761719,0
754,63213624,26439,0.0439453,0
755,63338579,124955,0.0615234,0
756,63371563,32984,0.0390625,0
757,63570050,198487,0.0698242,0
758,63695485,125435,0.0527344,0
759,63781103,85618,0.0498047,0
760,63852400,71297,0.0341797,0
761,63928655,76255,0.0664062,0
762,64118837,190182,0.205078,0
763,64282323,163486,0.409668,0
764,64447065,164742,0.203613,0
765,64585582,138517,0.131348,0
766,64683709,98127,0.0786133,0
767,64792617,108908,0.0830078,0
768,64878407,85790,0.0654297,0
769,64919970,41563,0.019043,0
770,64990620,70650,0.0732422,0
771,65076986,86366,0.0292969,0
772,65129318,52332,0.0258789,0
773,65233572,104254,0.0161133,0
774,65280307,46735,0.0166016,0
775,65303773,23466,0.0141602,0
776,65433992,130219,0.0444336,0
777,65518455,84463,0.0395508,0
778,65605626,87171,0.050293,0
779,65621625,15999,0.0146484,0
780,65720455,98830,0.0317383,0
781,65760347,39892,0.0117188,0
782,65808858,48511,0.050293,0
783,65864145,55287,0.043457,0
784,65950946,86801,0.0571289,0
785,66006280,55334,0.0541992,0
786,66032915,26635,0.0268555,0
787,66082050,49135,0.0141602,0
788,66183458,101408,0.0327148,0
789,66244901,61443,0.0458984,0
790,66297286,52385,0.0522461,0
791,66392916,95630,0.0625,0
792,66502418,109502,0.0859375,0
793,66608327,105909,0.0771484,0
794,66679171,70844,0.027832,0
795,66704493,25322,0.0151367,0
796,66747300,42807,0.0517578,0
797,66834298,86998,0.0688477,0
798,66855639,21341,0.0292969,0
799,66936527,80888,0.0805664,0
800,67073418,136891,0.043457,0
801,67198835,125417,0.0493164,0
