checkpoints,cycle count,last checkpoint,dirty ratio,cause
1,1000003,1000003,0.259277,2
2,1024598,24595,0.118652,0
3,2024601,1000003,0.214355,2
4,2031074,6473,0.0976562,0
5,3031096,1000022,0.196777,2
6,3258647,227551,0.197754,0
7,3445582,186935,0.223145,0
8,3466013,20431,0.193848,0
9,4466016,1000003,0.20166,2
10,5466017,1000001,0.220215,2
11,5479739,13722,0.0859375,0
12,5684584,204845,0.220215,0
13,5693132,8548,0.192383,0
14,6693141,1000009,0.216797,2
15,6697565,4424,0.0942383,0
16,7697572,1000007,0.158203,2
17,7742060,44488,0.214844,0
18,7744631,2571,0.0522461,0
19,8744633,1000002,0.203613,2
20,9744635,1000002,0.233887,2
21,9907232,162597,0.145508,0
22,9941722,34490,0.218262,0
23,9944330,2608,0.0522461,0
24,10944363,1000033,0.202637,2
25,11944365,1000002,0.164062,2
26,12120626,176261,0.145508,0
27,12143046,22420,0.193848,0
28,13143050,1000004,0.223145,2
29,13161568,18518,0.0859375,0
30,13404368,242800,0.219238,0
31,13438206,33838,0.187012,0
32,13440682,2476,0.0522461,0
33,14440689,1000007,0.202148,2
34,15440724,1000035,0.220703,2
35,15487780,47056,0.209961,0
36,16487784,1000004,0.215332,2
37,16520902,33118,0.131836,0
38,17520914,1000012,0.199707,2
39,17704200,183286,0.219727,0
40,17736162,31962,0.214844,0
41,17738725,2563,0.0522461,0
42,18738764,1000039,0.220703,2
43,18744415,5651,0.0766602,0
44,18968870,224455,0.204102,0
45,19159712,190842,0.201172,0
46,19334369,174657,0.225098,0
47,19371398,37029,0.21875,0
48,19374029,2631,0.0522461,0
49,20374035,1000006,0.220215,2
50,20401617,27582,0.0976562,0
51,20451018,49401,0.119141,0
52,20655643,204625,0.200195,0
53,20834107,178464,0.224121,0
54,20867561,33454,0.217773,0
55,20870125,2564,0.0522461,0
56,21870127,1000002,0.201172,2
57,22870129,1000002,0.202637,2
58,23039484,169355,0.145508,0
59,23071608,32124,0.21582,0
60,23074157,2549,0.0522461,0
61,24074159,1000002,0.183105,2
62,25074160,1000001,0.218262,2
63,25080673,6513,0.103516,0
64,26080677,1000004,0.222168,2
65,26112137,31460,0.118652,0
66,26299812,187675,0.220703,0
67,26333601,33789,0.214355,0
68,26336142,2541,0.0522461,0
69,27336143,1000001,0.225098,2
70,27367216,31073,0.118652,0
71,27539650,172434,0.207031,0
72,27730857,191207,0.198242,0
73,27949547,218690,0.215332,0
74,27976899,27352,0.185547,0
75,28976900,1000001,0.196777,2
76,29210010,233110,0.200684,0
77,29390420,180410,0.215332,0
78,29406972,16552,0.193848,0
79,30406974,1000002,0.225098,2
80,30424376,17402,0.0859375,0
81,30660572,236196,0.219727,0
82,30681361,20789,0.192383,0
83,31681364,1000003,0.225098,2
84,31689513,8149,0.0859375,0
85,31909895,220382,0.201172,0
86,32091847,181952,0.224121,0
87,32115682,23835,0.193848,0
88,33115685,1000003,0.219727,2
89,33120108,4423,0.0859375,0
90,34120110,1000002,0.219238,2
91,34136391,16281,0.0874023,0
92,34318342,181951,0.222168,0
93,34350732,32390,0.159668,0
94,34353189,2457,0.0522461,0
95,34619780,266591,0.213379,0
