checkpoints,cycle count,last checkpoint,dirty ratio,cause
1,236,236,0.0263672,0
2,1399,1163,0.0361328,0
3,2985,1586,0.0585938,0
4,4888,1903,0.0561523,0
5,29109,24221,0.0820312,0
6,30035,926,0.00927734,0
7,32088,2053,0.0258789,0
8,55732,23644,0.280762,0
9,58367,2635,0.0136719,0
10,79499,21132,0.0698242,0
11,80959,1460,0.0893555,0
12,118025,37066,0.11084,0
13,120279,2254,0.0522461,0
14,134943,14664,0.0458984,0
15,148148,13205,0.162598,0
16,149593,1445,0.09375,0
17,166077,16484,0.0395508,0
18,193054,26977,0.110352,0
19,195373,2319,0.0522461,0
20,198542,3169,0.027832,0
21,221741,23199,0.134277,0
22,266547,44806,0.11084,0
23,268861,2314,0.0522461,0
24,293085,24224,0.0620117,0
25,294447,1362,0.0893555,0
26,325454,31007,0.124512,0
27,337930,12476,0.154785,0
28,340441,2511,0.0532227,0
29,344221,3780,0.0288086,0
30,365517,21296,0.134277,0
31,406125,40608,0.11084,0
32,408526,2401,0.0522461,0
33,412222,3696,0.0620117,0
34,413584,1362,0.0893555,0
35,420791,7207,0.11084,0
36,423043,2252,0.0522461,0
37,448167,25124,0.0620117,0
38,449529,1362,0.0893555,0
39,479455,29926,0.11084,0
40,481788,2333,0.0522461,0
41,506218,24430,0.0620117,0
42,507580,1362,0.0893555,0
43,535847,28267,0.124512,0
44,549390,13543,0.154785,0
45,551916,2526,0.0532227,0
46,555049,3133,0.027832,0
47,578094,23045,0.134277,0
48,621494,43400,0.11084,0
49,623854,2360,0.0522461,0
50,647074,23220,0.0620117,0
51,648436,1362,0.0893555,0
52,691698,43262,0.11084,0
53,693987,2289,0.0522461,0
54,718030,24043,0.0620117,0
55,719392,1362,0.0893555,0
56,725593,6201,0.0366211,0
57,755333,29740,0.209473,0
58,771528,16195,0.103516,0
59,774784,3256,0.027832,0
60,796037,21253,0.134277,0
61,838848,42811,0.11084,0
62,841164,2316,0.0522461,0
63,865076,23912,0.0620117,0
64,866438,1362,0.0893555,0
65,909034,42596,0.11084,0
66,911386,2352,0.0522461,0
67,916238,4852,0.0317383,0
68,937235,20997,0.162598,0
69,938680,1445,0.09375,0
70,946003,7323,0.0209961,0
71,976257,30254,0.110352,0
72,978618,2361,0.0522461,0
73,981818,3200,0.027832,0
74,1003093,21275,0.134277,0
75,1040624,37531,0.11084,0
76,1042956,2332,0.0522461,0
77,1065994,23038,0.0620117,0
78,1067356,1362,0.0893555,0
79,1107663,40307,0.11084,0
80,1109974,2311,0.0522461,0
81,1113408,3434,0.0292969,0
82,1137043,23635,0.162598,0
83,1138488,1445,0.09375,0
84,1142215,3727,0.0146484,0
85,1178656,36441,0.110352,0
86,1181050,2394,0.0522461,0
87,1184886,3836,0.0283203,0
88,1208310,23424,0.134277,0
89,1245395,37085,0.11084,0
90,1247769,2374,0.0522461,0
91,1274297,26528,0.0620117,0
92,1275659,1362,0.0893555,0
93,1283013,7354,0.11084,0
94,1285265,2252,0.0522461,0
95,1297478,12213,0.0405273,0
96,1299737,2259,0.0742188,0
97,1315518,15781,0.182129,0
98,1323447,7929,0.109375,0
99,1325682,2235,0.0522461,0
100,1330279,4597,0.0307617,0
101,1347819,17540,0.134277,0
102,1368433,20614,0.11084,0
103,1370825,2392,0.0522461,0
104,1373784,2959,0.027832,0
105,1392368,18584,0.134277,0
106,1412903,20535,0.11084,0
107,1415265,2362,0.0522461,0
108,1419113,3848,0.0620117,0
109,1420475,1362,0.0893555,0
110,1428133,7658,0.11084,0
111,1430385,2252,0.0522461,0
112,1434258,3873,0.0605469,0
113,1435599,1341,0.0893555,0
114,1443074,7475,0.109375,0
115,1445305,2231,0.0522461,0
116,1471792,26487,0.0620117,0
117,1473154,1362,0.0893555,0
118,1480607,7453,0.109375,0
119,1482838,2231,0.0522461,0
120,1486751,3913,0.0620117,0
121,1488113,1362,0.0893555,0
122,1495566,7453,0.109375,0
123,1497797,2231,0.0522461,0
124,1519336,21539,0.0620117,0
125,1520698,1362,0.0893555,0
126,1545708,25010,0.11084,0
127,1548050,2342,0.0522461,0
128,1553020,4970,0.0322266,0
129,1574578,21558,0.162598,0
130,1576023,1445,0.09375,0
131,1588136,12113,0.105469,0
132,1603339,15203,0.103516,0
133,1607360,4021,0.0283203,0
134,1629505,22145,0.134277,0
135,1657025,27520,0.11084,0
136,1659298,2273,0.0522461,0
137,1682917,23619,0.0620117,0
138,1684279,1362,0.0893555,0
139,1691641,7362,0.11084,0
140,1693893,2252,0.0522461,0
141,1717698,23805,0.0620117,0
142,1719060,1362,0.0893555,0
143,1745014,25954,0.11084,0
144,1747326,2312,0.0522461,0
145,1755766,8440,0.0371094,0
146,1769954,14188,0.162598,0
147,1771399,1445,0.09375,0
148,1789481,18082,0.11084,0
149,1791733,2252,0.0522461,0
150,1795884,4151,0.0292969,0
151,1817721,21837,0.134277,0
152,1862711,44990,0.11084,0
153,1865050,2339,0.0522461,0
154,1889149,24099,0.0620117,0
155,1890511,1362,0.0893555,0
156,1933505,42994,0.11084,0
157,1935781,2276,0.0522461,0
158,1955011,19230,0.0546875,0
159,1962851,7840,0.162598,0
160,1964296,1445,0.09375,0
161,1992761,28465,0.105469,0
162,2007417,14656,0.103516,0
163,2011972,4555,0.0297852,0
164,2032756,20784,0.134277,0
165,2073162,40406,0.11084,0
166,2075445,2283,0.0522461,0
167,2099491,24046,0.0620117,0
168,2100853,1362,0.0893555,0
169,2142456,41603,0.11084,0
170,2144722,2266,0.0522461,0
171,2155738,11016,0.0400391,0
172,2172238,16500,0.162598,0
173,2173683,1445,0.09375,0
174,2186057,12374,0.0307617,0
175,2216042,29985,0.110352,0
176,2218355,2313,0.0522461,0
177,2221974,3619,0.0283203,0
178,2244912,22938,0.134277,0
179,2286714,41802,0.11084,0
180,2288975,2261,0.0522461,0
181,2313967,24992,0.0620117,0
182,2315329,1362,0.0893555,0
183,2347607,32278,0.124512,0
184,2360308,12701,0.154785,0
185,2362738,2430,0.0532227,0
186,2365937,3199,0.0283203,0
187,2388359,22422,0.134277,0
188,2432210,43851,0.11084,0
189,2434522,2312,0.0522461,0
190,2459033,24511,0.0620117,0
191,2460395,1362,0.0893555,0
192,2504261,43866,0.11084,0
193,2506515,2254,0.0522461,0
194,2531668,25153,0.0620117,0
195,2533030,1362,0.0893555,0
196,2537242,4212,0.0336914,0
197,2569149,31907,0.209473,0
198,2583210,14061,0.103516,0
199,2586416,3206,0.027832,0
200,2609715,23299,0.134277,0
201,2649686,39971,0.11084,0
202,2651956,2270,0.0522461,0
203,2675889,23933,0.0620117,0
204,2677251,1362,0.0893555,0
205,2722254,45003,0.11084,0
206,2724536,2282,0.0522461,0
207,2731831,7295,0.0351562,0
208,2750289,18458,0.162598,0
209,2751734,1445,0.09375,0
210,2763647,11913,0.0317383,0
211,2787585,23938,0.110352,0
212,2789889,2304,0.0522461,0
213,2794021,4132,0.0292969,0
214,2812390,18369,0.134277,0
215,2848066,35676,0.11084,0
216,2850324,2258,0.0522461,0
217,2875179,24855,0.0620117,0
218,2876541,1362,0.0893555,0
219,2916030,39489,0.11084,0
220,2918307,2277,0.0522461,0
221,2929067,10760,0.0380859,0
222,2931695,2628,0.0898438,0
223,2950833,19138,0.166504,0
224,2957321,6488,0.019043,0
225,2992881,35560,0.110352,0
226,2995251,2370,0.0522461,0
227,2999278,4027,0.0283203,0
228,3023307,24029,0.134277,0
229,3068079,44772,0.11084,0
230,3070354,2275,0.0522461,0
231,3095422,25068,0.0620117,0
232,3096784,1362,0.0893555,0
233,3112129,15345,0.0527344,0
234,3145650,33521,0.213379,0
235,3148281,2631,0.0551758,0
236,3151839,3558,0.0283203,0
237,3173352,21513,0.134277,0
238,3209493,36141,0.11084,0
239,3211874,2381,0.0522461,0
240,3233568,21694,0.0620117,0
241,3234930,1362,0.0893555,0
242,3255113,20183,0.11084,0
243,3257487,2374,0.0522461,0
244,3281923,24436,0.0620117,0
245,3283285,1362,0.0893555,0
246,3320664,37379,0.11084,0
247,3323022,2358,0.0522461,0
248,3325402,2380,0.0283203,0
249,3351214,25812,0.162598,0
250,3352659,1445,0.09375,0
251,3354623,1964,0.0126953,0
252,3390948,36325,0.110352,0
253,3393352,2404,0.0522461,0
254,3396943,3591,0.0283203,0
255,3418726,21783,0.134277,0
256,3458850,40124,0.11084,0
257,3461206,2356,0.0522461,0
258,3487925,26719,0.0620117,0
259,3489287,1362,0.0893555,0
260,3514966,25679,0.105469,0
261,3532660,17694,0.164062,0
262,3535589,2929,0.0629883,0
263,3539332,3743,0.0283203,0
264,3562211,22879,0.134277,0
265,3603795,41584,0.11084,0
266,3606124,2329,0.0522461,0
267,3631711,25587,0.0620117,0
268,3633073,1362,0.0893555,0
269,3677484,44411,0.11084,0
270,3679748,2264,0.0522461,0
271,3683646,3898,0.0620117,0
272,3685008,1362,0.0893555,0
273,3692375,7367,0.11084,0
274,3694627,2252,0.0522461,0
275,3718069,23442,0.0620117,0
276,3719431,1362,0.0893555,0
277,3720917,1486,0.0307617,0
278,3750888,29971,0.209473,0
279,3759994,9106,0.103516,0
280,3763162,3168,0.0273438,0
281,3789595,26433,0.134277,0
282,3828986,39391,0.11084,0
283,3831317,2331,0.0522461,0
284,3855469,24152,0.0620117,0
285,3856831,1362,0.0893555,0
286,3884391,27560,0.11084,0
287,3886668,2277,0.0522461,0
288,3890387,3719,0.0620117,0
289,3891749,1362,0.0893555,0
290,3899007,7258,0.11084,0
291,3901259,2252,0.0522461,0
292,3918841,17582,0.0522461,0
293,3928221,9380,0.162598,0
294,3929666,1445,0.09375,0
295,3955242,25576,0.105469,0
296,3970740,15498,0.103516,0
297,3974693,3953,0.0288086,0
298,3997530,22837,0.134277,0
299,4039903,42373,0.11084,0
300,4042237,2334,0.0522461,0
301,4069096,26859,0.0620117,0
302,4070458,1362,0.0893555,0
303,4108954,38496,0.106445,0
304,4120325,11371,0.163086,0
305,4123231,2906,0.0629883,0
306,4127102,3871,0.0288086,0
307,4149434,22332,0.134277,0
308,4195618,46184,0.11084,0
309,4197941,2323,0.0522461,0
310,4222716,24775,0.0620117,0
311,4224078,1362,0.0893555,0
312,4269535,45457,0.11084,0
313,4271813,2278,0.0522461,0
314,4291897,20084,0.0551758,0
315,4299581,7684,0.162598,0
316,4301026,1445,0.09375,0
317,4326596,25570,0.105469,0
318,4346437,19841,0.103516,0
319,4350594,4157,0.0292969,0
320,4365234,14640,0.134277,0
321,4400429,35195,0.11084,0
322,4402689,2260,0.0522461,0
323,4427087,24398,0.0620117,0
324,4428449,1362,0.0893555,0
325,4469998,41549,0.11084,0
326,4472252,2254,0.0522461,0
327,4490628,18376,0.0517578,0
328,4493724,3096,0.105469,0
329,4501755,8031,0.150879,0
330,4526578,24823,0.105469,0
331,4549141,22563,0.103516,0
332,4552750,3609,0.027832,0
333,4575019,22269,0.134277,0
334,4610150,35131,0.11084,0
335,4612441,2291,0.0522461,0
336,4636863,24422,0.0620117,0
337,4638225,1362,0.0893555,0
338,4682447,44222,0.11084,0
339,4684730,2283,0.0522461,0
340,4688723,3993,0.0307617,0
341,4712514,23791,0.162598,0
342,4713959,1445,0.09375,0
343,4718212,4253,0.0161133,0
344,4758182,39970,0.110352,0
345,4760483,2301,0.0522461,0
346,4784809,24326,0.0620117,0
347,4786171,1362,0.0893555,0
348,4829019,42848,0.11084,0
349,4831281,2262,0.0522461,0
350,4856033,24752,0.0620117,0
351,4857395,1362,0.0893555,0
352,4874865,17470,0.0605469,0
353,4905472,30607,0.214355,0
354,4908056,2584,0.0532227,0
355,4910805,2749,0.0273438,0
356,4936012,25207,0.134277,0
357,4980774,44762,0.11084,0
358,4983073,2299,0.0522461,0
359,5010302,27229,0.0620117,0
360,5011664,1362,0.0893555,0
361,5051112,39448,0.105469,0
362,5060593,9481,0.164062,0
363,5063454,2861,0.0629883,0
364,5067073,3619,0.0283203,0
365,5090359,23286,0.134277,0
366,5134730,44371,0.11084,0
367,5137037,2307,0.0522461,0
368,5162664,25627,0.0620117,0
369,5164026,1362,0.0893555,0
370,5210818,46792,0.11084,0
371,5213077,2259,0.0522461,0
372,5231481,18404,0.050293,0
373,5242684,11203,0.162598,0
374,5244129,1445,0.09375,0
375,5262112,17983,0.0380859,0
376,5289694,27582,0.110352,0
377,5291987,2293,0.0522461,0
378,5294673,2686,0.0273438,0
379,5320481,25808,0.134277,0
380,5363050,42569,0.11084,0
381,5365327,2277,0.0522461,0
382,5392225,26898,0.0620117,0
383,5393587,1362,0.0893555,0
384,5417528,23941,0.124512,0
385,5433600,16072,0.154785,0
386,5436148,2548,0.0532227,0
387,5439366,3218,0.027832,0
388,5463485,24119,0.134277,0
389,5508330,44845,0.11084,0
390,5510640,2310,0.0522461,0
391,5536654,26014,0.0620117,0
392,5538016,1362,0.0893555,0
393,5582998,44982,0.11084,0
394,5585296,2298,0.0522461,0
395,5600678,15382,0.0458984,0
396,5614295,13617,0.163086,0
397,5615741,1446,0.09375,0
398,5632002,16261,0.0410156,0
399,5658556,26554,0.110352,0
400,5660886,2330,0.0522461,0
401,5664136,3250,0.0283203,0
402,5686512,22376,0.134277,0
403,5727583,41071,0.11084,0
404,5729859,2276,0.0522461,0
405,5755068,25209,0.0620117,0
406,5756430,1362,0.0893555,0
407,5795059,38629,0.124512,0
408,5800965,5906,0.154785,0
409,5803410,2445,0.0532227,0
410,5808045,4635,0.0302734,0
411,5823649,15604,0.134277,0
412,5832934,9285,0.0292969,0
413,5861557,28623,0.110352,0
414,5863842,2285,0.0522461,0
415,5867540,3698,0.0620117,0
416,5868902,1362,0.0893555,0
417,5876273,7371,0.11084,0
418,5878533,2260,0.0522461,0
419,5883110,4577,0.0302734,0
420,5903665,20555,0.134277,0
421,5933443,29778,0.11084,0
422,5935700,2257,0.0522461,0
423,5957589,21889,0.0620117,0
424,5958951,1362,0.0893555,0
425,5987874,28923,0.11084,0
426,5990126,2252,0.0522461,0
427,6012246,22120,0.0620117,0
428,6013608,1362,0.0893555,0
429,6023932,10324,0.124512,0
430,6037323,13391,0.154785,0
431,6039761,2438,0.0532227,0
432,6043693,3932,0.0620117,0
433,6045055,1362,0.0893555,0
434,6052697,7642,0.11084,0
435,6054949,2252,0.0522461,0
436,6058738,3789,0.0288086,0
437,6079829,21091,0.134277,0
438,6119928,40099,0.11084,0
439,6122241,2313,0.0522461,0
440,6147186,24945,0.0620117,0
441,6148548,1362,0.0893555,0
442,6184636,36088,0.11084,0
443,6186899,2263,0.0522461,0
444,6213980,27081,0.0620117,0
445,6215342,1362,0.0893555,0
446,6225439,10097,0.0478516,0
447,6235647,10208,0.146973,0
448,6259556,23909,0.110352,0
449,6261914,2358,0.0522461,0
450,6266253,4339,0.0297852,0
451,6288240,21987,0.134277,0
452,6328947,40707,0.11084,0
453,6331233,2286,0.0522461,0
454,6358441,27208,0.0620117,0
455,6359803,1362,0.0893555,0
456,6400158,40355,0.11084,0
457,6402457,2299,0.0522461,0
458,6415375,12918,0.0439453,0
459,6429354,13979,0.162598,0
460,6430799,1445,0.09375,0
461,6445827,15028,0.0327148,0
462,6476048,30221,0.110352,0
463,6478341,2293,0.0522461,0
464,6482534,4193,0.0292969,0
465,6503967,21433,0.134277,0
466,6548447,44480,0.11084,0
467,6550699,2252,0.0522461,0
468,6575217,24518,0.0620117,0
469,6576579,1362,0.0893555,0
470,6609276,32697,0.121094,0
471,6617629,8353,0.148438,0
472,6620415,2786,0.0629883,0
473,6624679,4264,0.0292969,0
474,6645791,21112,0.134277,0
475,6684880,39089,0.11084,0
476,6687204,2324,0.0522461,0
477,6714126,26922,0.0620117,0
478,6715488,1362,0.0893555,0
479,6744332,28844,0.11084,0
480,6746604,2272,0.0522461,0
481,6774230,27626,0.0620117,0
482,6775592,1362,0.0893555,0
483,6790996,15404,0.0537109,0
484,6822118,31122,0.209473,0
485,6828412,6294,0.103516,0
486,6831471,3059,0.0273438,0
487,6855606,24135,0.134277,0
488,6903763,48157,0.11084,0
489,6906055,2292,0.0522461,0
490,6931994,25939,0.0620117,0
491,6933356,1362,0.0893555,0
492,6969259,35903,0.124512,0
493,6984990,15731,0.154785,0
494,6987456,2466,0.0532227,0
495,6991187,3731,0.0283203,0
496,7014007,22820,0.134277,0
497,7056732,42725,0.11084,0
498,7059114,2382,0.0522461,0
499,7085529,26415,0.0620117,0
500,7086891,1362,0.0893555,0
501,7131898,45007,0.11084,0
502,7134217,2319,0.0522461,0
503,7147630,13413,0.0415039,0
504,7164288,16658,0.163086,0
505,7165734,1446,0.09375,0
506,7177893,12159,0.0288086,0
507,7212186,34293,0.110352,0
508,7214529,2343,0.0522461,0
509,7217638,3109,0.027832,0
510,7242368,24730,0.134277,0
511,7289318,46950,0.11084,0
512,7291623,2305,0.0522461,0
513,7317012,25389,0.0620117,0
514,7318374,1362,0.0893555,0
515,7325214,6840,0.0371094,0
516,7355863,30649,0.209473,0
517,7370821,14958,0.103516,0
518,7374876,4055,0.0283203,0
519,7398815,23939,0.134277,0
520,7442793,43978,0.11084,0
521,7445150,2357,0.0522461,0
522,7470442,25292,0.0620117,0
523,7471804,1362,0.0893555,0
524,7507238,35434,0.124512,0
525,7516095,8857,0.154785,0
526,7518556,2461,0.0532227,0
527,7522546,3990,0.0283203,0
528,7546288,23742,0.134277,0
529,7585356,39068,0.11084,0
530,7587673,2317,0.0522461,0
531,7613583,25910,0.0620117,0
532,7614945,1362,0.0893555,0
533,7660376,45431,0.11084,0
534,7662673,2297,0.0522461,0
535,7683232,20559,0.0522461,0
536,7684077,845,0.0136719,0
537,7684445,368,0.0136719,0
538,7684813,368,0.0136719,0
539,7685181,368,0.0136719,0
540,7685549,368,0.0136719,0
541,7685917,368,0.0136719,0
542,7686285,368,0.0136719,0
543,7686653,368,0.0136719,0
544,7694108,7455,0.146973,0
545,7712328,18220,0.0361328,0
546,7740577,28249,0.110352,0
547,7742937,2360,0.0522461,0
548,7746988,4051,0.0288086,0
549,7769477,22489,0.134277,0
550,7812044,42567,0.11084,0
551,7814403,2359,0.0522461,0
552,7840195,25792,0.0620117,0
553,7841557,1362,0.0893555,0
554,7862255,20698,0.0595703,0
555,7890507,28252,0.214355,0
556,7893111,2604,0.0532227,0
557,7897141,4030,0.0288086,0
558,7920726,23585,0.134277,0
559,7966004,45278,0.11084,0
560,7968344,2340,0.0522461,0
561,7993850,25506,0.0620117,0
562,7995212,1362,0.0893555,0
563,8037709,42497,0.11084,0
564,8040005,2296,0.0522461,0
565,8050580,10575,0.0405273,0
566,8064013,13433,0.162598,0
567,8065458,1445,0.09375,0
568,8086299,20841,0.105469,0
569,8105942,19643,0.103516,0
570,8109939,3997,0.0283203,0
571,8133675,23736,0.134277,0
572,8162681,29006,0.11084,0
573,8165029,2348,0.0522461,0
574,8190160,25131,0.0620117,0
575,8191522,1362,0.0893555,0
576,8228163,36641,0.11084,0
577,8230436,2273,0.0522461,0
578,8242394,11958,0.0419922,0
579,8257803,15409,0.162598,0
580,8259248,1445,0.09375,0
581,8277938,18690,0.105469,0
582,8290730,12792,0.103516,0
583,8294497,3767,0.0283203,0
584,8316318,21821,0.134277,0
585,8344200,27882,0.11084,0
586,8346587,2387,0.0522461,0
587,8370142,23555,0.0620117,0
588,8371504,1362,0.0893555,0
589,8412004,40500,0.11084,0
590,8414284,2280,0.0522461,0
591,8439101,24817,0.0620117,0
592,8440463,1362,0.0893555,0
593,8443818,3355,0.0332031,0
594,8475653,31835,0.209473,0
595,8488334,12681,0.103516,0
596,8492651,4317,0.0288086,0
597,8516609,23958,0.134277,0
598,8555898,39289,0.11084,0
599,8558176,2278,0.0522461,0
600,8582740,24564,0.0620117,0
601,8584102,1362,0.0893555,0
602,8611835,27733,0.11084,0
603,8614098,2263,0.0522461,0
604,8630602,16504,0.0620117,0
605,8631964,1362,0.0893555,0
606,8638775,6811,0.0268555,0
607,8656741,17966,0.157227,0
608,8664426,7685,0.110352,0
609,8666727,2301,0.0522461,0
610,8670295,3568,0.0288086,0
611,8689024,18729,0.134277,0
612,8732820,43796,0.11084,0
613,8735112,2292,0.0522461,0
614,8760134,25022,0.0620117,0
615,8761496,1362,0.0893555,0
616,8807083,45587,0.11084,0
617,8809352,2269,0.0522461,0
618,8826857,17505,0.050293,0
619,8837931,11074,0.162598,0
620,8839376,1445,0.09375,0
621,8858896,19520,0.0400391,0
622,8885050,26154,0.110352,0
623,8887338,2288,0.0522461,0
624,8891518,4180,0.0292969,0
625,8914516,22998,0.134277,0
626,8956533,42017,0.11084,0
627,8958801,2268,0.0522461,0
628,8976395,17594,0.0620117,0
629,8977757,1362,0.0893555,0
630,9013794,36037,0.11084,0
631,9016078,2284,0.0522461,0
632,9021239,5161,0.03125,0
633,9045333,24094,0.162598,0
634,9046779,1446,0.09375,0
635,9048779,2000,0.0126953,0
636,9090704,41925,0.110352,0
637,9093048,2344,0.0522461,0
638,9118225,25177,0.0620117,0
639,9119587,1362,0.0893555,0
640,9163293,43706,0.11084,0
641,9165567,2274,0.0522461,0
642,9190720,25153,0.0620117,0
643,9192082,1362,0.0893555,0
644,9202374,10292,0.0297852,0
645,9203341,967,0.0292969,0
646,9204125,784,0.0292969,0
647,9204909,784,0.0292969,0
648,9205693,784,0.0292969,0
649,9237065,31372,0.115234,0
650,9239403,2338,0.0522461,0
651,9242785,3382,0.0283203,0
652,9267746,24961,0.134277,0
653,9310833,43087,0.11084,0
654,9313163,2330,0.0522461,0
655,9339554,26391,0.0620117,0
656,9340916,1362,0.0893555,0
657,9382476,41560,0.124512,0
658,9389515,7039,0.154785,0
659,9392077,2562,0.0532227,0
660,9395287,3210,0.027832,0
661,9419897,24610,0.134277,0
662,9464781,44884,0.11084,0
663,9467161,2380,0.0522461,0
664,9493210,26049,0.0620117,0
665,9494572,1362,0.0893555,0
666,9539753,45181,0.11084,0
667,9542065,2312,0.0522461,0
668,9560948,18883,0.0512695,0
669,9570585,9637,0.162598,0
670,9572030,1445,0.09375,0
671,9590062,18032,0.034668,0
672,9615438,25376,0.110352,0
673,9617766,2328,0.0522461,0
674,9621606,3840,0.0288086,0
675,9645104,23498,0.134277,0
676,9687020,41916,0.11084,0
677,9689356,2336,0.0522461,0
678,9715666,26310,0.0620117,0
679,9717028,1362,0.0893555,0
680,9743884,26856,0.124512,0
681,9762822,18938,0.154785,0
682,9765309,2487,0.0532227,0
683,9768384,3075,0.027832,0
684,9793517,25133,0.134277,0
685,9836562,43045,0.11084,0
686,9838918,2356,0.0522461,0
687,9866726,27808,0.0620117,0
688,9868088,1362,0.0893555,0
689,9909608,41520,0.11084,0
690,9911978,2370,0.0522461,0
691,9920578,8600,0.034668,0
692,9943177,22599,0.162598,0
693,9944622,1445,0.09375,0
694,9947022,2400,0.0131836,0
695,9984776,37754,0.110352,0
696,9987183,2407,0.0522461,0
697,9989758,2575,0.0273438,0
698,10014398,24640,0.134277,0
699,10056515,42117,0.11084,0
700,10058851,2336,0.0522461,0
701,10084940,26089,0.0620117,0
702,10086302,1362,0.0893555,0
703,10096166,9864,0.0429688,0
704,10129768,33602,0.214355,0
705,10132407,2639,0.0532227,0
706,10135025,2618,0.0273438,0
707,10160460,25435,0.134277,0
708,10200698,40238,0.11084,0
709,10203086,2388,0.0522461,0
710,10229433,26347,0.0620117,0
711,10230795,1362,0.0893555,0
712,10273716,42921,0.11084,0
713,10276034,2318,0.0522461,0
714,10282597,6563,0.0332031,0
715,10305948,23351,0.162598,0
716,10307393,1445,0.09375,0
717,10310582,3189,0.0141602,0
718,10347509,36927,0.110352,0
719,10349880,2371,0.0522461,0
720,10353790,3910,0.0283203,0
721,10379776,25986,0.134277,0
722,10414300,34524,0.11084,0
723,10416688,2388,0.0522461,0
724,10441390,24702,0.0620117,0
725,10442752,1362,0.0893555,0
726,10466988,24236,0.124512,0
727,10476365,9377,0.154785,0
728,10478805,2440,0.0532227,0
729,10482670,3865,0.0288086,0
730,10503964,21294,0.134277,0
731,10530282,26318,0.11084,0
732,10532572,2290,0.0522461,0
733,10535588,3016,0.027832,0
734,10556621,21033,0.134277,0
735,10580959,24338,0.11084,0
736,10583324,2365,0.0522461,0
737,10606833,23509,0.0620117,0
738,10608195,1362,0.0893555,0
739,10648634,40439,0.11084,0
740,10650903,2269,0.0522461,0
741,10666666,15763,0.0473633,0
742,10668251,1585,0.0449219,0
743,10669451,1200,0.0449219,0
744,10680156,10705,0.166992,0
745,10720352,40196,0.11084,0
746,10722666,2314,0.0522461,0
747,10725240,2574,0.0273438,0
748,10748562,23322,0.134277,0
749,10788071,39509,0.11084,0
750,10790352,2281,0.0522461,0
751,10816242,25890,0.0620117,0
752,10817604,1362,0.0893555,0
753,10850956,33352,0.124512,0
754,10860073,9117,0.154785,0
755,10862585,2512,0.0532227,0
756,10866206,3621,0.0283203,0
757,10891026,24820,0.134277,0
758,10930281,39255,0.11084,0
759,10932627,2346,0.0522461,0
760,10957098,24471,0.0620117,0
761,10958460,1362,0.0893555,0
762,11003592,45132,0.11084,0
763,11005850,2258,0.0522461,0
764,11029274,23424,0.0620117,0
765,11030636,1362,0.0893555,0
766,11037670,7034,0.0385742,0
767,11068542,30872,0.209473,0
768,11081419,12877,0.103516,0
769,11086408,4989,0.0302734,0
770,11105596,19188,0.134277,0
771,11140041,34445,0.11084,0
772,11142307,2266,0.0522461,0
773,11167332,25025,0.0620117,0
774,11168694,1362,0.0893555,0
775,11214018,45324,0.11084,0
776,11216281,2263,0.0522461,0
777,11235655,19374,0.0546875,0
778,11243313,7658,0.162598,0
779,11244758,1445,0.09375,0
780,11289839,45081,0.11084,0
781,11292151,2312,0.0522461,0
782,11296503,4352,0.0297852,0
783,11313360,16857,0.134277,0
784,11353684,40324,0.11084,0
785,11355960,2276,0.0522461,0
786,11380943,24983,0.0620117,0
787,11382305,1362,0.0893555,0
788,11427528,45223,0.11084,0
789,11429822,2294,0.0522461,0
790,11433496,3674,0.0297852,0
791,11457516,24020,0.162598,0
792,11458961,1445,0.09375,0
793,11461505,2544,0.0131836,0
794,11502767,41262,0.110352,0
795,11505112,2345,0.0522461,0
796,11529592,24480,0.0620117,0
797,11530954,1362,0.0893555,0
798,11569610,38656,0.11084,0
799,11571902,2292,0.0522461,0
800,11594849,22947,0.0620117,0
801,11596211,1362,0.0893555,0
802,11613661,17450,0.0551758,0
803,11635546,21885,0.214355,0
804,11638126,2580,0.0532227,0
805,11641399,3273,0.0283203,0
806,11660721,19322,0.134277,0
807,11697654,36933,0.11084,0
808,11699954,2300,0.0522461,0
809,11723347,23393,0.0620117,0
810,11724709,1362,0.0893555,0
811,11765871,41162,0.11084,0
812,11768135,2264,0.0522461,0
813,11792160,24025,0.0620117,0
814,11793522,1362,0.0893555,0
815,11805434,11912,0.0454102,0
816,11837286,31852,0.209473,0
817,11844843,7557,0.103516,0
818,11848757,3914,0.0288086,0
819,11871072,22315,0.134277,0
820,11919809,48737,0.11084,0
821,11922089,2280,0.0522461,0
822,11948141,26052,0.0620117,0
823,11949503,1362,0.0893555,0
824,11988993,39490,0.11084,0
825,11991338,2345,0.0522461,0
826,11994680,3342,0.0292969,0
827,12021473,26793,0.162598,0
828,12022918,1445,0.09375,0
829,12065501,42583,0.11084,0
830,12067910,2409,0.0522461,0
831,12095827,27917,0.0620117,0
832,12097189,1362,0.0893555,0
833,12138570,41381,0.11084,0
834,12140934,2364,0.0522461,0
835,12163083,22149,0.0546875,0
836,12165093,2010,0.0605469,0
837,12166709,1616,0.0605469,0
838,12172826,6117,0.135254,0
839,12198850,26024,0.105469,0
840,12218854,20004,0.103516,0
841,12222444,3590,0.027832,0
842,12247151,24707,0.134277,0
843,12288932,41781,0.11084,0
844,12291270,2338,0.0522461,0
845,12318187,26917,0.0620117,0
846,12319549,1362,0.0893555,0
847,12348297,28748,0.124512,0
848,12368065,19768,0.154785,0
849,12370624,2559,0.0532227,0
850,12374470,3846,0.0292969,0
851,12397625,23155,0.134277,0
852,12442714,45089,0.11084,0
853,12445072,2358,0.0522461,0
854,12470530,25458,0.0620117,0
855,12471892,1362,0.0893555,0
856,12509059,37167,0.11084,0
857,12511342,2283,0.0522461,0
858,12531416,20074,0.0527344,0
859,12540509,9093,0.162598,0
860,12541954,1445,0.09375,0
861,12566381,24427,0.105469,0
862,12582861,16480,0.103516,0
863,12587091,4230,0.0283203,0
864,12610721,23630,0.134277,0
865,12656532,45811,0.11084,0
866,12658855,2323,0.0522461,0
867,12679955,21100,0.0620117,0
868,12681317,1362,0.0893555,0
869,12716975,35658,0.124512,0
870,12731084,14109,0.154785,0
871,12733551,2467,0.0532227,0
872,12737659,4108,0.0292969,0
873,12756210,18551,0.134277,0
874,12799076,42866,0.11084,0
875,12801387,2311,0.0522461,0
876,12825131,23744,0.0620117,0
877,12826493,1362,0.0893555,0
878,12851148,24655,0.11084,0
879,12853539,2391,0.0522461,0
880,12877150,23611,0.0620117,0
881,12878512,1362,0.0893555,0
882,12913060,34548,0.124512,0
883,12923726,10666,0.154785,0
884,12926152,2426,0.0532227,0
885,12930158,4006,0.0288086,0
886,12952501,22343,0.134277,0
887,12996319,43818,0.11084,0
888,12998643,2324,0.0522461,0
889,13022924,24281,0.0620117,0
890,13024286,1362,0.0893555,0
891,13063888,39602,0.11084,0
892,13066147,2259,0.0522461,0
893,13092667,26520,0.0620117,0
894,13094029,1362,0.0893555,0
895,13097991,3962,0.0341797,0
896,13127212,29221,0.209473,0
897,13137918,10706,0.103516,0
898,13141422,3504,0.0273438,0
899,13159689,18267,0.134277,0
900,13179622,19933,0.11084,0
901,13181983,2361,0.0522461,0
902,13208749,26766,0.0620117,0
903,13210111,1362,0.0893555,0
904,13248796,38685,0.11084,0
905,13251139,2343,0.0522461,0
906,13277868,26729,0.0620117,0
907,13279230,1362,0.0893555,0
908,13283960,4730,0.034668,0
909,13314922,30962,0.209473,0
910,13330430,15508,0.103516,0
911,13334159,3729,0.0283203,0
912,13356305,22146,0.134277,0
913,13403998,47693,0.11084,0
914,13406278,2280,0.0522461,0
915,13429334,23056,0.0620117,0
916,13430696,1362,0.0893555,0
917,13468041,37345,0.124512,0
918,13482172,14131,0.154785,0
919,13484624,2452,0.0532227,0
920,13488556,3932,0.0283203,0
921,13508953,20397,0.134277,0
922,13556013,47060,0.11084,0
923,13558331,2318,0.0522461,0
924,13581281,22950,0.0620117,0
925,13582643,1362,0.0893555,0
926,13623645,41002,0.11084,0
927,13625903,2258,0.0522461,0
928,13648805,22902,0.0620117,0
929,13650167,1362,0.0893555,0
930,13654873,4706,0.034668,0
931,13656948,2075,0.0761719,0
932,13687808,30860,0.138672,0
933,13690185,2377,0.0522461,0
934,13694261,4076,0.0292969,0
935,13714518,20257,0.134277,0
936,13762165,47647,0.11084,0
937,13764469,2304,0.0522461,0
938,13788830,24361,0.0620117,0
939,13790192,1362,0.0893555,0
940,13838574,48382,0.11084,0
941,13840864,2290,0.0522461,0
942,13843214,2350,0.0288086,0
943,13866627,23413,0.162598,0
944,13868072,1445,0.09375,0
945,13871895,3823,0.0151367,0
946,13907424,35529,0.110352,0
947,13909757,2333,0.0522461,0
948,13912821,3064,0.027832,0
949,13933282,20461,0.134277,0
950,13982491,49209,0.11084,0
951,13984775,2284,0.0522461,0
952,14007424,22649,0.0620117,0
953,14008786,1362,0.0893555,0
954,14026387,17601,0.0556641,0
955,14058198,31811,0.213867,0
956,14060815,2617,0.0541992,0
957,14064711,3896,0.0288086,0
958,14086195,21484,0.134277,0
959,14134038,47843,0.11084,0
960,14136322,2284,0.0522461,0
961,14159131,22809,0.0620117,0
962,14160493,1362,0.0893555,0
963,14205532,45039,0.11084,0
964,14207812,2280,0.0522461,0
965,14212558,4746,0.0317383,0
966,14235281,22723,0.162598,0
967,14236726,1445,0.09375,0
968,14242301,5575,0.0175781,0
969,14281376,39075,0.110352,0
970,14283705,2329,0.0522461,0
971,14307726,24021,0.0620117,0
972,14309088,1362,0.0893555,0
973,14352118,43030,0.11084,0
974,14354388,2270,0.0522461,0
975,14376198,21810,0.0620117,0
976,14377560,1362,0.0893555,0
977,14404748,27188,0.124512,0
978,14426270,21522,0.154785,0
979,14428734,2464,0.0532227,0
980,14433828,5094,0.0307617,0
981,14452179,18351,0.134277,0
982,14492643,40464,0.11084,0
983,14494967,2324,0.0522461,0
984,14518772,23805,0.0620117,0
985,14520134,1362,0.0893555,0
986,14560139,40005,0.11084,0
987,14562437,2298,0.0522461,0
988,14585154,22717,0.0620117,0
989,14586516,1362,0.0893555,0
990,14608422,21906,0.124023,0
991,14629122,20700,0.15625,0
992,14631587,2465,0.0532227,0
993,14635640,4053,0.0288086,0
994,14658620,22980,0.134277,0
995,14702114,43494,0.11084,0
996,14704418,2304,0.0522461,0
997,14730733,26315,0.0620117,0
998,14732095,1362,0.0893555,0
999,14774408,42313,0.11084,0
1000,14776683,2275,0.0522461,0
1001,14793520,16837,0.0488281,0
1002,14804514,10994,0.163086,0
1003,14805960,1446,0.09375,0
1004,14829973,24013,0.105469,0
1005,14848392,18419,0.103516,0
1006,14851669,3277,0.027832,0
1007,14875334,23665,0.134277,0
1008,14918546,43212,0.11084,0
1009,14920847,2301,0.0522461,0
1010,14945334,24487,0.0620117,0
1011,14946696,1362,0.0893555,0
1012,14983492,36796,0.124512,0
1013,14992368,8876,0.154785,0
1014,14994854,2486,0.0532227,0
1015,14998249,3395,0.0283203,0
1016,15020260,22011,0.134277,0
1017,15062303,42043,0.11084,0
1018,15064680,2377,0.0522461,0
1019,15087395,22715,0.0620117,0
1020,15088757,1362,0.0893555,0
1021,15125653,36896,0.11084,0
1022,15128038,2385,0.0522461,0
1023,15151703,23665,0.0620117,0
1024,15153065,1362,0.0893555,0
1025,15182885,29820,0.124512,0
1026,15185640,2755,0.0917969,0
1027,15202511,16871,0.116211,0
1028,15206447,3936,0.0283203,0
1029,15228416,21969,0.134277,0
1030,15273443,45027,0.11084,0
1031,15275735,2292,0.0522461,0
1032,15301923,26188,0.0620117,0
1033,15303285,1362,0.0893555,0
1034,15343568,40283,0.11084,0
1035,15345844,2276,0.0522461,0
1036,15365810,19966,0.0517578,0
1037,15375479,9669,0.162598,0
1038,15376924,1445,0.09375,0
1039,15400113,23189,0.105469,0
1040,15416694,16581,0.103516,0
1041,15421008,4314,0.0288086,0
1042,15443559,22551,0.134277,0
1043,15477683,34124,0.11084,0
1044,15480071,2388,0.0522461,0
1045,15505938,25867,0.0620117,0
1046,15507300,1362,0.0893555,0
1047,15543491,36191,0.11084,0
1048,15545841,2350,0.0522461,0
1049,15560240,14399,0.0449219,0
1050,15574605,14365,0.162598,0
1051,15576050,1445,0.09375,0
1052,15590089,14039,0.0317383,0
1053,15624158,34069,0.110352,0
1054,15626495,2337,0.0522461,0
1055,15629782,3287,0.0283203,0
1056,15650016,20234,0.134277,0
1057,15695139,45123,0.11084,0
1058,15697415,2276,0.0522461,0
1059,15720693,23278,0.0620117,0
1060,15722055,1362,0.0893555,0
1061,15748818,26763,0.105469,0
1062,15770858,22040,0.164062,0
1063,15773698,2840,0.0629883,0
1064,15778782,5084,0.0307617,0
1065,15797196,18414,0.134277,0
1066,15844634,47438,0.11084,0
1067,15846942,2308,0.0522461,0
1068,15870299,23357,0.0620117,0
1069,15871661,1362,0.0893555,0
1070,15917288,45627,0.11084,0
1071,15919564,2276,0.0522461,0
1072,15936010,16446,0.0512695,0
1073,15944088,8078,0.162598,0
1074,15945533,1445,0.09375,0
1075,15971642,26109,0.105469,0
1076,15990860,19218,0.103516,0
1077,15994265,3405,0.027832,0
1078,16016028,21763,0.134277,0
1079,16062220,46192,0.11084,0
1080,16064480,2260,0.0522461,0
1081,16088036,23556,0.0620117,0
1082,16089398,1362,0.0893555,0
1083,16131076,41678,0.124512,0
1084,16140025,8949,0.154785,0
1085,16142477,2452,0.0532227,0
1086,16146925,4448,0.0297852,0
1087,16165781,18856,0.134277,0
1088,16168114,2333,0.0126953,0
1089,16206139,38025,0.110352,0
1090,16208462,2323,0.0522461,0
1091,16212295,3833,0.0292969,0
1092,16228001,15706,0.134277,0
1093,16267584,39583,0.11084,0
1094,16269878,2294,0.0522461,0
1095,16290479,20601,0.0620117,0
1096,16291841,1362,0.0893555,0
1097,16329352,37511,0.106445,0
1098,16339083,9731,0.163086,0
1099,16341947,2864,0.0629883,0
1100,16345903,3956,0.0292969,0
1101,16365221,19318,0.134277,0
1102,16409685,44464,0.11084,0
1103,16412015,2330,0.0522461,0
1104,16434097,22082,0.0620117,0
1105,16435459,1362,0.0893555,0
1106,16481901,46442,0.11084,0
1107,16484185,2284,0.0522461,0
1108,16506172,21987,0.0620117,0
1109,16507534,1362,0.0893555,0
1110,16524865,17331,0.0581055,0
1111,16554847,29982,0.214355,0
1112,16557432,2585,0.0532227,0
1113,16560352,2920,0.027832,0
1114,16580677,20325,0.134277,0
1115,16621947,41270,0.11084,0
1116,16624245,2298,0.0522461,0
1117,16645552,21307,0.0620117,0
1118,16646914,1362,0.0893555,0
1119,16690998,44084,0.11084,0
1120,16693276,2278,0.0522461,0
1121,16716634,23358,0.0620117,0
1122,16717996,1362,0.0893555,0
1123,16721899,3903,0.0336914,0
1124,16753210,31311,0.209473,0
1125,16762022,8812,0.103516,0
1126,16765341,3319,0.027832,0
1127,16786345,21004,0.134277,0
1128,16822742,36397,0.11084,0
1129,16825038,2296,0.0522461,0
1130,16848619,23581,0.0620117,0
1131,16849981,1362,0.0893555,0
1132,16889519,39538,0.11084,0
1133,16891779,2260,0.0522461,0
1134,16917331,25552,0.0620117,0
1135,16918693,1362,0.0893555,0
1136,16921307,2614,0.0170898,0
1137,16941596,20289,0.160645,0
1138,16954742,13146,0.0908203,0
1139,16967603,12861,0.103516,0
1140,16970512,2909,0.0273438,0
1141,16994964,24452,0.134277,0
1142,17037265,42301,0.11084,0
1143,17039552,2287,0.0522461,0
1144,17064899,25347,0.0620117,0
1145,17066261,1362,0.0893555,0
1146,17107215,40954,0.11084,0
1147,17109506,2291,0.0522461,0
1148,17112362,2856,0.0292969,0
1149,17138425,26063,0.162598,0
1150,17139870,1445,0.09375,0
1151,17181077,41207,0.11084,0
1152,17183432,2355,0.0522461,0
1153,17208269,24837,0.0620117,0
1154,17209631,1362,0.0893555,0
1155,17249835,40204,0.11084,0
1156,17252145,2310,0.0522461,0
1157,17276866,24721,0.0620117,0
1158,17278228,1362,0.0893555,0
1159,17294394,16166,0.0585938,0
1160,17323407,29013,0.214355,0
1161,17326021,2614,0.0532227,0
1162,17329931,3910,0.0288086,0
1163,17350647,20716,0.134277,0
1164,17392050,41403,0.11084,0
1165,17394427,2377,0.0522461,0
1166,17417579,23152,0.0620117,0
1167,17418941,1362,0.0893555,0
1168,17461999,43058,0.11084,0
1169,17464265,2266,0.0522461,0
1170,17485999,21734,0.0620117,0
1171,17487361,1362,0.0893555,0
1172,17489455,2094,0.03125,0
1173,17520620,31165,0.209473,0
1174,17532752,12132,0.103516,0
1175,17537035,4283,0.0292969,0
1176,17556123,19088,0.134277,0
1177,17602880,46757,0.11084,0
1178,17605164,2284,0.0522461,0
1179,17631099,25935,0.0620117,0
1180,17632461,1362,0.0893555,0
1181,17670084,37623,0.124512,0
1182,17681481,11397,0.154785,0
1183,17683953,2472,0.0532227,0
1184,17687399,3446,0.027832,0
1185,17711991,24592,0.134277,0
1186,17757774,45783,0.11084,0
1187,17760154,2380,0.0522461,0
1188,17785254,25100,0.0620117,0
1189,17786616,1362,0.0893555,0
1190,17830555,43939,0.11084,0
1191,17832872,2317,0.0522461,0
1192,17847004,14132,0.0444336,0
1193,17860723,13719,0.163086,0
1194,17862169,1446,0.09375,0
1195,17877681,15512,0.0361328,0
1196,17909567,31886,0.110352,0
1197,17911889,2322,0.0522461,0
1198,17916101,4212,0.0297852,0
1199,17937258,21157,0.134277,0
1200,17983739,46481,0.11084,0
1201,17986030,2291,0.0522461,0
1202,18011336,25306,0.0620117,0
1203,18012698,1362,0.0893555,0
1204,18029558,16860,0.0571289,0
1205,18060559,31001,0.214355,0
1206,18063155,2596,0.0532227,0
1207,18066541,3386,0.0283203,0
1208,18089409,22868,0.134277,0
1209,18132343,42934,0.11084,0
1210,18134620,2277,0.0522461,0
1211,18158754,24134,0.0620117,0
1212,18160116,1362,0.0893555,0
1213,18201439,41323,0.11084,0
1214,18203719,2280,0.0522461,0
1215,18216743,13024,0.0429688,0
1216,18233420,16677,0.162598,0
1217,18234873,1453,0.09375,0
1218,18247493,12620,0.0361328,0
1219,18272502,25009,0.110352,0
1220,18274830,2328,0.0522461,0
1221,18278776,3946,0.0283203,0
1222,18303215,24439,0.134277,0
1223,18345835,42620,0.11084,0
1224,18348127,2292,0.0522461,0
1225,18375293,27166,0.0620117,0
1226,18376655,1362,0.0893555,0
1227,18402756,26101,0.106445,0
1228,18403268,512,0.00195312,0
1229,18403324,56,0.00195312,0
1230,18403380,56,0.00195312,0
1231,18403436,56,0.00195312,0
1232,18403492,56,0.00195312,0
1233,18403548,56,0.00195312,0
1234,18403604,56,0.00195312,0
1235,18403660,56,0.00195312,0
1236,18403716,56,0.00195312,0
1237,18403772,56,0.00195312,0
1238,18403828,56,0.00195312,0
1239,18403884,56,0.00195312,0
1240,18403940,56,0.00195312,0
1241,18403996,56,0.00195312,0
1242,18404052,56,0.00195312,0
1243,18404108,56,0.00195312,0
1244,18404164,56,0.00195312,0
1245,18404220,56,0.00195312,0
1246,18404276,56,0.00195312,0
1247,18404332,56,0.00195312,0
1248,18404388,56,0.00195312,0
1249,18404444,56,0.00195312,0
1250,18404500,56,0.00195312,0
1251,18404556,56,0.00195312,0
1252,18404612,56,0.00195312,0
1253,18404668,56,0.00195312,0
1254,18404724,56,0.00195312,0
1255,18404780,56,0.00195312,0
1256,18404836,56,0.00195312,0
1257,18404892,56,0.00195312,0
1258,18404948,56,0.00195312,0
1259,18405004,56,0.00195312,0
1260,18405060,56,0.00195312,0
1261,18405116,56,0.00195312,0
1262,18405172,56,0.00195312,0
1263,18405228,56,0.00195312,0
1264,18405284,56,0.00195312,0
1265,18405340,56,0.00195312,0
1266,18405396,56,0.00195312,0
1267,18405452,56,0.00195312,0
1268,18405508,56,0.00195312,0
1269,18405564,56,0.00195312,0
1270,18405620,56,0.00195312,0
1271,18405676,56,0.00195312,0
1272,18405732,56,0.00195312,0
1273,18405788,56,0.00195312,0
1274,18405844,56,0.00195312,0
1275,18405900,56,0.00195312,0
1276,18405956,56,0.00195312,0
1277,18406012,56,0.00195312,0
1278,18406068,56,0.00195312,0
1279,18406124,56,0.00195312,0
1280,18406180,56,0.00195312,0
1281,18406236,56,0.00195312,0
1282,18406292,56,0.00195312,0
1283,18406348,56,0.00195312,0
1284,18406404,56,0.00195312,0
1285,18406460,56,0.00195312,0
1286,18406516,56,0.00195312,0
1287,18406572,56,0.00195312,0
1288,18406628,56,0.00195312,0
1289,18406684,56,0.00195312,0
1290,18424908,18224,0.10498,0
1291,18428404,3496,0.027832,0
1292,18453503,25099,0.134277,0
1293,18491901,38398,0.11084,0
1294,18494249,2348,0.0522461,0
1295,18520713,26464,0.0620117,0
1296,18522075,1362,0.0893555,0
1297,18563566,41491,0.11084,0
1298,18565894,2328,0.0522461,0
1299,18585105,19211,0.0532227,0
1300,18594166,9061,0.162598,0
1301,18595611,1445,0.09375,0
1302,18620018,24407,0.105469,0
1303,18641583,21565,0.103516,0
1304,18645412,3829,0.0283203,0
1305,18668458,23046,0.134277,0
1306,18711921,43463,0.11084,0
1307,18714175,2254,0.0522461,0
1308,18738782,24607,0.0620117,0
1309,18740144,1362,0.0893555,0
1310,18771645,31501,0.123047,0
1311,18786799,15154,0.146484,0
1312,18789617,2818,0.0629883,0
1313,18794206,4589,0.0288086,0
1314,18817099,22893,0.134277,0
1315,18857471,40372,0.11084,0
1316,18859844,2373,0.0522461,0
1317,18886242,26398,0.0620117,0
1318,18887604,1362,0.0893555,0
1319,18931721,44117,0.11084,0
1320,18934021,2300,0.0522461,0
1321,18947860,13839,0.043457,0
1322,18963127,15267,0.162598,0
1323,18964572,1445,0.09375,0
1324,18978128,13556,0.0322266,0
1325,19009572,31444,0.110352,0
1326,19011931,2359,0.0522461,0
1327,19015814,3883,0.0288086,0
1328,19038907,23093,0.134277,0
1329,19083107,44200,0.11084,0
1330,19085405,2298,0.0522461,0
1331,19111023,25618,0.0620117,0
1332,19112385,1362,0.0893555,0
1333,19134778,22393,0.124512,0
1334,19156597,21819,0.154785,0
1335,19159046,2449,0.0532227,0
1336,19162577,3531,0.0283203,0
1337,19185517,22940,0.134277,0
1338,19225487,39970,0.11084,0
1339,19227777,2290,0.0522461,0
1340,19255021,27244,0.0620117,0
1341,19256383,1362,0.0893555,0
1342,19294383,38000,0.11084,0
1343,19296673,2290,0.0522461,0
1344,19314711,18038,0.046875,0
1345,19328261,13550,0.163086,0
1346,19329707,1446,0.09375,0
1347,19370420,40713,0.11084,0
1348,19372768,2348,0.0522461,0
1349,19375863,3095,0.027832,0
1350,19400827,24964,0.134277,0
1351,19439449,38622,0.11084,0
1352,19441747,2298,0.0522461,0
1353,19466077,24330,0.0620117,0
1354,19467439,1362,0.0893555,0
1355,19503630,36191,0.11084,0
1356,19505964,2334,0.0522461,0
1357,19508790,2826,0.0292969,0
1358,19536337,27547,0.162598,0
1359,19537782,1445,0.09375,0
1360,19580061,42279,0.11084,0
1361,19582437,2376,0.0522461,0
1362,19607400,24963,0.0620117,0
1363,19608762,1362,0.0893555,0
1364,19651122,42360,0.11084,0
1365,19653437,2315,0.0522461,0
1366,19677346,23909,0.0620117,0
1367,19678708,1362,0.0893555,0
1368,19686284,7576,0.0390625,0
1369,19719137,32853,0.209473,0
1370,19724884,5747,0.101074,0
1371,19728151,3267,0.027832,0
1372,19749081,20930,0.134277,0
1373,19785086,36005,0.11084,0
1374,19787441,2355,0.0522461,0
1375,19805284,17843,0.0620117,0
1376,19806646,1362,0.0893555,0
1377,19841929,35283,0.11084,0
1378,19844195,2266,0.0522461,0
1379,19865712,21517,0.0620117,0
1380,19867074,1362,0.0893555,0
1381,19891660,24586,0.120605,0
1382,19892535,875,0.015625,0
1383,19892955,420,0.015625,0
1384,19893375,420,0.015625,0
1385,19893795,420,0.015625,0
1386,19894215,420,0.015625,0
1387,19894635,420,0.015625,0
1388,19918691,24056,0.119141,0
1389,19922925,4234,0.0288086,0
1390,19946752,23827,0.134277,0
1391,19991621,44869,0.11084,0
1392,19993946,2325,0.0522461,0
1393,20020600,26654,0.0620117,0
1394,20021962,1362,0.0893555,0
1395,20066273,44311,0.11084,0
1396,20068625,2352,0.0522461,0
1397,20071896,3271,0.0297852,0
1398,20095550,23654,0.162598,0
1399,20096995,1445,0.09375,0
1400,20101147,4152,0.015625,0
1401,20142190,41043,0.110352,0
1402,20144515,2325,0.0522461,0
1403,20168301,23786,0.0620117,0
1404,20169663,1362,0.0893555,0
1405,20214886,45223,0.11084,0
1406,20217166,2280,0.0522461,0
1407,20242130,24964,0.0620117,0
1408,20243492,1362,0.0893555,0
1409,20256127,12635,0.0512695,0
1410,20290273,34146,0.213379,0
1411,20292941,2668,0.0551758,0
1412,20296088,3147,0.027832,0
1413,20320137,24049,0.134277,0
1414,20362645,42508,0.11084,0
1415,20364931,2286,0.0522461,0
1416,20388735,23804,0.0620117,0
1417,20390097,1362,0.0893555,0
1418,20426399,36302,0.11084,0
1419,20428653,2254,0.0522461,0
1420,20446176,17523,0.0620117,0
1421,20447538,1362,0.0893555,0
1422,20449915,2377,0.0317383,0
1423,20479790,29875,0.209473,0
1424,20486689,6899,0.103516,0
1425,20490892,4203,0.0288086,0
1426,20510273,19381,0.134277,0
1427,20546673,36400,0.11084,0
1428,20548985,2312,0.0522461,0
1429,20574500,25515,0.0620117,0
1430,20575862,1362,0.0893555,0
1431,20615086,39224,0.11084,0
1432,20617373,2287,0.0522461,0
1433,20637046,19673,0.0522461,0
1434,20647125,10079,0.162598,0
1435,20648570,1445,0.09375,0
1436,20671321,22751,0.105469,0
1437,20690743,19422,0.103516,0
1438,20694926,4183,0.0283203,0
1439,20716778,21852,0.134277,0
1440,20744174,27396,0.11084,0
1441,20746435,2261,0.0522461,0
1442,20771361,24926,0.0620117,0
1443,20772723,1362,0.0893555,0
1444,20817881,45158,0.11084,0
1445,20820154,2273,0.0522461,0
1446,20833249,13095,0.046875,0
1447,20844393,11144,0.162598,0
1448,20845838,1445,0.09375,0
1449,20870543,24705,0.105469,0
1450,20886616,16073,0.103516,0
1451,20890420,3804,0.0283203,0
1452,20911517,21097,0.134277,0
1453,20952182,40665,0.11084,0
1454,20954443,2261,0.0522461,0
1455,20979308,24865,0.0620117,0
1456,20980670,1362,0.0893555,0
1457,21020884,40214,0.11084,0
1458,21023149,2265,0.0522461,0
1459,21029623,6474,0.0336914,0
1460,21051331,21708,0.162598,0
1461,21052776,1445,0.09375,0
1462,21058272,5496,0.0175781,0
1463,21097649,39377,0.110352,0
1464,21099987,2338,0.0522461,0
1465,21103063,3076,0.027832,0
1466,21125460,22397,0.134277,0
1467,21169414,43954,0.11084,0
1468,21171694,2280,0.0522461,0
1469,21195309,23615,0.0620117,0
1470,21196671,1362,0.0893555,0
1471,21211297,14626,0.0488281,0
1472,21243736,32439,0.214355,0
1473,21246327,2591,0.0532227,0
1474,21249124,2797,0.0273438,0
1475,21271575,22451,0.134277,0
1476,21315625,44050,0.11084,0
1477,21317919,2294,0.0522461,0
1478,21342832,24913,0.0620117,0
1479,21344194,1362,0.0893555,0
1480,21388724,44530,0.11084,0
1481,21390997,2273,0.0522461,0
1482,21398635,7638,0.0351562,0
1483,21399807,1172,0.03125,0
1484,21400643,836,0.03125,0
1485,21401479,836,0.03125,0
1486,21420164,18685,0.162598,0
1487,21429473,9309,0.0253906,0
1488,21459946,30473,0.110352,0
1489,21462279,2333,0.0522461,0
1490,21466035,3756,0.0283203,0
1491,21490974,24939,0.134277,0
1492,21531588,40614,0.11084,0
1493,21533921,2333,0.0522461,0
1494,21560028,26107,0.0620117,0
1495,21561390,1362,0.0893555,0
1496,21577205,15815,0.0541992,0
1497,21605414,28209,0.214355,0
1498,21608030,2616,0.0532227,0
1499,21611984,3954,0.0288086,0
1500,21635991,24007,0.134277,0
1501,21679226,43235,0.11084,0
1502,21681550,2324,0.0522461,0
1503,21707697,26147,0.0620117,0
1504,21709059,1362,0.0893555,0
1505,21751005,41946,0.11084,0
1506,21753316,2311,0.0522461,0
1507,21764500,11184,0.0405273,0
1508,21780403,15903,0.162598,0
1509,21781848,1445,0.09375,0
1510,21821346,39498,0.11084,0
1511,21823672,2326,0.0522461,0
1512,21826790,3118,0.027832,0
1513,21849644,22854,0.134277,0
1514,21890597,40953,0.11084,0
1515,21892895,2298,0.0522461,0
1516,21916412,23517,0.0620117,0
1517,21917774,1362,0.0893555,0
1518,21958436,40662,0.11084,0
1519,21960749,2313,0.0522461,0
1520,21963216,2467,0.0288086,0
1521,21987873,24657,0.162598,0
1522,21989318,1445,0.09375,0
1523,21992116,2798,0.0136719,0
1524,22031406,39290,0.110352,0
1525,22033792,2386,0.0522461,0
1526,22055070,21278,0.0620117,0
1527,22056432,1362,0.0893555,0
1528,22099822,43390,0.11084,0
1529,22102082,2260,0.0522461,0
1530,22123177,21095,0.0620117,0
1531,22124539,1362,0.0893555,0
1532,22152402,27863,0.124512,0
1533,22165876,13474,0.154785,0
1534,22168318,2442,0.0532227,0
1535,22172532,4214,0.0288086,0
1536,22196719,24187,0.134277,0
1537,22241683,44964,0.11084,0
1538,22244016,2333,0.0522461,0
1539,22267803,23787,0.0620117,0
1540,22269165,1362,0.0893555,0
1541,22317913,48748,0.11084,0
1542,22320165,2252,0.0522461,0
1543,22332554,12389,0.0424805,0
1544,22349124,16570,0.162598,0
1545,22350569,1445,0.09375,0
1546,22362135,11566,0.027832,0
1547,22396126,33991,0.110352,0
1548,22398432,2306,0.0522461,0
1549,22401634,3202,0.0283203,0
1550,22422656,21022,0.134277,0
1551,22469298,46642,0.11084,0
1552,22471563,2265,0.0522461,0
1553,22487131,15568,0.0620117,0
1554,22488493,1362,0.0893555,0
1555,22523543,35050,0.124512,0
1556,22534419,10876,0.154785,0
1557,22536849,2430,0.0532227,0
1558,22541549,4700,0.0302734,0
1559,22561347,19798,0.134277,0
1560,22607615,46268,0.11084,0
1561,22609923,2308,0.0522461,0
1562,22635777,25854,0.0620117,0
1563,22637139,1362,0.0893555,0
1564,22678892,41753,0.11084,0
1565,22681163,2271,0.0522461,0
1566,22705996,24833,0.0620117,0
1567,22707358,1362,0.0893555,0
1568,22711739,4381,0.0341797,0
1569,22742458,30719,0.209473,0
1570,22752638,10180,0.103516,0
1571,22756563,3925,0.0283203,0
1572,22779891,23328,0.134277,0
1573,22827513,47622,0.11084,0
1574,22829802,2289,0.0522461,0
1575,22851046,21244,0.0620117,0
1576,22852408,1362,0.0893555,0
1577,22893980,41572,0.106445,0
1578,22895596,1616,0.046875,0
1579,22896848,1252,0.046875,0
1580,22903082,6234,0.132324,0
1581,22907248,4166,0.0288086,0
1582,22929371,22123,0.134277,0
1583,22976240,46869,0.11084,0
1584,22978558,2318,0.0522461,0
1585,23002392,23834,0.0620117,0
1586,23003754,1362,0.0893555,0
1587,23046337,42583,0.11084,0
1588,23048598,2261,0.0522461,0
1589,23074985,26387,0.0620117,0
1590,23076347,1362,0.0893555,0
1591,23078828,2481,0.0322266,0
1592,23109332,30504,0.209473,0
1593,23126137,16805,0.103516,0
1594,23129640,3503,0.027832,0
1595,23151271,21631,0.134277,0
1596,23194724,43453,0.11084,0
1597,23196990,2266,0.0522461,0
1598,23220294,23304,0.0620117,0
1599,23221656,1362,0.0893555,0
1600,23267596,45940,0.11084,0
1601,23269852,2256,0.0522461,0
1602,23273191,3339,0.0297852,0
1603,23295907,22716,0.162598,0
1604,23297352,1445,0.09375,0
1605,23300969,3617,0.0151367,0
1606,23336481,35512,0.110352,0
1607,23338808,2327,0.0522461,0
1608,23342923,4115,0.0292969,0
1609,23365681,22758,0.134277,0
1610,23409505,43824,0.11084,0
1611,23411788,2283,0.0522461,0
1612,23436181,24393,0.0620117,0
1613,23437543,1362,0.0893555,0
1614,23453821,16278,0.0527344,0
1615,23485117,31296,0.214355,0
1616,23487697,2580,0.0532227,0
1617,23491509,3812,0.0292969,0
1618,23512341,20832,0.134277,0
1619,23557849,45508,0.11084,0
1620,23560151,2302,0.0522461,0
1621,23584664,24513,0.0620117,0
1622,23586026,1362,0.0893555,0
1623,23629626,43600,0.11084,0
1624,23631921,2295,0.0522461,0
1625,23639163,7242,0.0341797,0
1626,23661015,21852,0.162598,0
1627,23662460,1445,0.09375,0
1628,23669205,6745,0.019043,0
1629,23704676,35471,0.110352,0
1630,23707015,2339,0.0522461,0
1631,23710698,3683,0.0283203,0
1632,23734805,24107,0.134277,0
1633,23775779,40974,0.11084,0
1634,23778125,2346,0.0522461,0
1635,23805562,27437,0.0620117,0
1636,23806924,1362,0.0893555,0
1637,23817062,10138,0.0424805,0
1638,23850471,33409,0.214355,0
1639,23853133,2662,0.0532227,0
1640,23855674,2541,0.0273438,0
1641,23879920,24246,0.134277,0
1642,23926545,46625,0.11084,0
1643,23928852,2307,0.0522461,0
1644,23955037,26185,0.0620117,0
1645,23956399,1362,0.0893555,0
1646,23998461,42062,0.124512,0
1647,24005198,6737,0.154785,0
1648,24007660,2462,0.0532227,0
1649,24011243,3583,0.0283203,0
1650,24034450,23207,0.134277,0
1651,24075583,41133,0.11084,0
1652,24077937,2354,0.0522461,0
1653,24101954,24017,0.0620117,0
1654,24103316,1362,0.0893555,0
1655,24140296,36980,0.11084,0
1656,24142613,2317,0.0522461,0
1657,24168436,25823,0.0620117,0
1658,24169798,1362,0.0893555,0
1659,24184604,14806,0.0517578,0
1660,24215642,31038,0.209473,0
1661,24221157,5515,0.102539,0
1662,24224731,3574,0.027832,0
1663,24245728,20997,0.134277,0
1664,24287356,41628,0.11084,0
1665,24289709,2353,0.0522461,0
1666,24313197,23488,0.0620117,0
1667,24314559,1362,0.0893555,0
1668,24356121,41562,0.11084,0
1669,24358488,2367,0.0522461,0
1670,24375445,16957,0.0507812,0
1671,24377479,2034,0.0625,0
1672,24386779,9300,0.193848,0
1673,24432274,45495,0.11084,0
1674,24434579,2305,0.0522461,0
1675,24437930,3351,0.0283203,0
1676,24459337,21407,0.134277,0
1677,24500620,41283,0.11084,0
1678,24502872,2252,0.0522461,0
1679,24527417,24545,0.0620117,0
1680,24528779,1362,0.0893555,0
1681,24571991,43212,0.11084,0
1682,24574245,2254,0.0522461,0
1683,24576183,1938,0.0283203,0
1684,24598365,22182,0.162598,0
1685,24599810,1445,0.09375,0
1686,24604659,4849,0.0166016,0
1687,24645849,41190,0.110352,0
1688,24648150,2301,0.0522461,0
1689,24673997,25847,0.0620117,0
1690,24675359,1362,0.0893555,0
1691,24721977,46618,0.11084,0
1692,24724263,2286,0.0522461,0
1693,24749923,25660,0.0620117,0
1694,24751285,1362,0.0893555,0
1695,24754134,2849,0.0322266,0
1696,24783033,28899,0.209473,0
1697,24803981,20948,0.103516,0
1698,24806935,2954,0.0273438,0
1699,24827213,20278,0.134277,0
1700,24872846,45633,0.11084,0
1701,24875122,2276,0.0522461,0
1702,24896882,21760,0.0620117,0
1703,24898244,1362,0.0893555,0
1704,24935836,37592,0.124512,0
1705,24947709,11873,0.154785,0
1706,24950143,2434,0.0532227,0
1707,24953713,3570,0.0283203,0
1708,24977740,24027,0.134277,0
1709,25022888,45148,0.11084,0
1710,25025210,2322,0.0522461,0
1711,25049920,24710,0.0620117,0
1712,25051282,1362,0.0893555,0
1713,25090756,39474,0.11084,0
1714,25093042,2286,0.0522461,0
1715,25110217,17175,0.0478516,0
1716,25122424,12207,0.162598,0
1717,25123869,1445,0.09375,0
1718,25145108,21239,0.105469,0
1719,25158210,13102,0.103516,0
1720,25162287,4077,0.0292969,0
1721,25181171,18884,0.134277,0
1722,25225458,44287,0.11084,0
1723,25227724,2266,0.0522461,0
1724,25251843,24119,0.0620117,0
1725,25253205,1362,0.0893555,0
1726,25298816,45611,0.11084,0
1727,25301075,2259,0.0522461,0
1728,25305405,4330,0.0307617,0
1729,25330014,24609,0.162598,0
1730,25331459,1445,0.09375,0
1731,25334453,2994,0.0141602,0
1732,25374384,39931,0.110352,0
1733,25376715,2331,0.0522461,0
1734,25401550,24835,0.0620117,0
1735,25402912,1362,0.0893555,0
1736,25450027,47115,0.11084,0
1737,25452289,2262,0.0522461,0
1738,25476270,23981,0.0620117,0
1739,25477632,1362,0.0893555,0
1740,25491552,13920,0.0488281,0
1741,25521387,29835,0.209473,0
1742,25529123,7736,0.103516,0
1743,25532868,3745,0.0283203,0
1744,25553685,20817,0.134277,0
1745,25602397,48712,0.11084,0
1746,25604697,2300,0.0522461,0
1747,25629331,24634,0.0620117,0
1748,25630693,1362,0.0893555,0
1749,25670791,40098,0.124512,0
1750,25683569,12778,0.154785,0
1751,25686035,2466,0.0532227,0
1752,25689950,3915,0.0297852,0
1753,25708818,18868,0.134277,0
1754,25753096,44278,0.11084,0
1755,25755442,2346,0.0522461,0
1756,25778148,22706,0.0620117,0
1757,25779510,1362,0.0893555,0
1758,25824239,44729,0.11084,0
1759,25826515,2276,0.0522461,0
1760,25851378,24863,0.0620117,0
1761,25852740,1362,0.0893555,0
1762,25863806,11066,0.0454102,0
1763,25865995,2189,0.078125,0
1764,25895280,29285,0.131348,0
1765,25903997,8717,0.103516,0
1766,25908431,4434,0.0288086,0
1767,25930302,21871,0.134277,0
1768,25976609,46307,0.11084,0
1769,25978903,2294,0.0522461,0
1770,26000616,21713,0.0620117,0
1771,26001978,1362,0.0893555,0
1772,26046313,44335,0.124512,0
1773,26053430,7117,0.154785,0
1774,26055930,2500,0.0532227,0
1775,26059598,3668,0.0288086,0
1776,26080947,21349,0.134277,0
1777,26128138,47191,0.11084,0
1778,26130456,2318,0.0522461,0
1779,26154729,24273,0.0620117,0
1780,26156091,1362,0.0893555,0
1781,26201474,45383,0.11084,0
1782,26203737,2263,0.0522461,0
1783,26228110,24373,0.0620117,0
1784,26229472,1362,0.0893555,0
1785,26231438,1966,0.03125,0
1786,26259548,28110,0.209473,0
1787,26284964,25416,0.103516,0
1788,26287947,2983,0.0273438,0
1789,26311460,23513,0.134277,0
1790,26358707,47247,0.11084,0
1791,26360984,2277,0.0522461,0
1792,26386352,25368,0.0620117,0
1793,26387714,1362,0.0893555,0
1794,26410825,23111,0.105469,0
1795,26430074,19249,0.164062,0
1796,26432922,2848,0.0629883,0
1797,26436696,3774,0.0283203,0
1798,26460456,23760,0.134277,0
1799,26504232,43776,0.11084,0
1800,26506567,2335,0.0522461,0
1801,26532772,26205,0.0620117,0
1802,26534134,1362,0.0893555,0
1803,26574283,40149,0.11084,0
1804,26576596,2313,0.0522461,0
1805,26588946,12350,0.0410156,0
1806,26605085,16139,0.162598,0
1807,26606530,1445,0.09375,0
1808,26643240,36710,0.11084,0
1809,26645646,2406,0.0522461,0
1810,26648323,2677,0.0273438,0
1811,26674048,25725,0.134277,0
1812,26721595,47547,0.11084,0
1813,26723904,2309,0.0522461,0
1814,26748933,25029,0.0620117,0
1815,26750295,1362,0.0893555,0
1816,26768804,18509,0.0571289,0
1817,26801614,32810,0.213379,0
1818,26804260,2646,0.0551758,0
1819,26807988,3728,0.0288086,0
1820,26825505,17517,0.134277,0
1821,26868371,42866,0.11084,0
1822,26870683,2312,0.0522461,0
1823,26896450,25767,0.0620117,0
1824,26897812,1362,0.0893555,0
1825,26939229,41417,0.11084,0
1826,26941487,2258,0.0522461,0
1827,26957554,16067,0.046875,0
1828,26970803,13249,0.162598,0
1829,26972248,1445,0.09375,0
1830,26987842,15594,0.034668,0
1831,27018680,30838,0.110352,0
1832,27020984,2304,0.0522461,0
1833,27024665,3681,0.0283203,0
1834,27049025,24360,0.134277,0
1835,27094917,45892,0.11084,0
1836,27097221,2304,0.0522461,0
1837,27123534,26313,0.0620117,0
1838,27124896,1362,0.0893555,0
1839,27132929,8033,0.0385742,0
1840,27164639,31710,0.209473,0
1841,27174276,9637,0.103516,0
1842,27178626,4350,0.0288086,0
1843,27201390,22764,0.134277,0
1844,27247099,45709,0.11084,0
1845,27249399,2300,0.0522461,0
1846,27273274,23875,0.0620117,0
1847,27274636,1362,0.0893555,0
1848,27314213,39577,0.124512,0
1849,27317016,2803,0.09375,0
1850,27329866,12850,0.114258,0
1851,27333596,3730,0.0283203,0
1852,27358140,24544,0.134277,0
1853,27403838,45698,0.11084,0
1854,27406182,2344,0.0522461,0
1855,27430006,23824,0.0620117,0
1856,27431368,1362,0.0893555,0
1857,27474966,43598,0.11084,0
1858,27477274,2308,0.0522461,0
1859,27487895,10621,0.0380859,0
1860,27507477,19582,0.162598,0
1861,27508922,1445,0.09375,0
1862,27517115,8193,0.0234375,0
1863,27550587,33472,0.110352,0
1864,27552927,2340,0.0522461,0
1865,27557064,4137,0.0292969,0
1866,27577540,20476,0.134277,0
1867,27622036,44496,0.11084,0
1868,27624326,2290,0.0522461,0
1869,27649287,24961,0.0620117,0
1870,27650649,1362,0.0893555,0
1871,27674567,23918,0.105469,0
1872,27697542,22975,0.164062,0
1873,27700427,2885,0.0629883,0
1874,27704270,3843,0.0288086,0
1875,27727386,23116,0.134277,0
1876,27771809,44423,0.11084,0
1877,27774136,2327,0.0522461,0
1878,27800957,26821,0.0620117,0
1879,27802319,1362,0.0893555,0
1880,27849281,46962,0.11084,0
1881,27851594,2313,0.0522461,0
1882,27854581,2987,0.0288086,0
1883,27879609,25028,0.162598,0
1884,27881054,1445,0.09375,0
1885,27882470,1416,0.012207,0
1886,27926100,43630,0.110352,0
1887,27928411,2311,0.0522461,0
1888,27954206,25795,0.0620117,0
1889,27955568,1362,0.0893555,0
1890,28002002,46434,0.11084,0
1891,28004268,2266,0.0522461,0
1892,28027426,23158,0.0576172,0
1893,28034039,6613,0.162598,0
1894,28035484,1445,0.09375,0
1895,28066242,30758,0.11084,0
1896,28068568,2326,0.0522461,0
1897,28071689,3121,0.027832,0
1898,28094545,22856,0.134277,0
1899,28131555,37010,0.11084,0
1900,28133831,2276,0.0522461,0
1901,28154624,20793,0.0620117,0
1902,28155986,1362,0.0893555,0
1903,28199962,43976,0.11084,0
1904,28202218,2256,0.0522461,0
1905,28221907,19689,0.0556641,0
1906,28229438,7531,0.162598,0
1907,28230883,1445,0.09375,0
1908,28256728,25845,0.105469,0
1909,28278419,21691,0.103516,0
1910,28281602,3183,0.027832,0
1911,28304582,22980,0.134277,0
1912,28353146,48564,0.11084,0
1913,28355400,2254,0.0522461,0
1914,28359150,3750,0.0620117,0
1915,28360512,1362,0.0893555,0
1916,28367901,7389,0.11084,0
1917,28370153,2252,0.0522461,0
1918,28374011,3858,0.0605469,0
1919,28375352,1341,0.0893555,0
1920,28382814,7462,0.109375,0
1921,28385045,2231,0.0522461,0
1922,28388918,3873,0.0605469,0
1923,28390259,1341,0.0893555,0
1924,28397712,7453,0.109375,0
1925,28399943,2231,0.0522461,0
1926,28424834,24891,0.0620117,0
1927,28426196,1362,0.0893555,0
1928,28446907,20711,0.105957,0
1929,28450475,3568,0.124512,0
1930,28474127,23652,0.10498,0
1931,28478546,4419,0.0288086,0
1932,28501858,23312,0.134277,0
1933,28544925,43067,0.11084,0
1934,28547254,2329,0.0522461,0
1935,28569694,22440,0.0620117,0
1936,28571056,1362,0.0893555,0
1937,28593555,22499,0.11084,0
1938,28595807,2252,0.0522461,0
1939,28621079,25272,0.0620117,0
1940,28622441,1362,0.0893555,0
1941,28631899,9458,0.043457,0
1942,28665403,33504,0.213867,0
1943,28668009,2606,0.0541992,0
1944,28672012,4003,0.0292969,0
1945,28694271,22259,0.134277,0
1946,28732204,37933,0.11084,0
1947,28734503,2299,0.0522461,0
1948,28761267,26764,0.0620117,0
1949,28762629,1362,0.0893555,0
1950,28803261,40632,0.11084,0
1951,28805559,2298,0.0522461,0
1952,28814625,9066,0.0361328,0
1953,28817721,3096,0.109375,0
1954,28837185,19464,0.146973,0
1955,28842190,5005,0.0151367,0
1956,28885390,43200,0.110352,0
1957,28887740,2350,0.0522461,0
1958,28912530,24790,0.0620117,0
1959,28913892,1362,0.0893555,0
1960,28960977,47085,0.11084,0
1961,28963279,2302,0.0522461,0
1962,28989509,26230,0.0620117,0
1963,28990871,1362,0.0893555,0
1964,28993149,2278,0.0180664,0
1965,29016441,23292,0.158691,0
1966,29022495,6054,0.0766602,0
1967,29043998,21503,0.103516,0
1968,29048214,4216,0.0288086,0
1969,29070966,22752,0.134277,0
1970,29109384,38418,0.11084,0
1971,29111689,2305,0.0522461,0
1972,29135714,24025,0.0620117,0
1973,29137076,1362,0.0893555,0
1974,29178611,41535,0.11084,0
1975,29180885,2274,0.0522461,0
1976,29183593,2708,0.0288086,0
1977,29210074,26481,0.162598,0
1978,29211519,1445,0.09375,0
1979,29258190,46671,0.11084,0
1980,29260528,2338,0.0522461,0
1981,29285352,24824,0.0620117,0
1982,29286714,1362,0.0893555,0
1983,29332612,45898,0.11084,0
1984,29334878,2266,0.0522461,0
1985,29357384,22506,0.0585938,0
1986,29363248,5864,0.155273,0
1987,29364588,1340,0.09375,0
1988,29391144,26556,0.105469,0
1989,29409226,18082,0.103516,0
1990,29412882,3656,0.0283203,0
1991,29433273,20391,0.134277,0
1992,29479119,45846,0.11084,0
1993,29481413,2294,0.0522461,0
1994,29506381,24968,0.0620117,0
1995,29507743,1362,0.0893555,0
1996,29544758,37015,0.124512,0
1997,29557573,12815,0.154785,0
1998,29560005,2432,0.0532227,0
1999,29563484,3479,0.0288086,0
2000,29586580,23096,0.134277,0
2001,29631972,45392,0.11084,0
2002,29634289,2317,0.0522461,0
2003,29658688,24399,0.0620117,0
2004,29660050,1362,0.0893555,0
2005,29704620,44570,0.11084,0
2006,29706904,2284,0.0522461,0
2007,29728155,21251,0.0566406,0
2008,29734970,6815,0.162598,0
2009,29736415,1445,0.09375,0
2010,29780140,43725,0.11084,0
2011,29782440,2300,0.0522461,0
2012,29786186,3746,0.0283203,0
2013,29809012,22826,0.134277,0
2014,29849255,40243,0.11084,0
2015,29851556,2301,0.0522461,0
2016,29878497,26941,0.0620117,0
2017,29879859,1362,0.0893555,0
2018,29911244,31385,0.106445,0
2019,29925028,13784,0.163086,0
2020,29927984,2956,0.0629883,0
2021,29932181,4197,0.0288086,0
2022,29955525,23344,0.134277,0
2023,29997796,42271,0.11084,0
2024,30000171,2375,0.0522461,0
2025,30027069,26898,0.0620117,0
2026,30028431,1362,0.0893555,0
2027,30069895,41464,0.11084,0
2028,30072174,2279,0.0522461,0
2029,30090350,18176,0.050293,0
2030,30101075,10725,0.162598,0
2031,30102520,1445,0.09375,0
2032,30124998,22478,0.105469,0
2033,30142911,17913,0.103516,0
2034,30145907,2996,0.0273438,0
2035,30172153,26246,0.134277,0
2036,30215014,42861,0.11084,0
2037,30217361,2347,0.0522461,0
2038,30244296,26935,0.0620117,0
2039,30245658,1362,0.0893555,0
2040,30274591,28933,0.124512,0
2041,30282267,7676,0.154785,0
2042,30284802,2535,0.0532227,0
2043,30287676,2874,0.0273438,0
2044,30313330,25654,0.134277,0
2045,30346921,33591,0.11084,0
2046,30349321,2400,0.0522461,0
2047,30374803,25482,0.0620117,0
2048,30376165,1362,0.0893555,0
2049,30410529,34364,0.11084,0
2050,30412865,2336,0.0522461,0
2051,30440170,27305,0.0620117,0
2052,30441532,1362,0.0893555,0
2053,30456619,15087,0.0410156,0
2054,30456981,362,0.00195312,0
2055,30457037,56,0.00195312,0
2056,30457093,56,0.00195312,0
2057,30457149,56,0.00195312,0
2058,30457205,56,0.00195312,0
2059,30457261,56,0.00195312,0
2060,30457317,56,0.00195312,0
2061,30457373,56,0.00195312,0
2062,30457429,56,0.00195312,0
2063,30457485,56,0.00195312,0
2064,30457541,56,0.00195312,0
2065,30457597,56,0.00195312,0
2066,30457653,56,0.00195312,0
2067,30457709,56,0.00195312,0
2068,30457765,56,0.00195312,0
2069,30457821,56,0.00195312,0
2070,30457877,56,0.00195312,0
2071,30457933,56,0.00195312,0
2072,30457989,56,0.00195312,0
2073,30458045,56,0.00195312,0
2074,30458101,56,0.00195312,0
2075,30458157,56,0.00195312,0
2076,30458213,56,0.00195312,0
2077,30458269,56,0.00195312,0
2078,30458325,56,0.00195312,0
2079,30458381,56,0.00195312,0
2080,30458437,56,0.00195312,0
2081,30458493,56,0.00195312,0
2082,30458549,56,0.00195312,0
2083,30458605,56,0.00195312,0
2084,30458661,56,0.00195312,0
2085,30458717,56,0.00195312,0
2086,30458773,56,0.00195312,0
2087,30458829,56,0.00195312,0
2088,30458885,56,0.00195312,0
2089,30458941,56,0.00195312,0
2090,30458997,56,0.00195312,0
2091,30459053,56,0.00195312,0
2092,30459109,56,0.00195312,0
2093,30459165,56,0.00195312,0
2094,30459221,56,0.00195312,0
2095,30459277,56,0.00195312,0
2096,30459333,56,0.00195312,0
2097,30459389,56,0.00195312,0
2098,30459445,56,0.00195312,0
2099,30459501,56,0.00195312,0
2100,30459557,56,0.00195312,0
2101,30459613,56,0.00195312,0
2102,30459669,56,0.00195312,0
2103,30459725,56,0.00195312,0
2104,30459781,56,0.00195312,0
2105,30459837,56,0.00195312,0
2106,30459893,56,0.00195312,0
2107,30459949,56,0.00195312,0
2108,30460005,56,0.00195312,0
2109,30460061,56,0.00195312,0
2110,30460117,56,0.00195312,0
2111,30460173,56,0.00195312,0
2112,30460229,56,0.00195312,0
2113,30460285,56,0.00195312,0
2114,30460341,56,0.00195312,0
2115,30486956,26615,0.112793,0
2116,30489352,2396,0.0522461,0
2117,30491913,2561,0.0273438,0
2118,30518074,26161,0.134277,0
2119,30559869,41795,0.11084,0
2120,30562207,2338,0.0522461,0
2121,30588577,26370,0.0620117,0
2122,30589939,1362,0.0893555,0
2123,30633329,43390,0.11084,0
2124,30635638,2309,0.0522461,0
2125,30642818,7180,0.0341797,0
2126,30665341,22523,0.162598,0
2127,30666786,1445,0.09375,0
2128,30670779,3993,0.0161133,0
2129,30708441,37662,0.110352,0
2130,30710791,2350,0.0522461,0
2131,30713675,2884,0.027832,0
2132,30738513,24838,0.134277,0
2133,30776045,37532,0.11084,0
2134,30778340,2295,0.0522461,0
2135,30804106,25766,0.0620117,0
2136,30805468,1362,0.0893555,0
2137,30821490,16022,0.11084,0
2138,30823783,2293,0.0522461,0
2139,30832536,8753,0.0356445,0
2140,30853886,21350,0.162598,0
2141,30855331,1445,0.09375,0
2142,30859563,4232,0.015625,0
2143,30892193,32630,0.110352,0
2144,30894533,2340,0.0522461,0
2145,30898001,3468,0.0283203,0
2146,30921823,23822,0.134277,0
2147,30959994,38171,0.11084,0
2148,30962256,2262,0.0522461,0
2149,30988634,26378,0.0620117,0
2150,30989996,1362,0.0893555,0
2151,31016252,26256,0.124512,0
2152,31031673,15421,0.154785,0
2153,31034128,2455,0.0532227,0
2154,31037521,3393,0.027832,0
2155,31057639,20118,0.134277,0
2156,31088622,30983,0.11084,0
2157,31091018,2396,0.0522461,0
2158,31118430,27412,0.0620117,0
2159,31119792,1362,0.0893555,0
2160,31151455,31663,0.11084,0
2161,31153744,2289,0.0522461,0
2162,31178558,24814,0.0620117,0
2163,31179920,1362,0.0893555,0
2164,31204249,24329,0.124512,0
2165,31222407,18158,0.154785,0
2166,31224842,2435,0.0532227,0
2167,31228051,3209,0.027832,0
2168,31252646,24595,0.134277,0
2169,31294695,42049,0.11084,0
2170,31297007,2312,0.0522461,0
2171,31323539,26532,0.0620117,0
2172,31324901,1362,0.0893555,0
2173,31369690,44789,0.11084,0
2174,31371997,2307,0.0522461,0
2175,31380533,8536,0.0356445,0
2176,31401091,20558,0.162598,0
2177,31402536,1445,0.09375,0
2178,31409805,7269,0.0195312,0
2179,31448250,38445,0.110352,0
2180,31450612,2362,0.0522461,0
2181,31476763,26151,0.0620117,0
2182,31478125,1362,0.0893555,0
2183,31524016,45891,0.11084,0
2184,31526305,2289,0.0522461,0
2185,31552140,25835,0.0620117,0
2186,31553502,1362,0.0893555,0
2187,31557459,3957,0.0332031,0
2188,31587318,29859,0.209473,0
2189,31602475,15157,0.103516,0
2190,31606594,4119,0.0283203,0
2191,31630000,23406,0.134277,0
2192,31672880,42880,0.11084,0
2193,31675161,2281,0.0522461,0
2194,31701453,26292,0.0620117,0
2195,31702815,1362,0.0893555,0
2196,31737513,34698,0.124512,0
2197,31751726,14213,0.154785,0
2198,31754203,2477,0.0532227,0
2199,31758692,4489,0.0297852,0
2200,31779853,21161,0.134277,0
2201,31825571,45718,0.11084,0
2202,31827877,2306,0.0522461,0
2203,31854121,26244,0.0620117,0
2204,31855483,1362,0.0893555,0
2205,31900582,45099,0.11084,0
2206,31902869,2287,0.0522461,0
2207,31917243,14374,0.043457,0
2208,31918132,889,0.0175781,0
2209,31918604,472,0.0175781,0
2210,31919076,472,0.0175781,0
2211,31919548,472,0.0175781,0
2212,31920020,472,0.0175781,0
2213,31920492,472,0.0175781,0
2214,31932625,12133,0.151367,0
2215,31945748,13123,0.0288086,0
2216,31976861,31113,0.110352,0
2217,31979153,2292,0.0522461,0
2218,31981879,2726,0.0273438,0
2219,32007098,25219,0.134277,0
2220,32051684,44586,0.11084,0
2221,32053971,2287,0.0522461,0
2222,32077314,23343,0.0620117,0
2223,32078676,1362,0.0893555,0
2224,32107814,29138,0.11084,0
2225,32110096,2282,0.0522461,0
2226,32112072,1976,0.0283203,0
2227,32138682,26610,0.162598,0
2228,32140127,1445,0.09375,0
2229,32177590,37463,0.11084,0
2230,32179936,2346,0.0522461,0
2231,32183230,3294,0.0283203,0
2232,32207862,24632,0.134277,0
2233,32245857,37995,0.11084,0
2234,32248165,2308,0.0522461,0
2235,32275433,27268,0.0620117,0
2236,32276795,1362,0.0893555,0
2237,32287578,10783,0.046875,0
2238,32321956,34378,0.213379,0
2239,32324610,2654,0.0551758,0
2240,32328301,3691,0.0288086,0
2241,32352537,24236,0.134277,0
2242,32389815,37278,0.11084,0
2243,32392086,2271,0.0522461,0
2244,32418986,26900,0.0620117,0
2245,32420348,1362,0.0893555,0
2246,32461411,41063,0.11084,0
2247,32463712,2301,0.0522461,0
2248,32473202,9490,0.0366211,0
2249,32493937,20735,0.162598,0
2250,32495382,1445,0.09375,0
2251,32503774,8392,0.027832,0
2252,32531928,28154,0.110352,0
2253,32534315,2387,0.0522461,0
2254,32538270,3955,0.0288086,0
2255,32562882,24612,0.134277,0
2256,32603855,40973,0.11084,0
2257,32606203,2348,0.0522461,0
2258,32632518,26315,0.0620117,0
2259,32633880,1362,0.0893555,0
2260,32658461,24581,0.124512,0
2261,32679598,21137,0.154785,0
2262,32682036,2438,0.0532227,0
2263,32686674,4638,0.0297852,0
2264,32710229,23555,0.134277,0
2265,32755501,45272,0.11084,0
2266,32757786,2285,0.0522461,0
2267,32784463,26677,0.0620117,0
2268,32785825,1362,0.0893555,0
2269,32822706,36881,0.11084,0
2270,32824963,2257,0.0522461,0
2271,32837056,12093,0.0415039,0
2272,32853412,16356,0.162598,0
2273,32854857,1445,0.09375,0
2274,32868671,13814,0.0341797,0
2275,32896790,28119,0.110352,0
2276,32899078,2288,0.0522461,0
2277,32902865,3787,0.0288086,0
2278,32926058,23193,0.134277,0
2279,32969910,43852,0.11084,0
2280,32972177,2267,0.0522461,0
2281,32998023,25846,0.0620117,0
2282,32999385,1362,0.0893555,0
2283,33028110,28725,0.124512,0
2284,33040542,12432,0.154785,0
2285,33042973,2431,0.0532227,0
2286,33046370,3397,0.027832,0
2287,33071310,24940,0.134277,0
2288,33108976,37666,0.11084,0
2289,33111287,2311,0.0522461,0
2290,33137575,26288,0.0620117,0
2291,33138937,1362,0.0893555,0
2292,33170930,31993,0.11084,0
2293,33173225,2295,0.0522461,0
2294,33200190,26965,0.0620117,0
2295,33201552,1362,0.0893555,0
2296,33207709,6157,0.0366211,0
2297,33236728,29019,0.214355,0
2298,33239321,2593,0.0532227,0
2299,33242695,3374,0.027832,0
2300,33268241,25546,0.134277,0
2301,33302205,33964,0.11084,0
2302,33304542,2337,0.0522461,0
2303,33308248,3706,0.0620117,0
2304,33309610,1362,0.0893555,0
2305,33316841,7231,0.11084,0
2306,33319093,2252,0.0522461,0
2307,33347209,28116,0.0620117,0
2308,33348571,1362,0.0893555,0
2309,33379769,31198,0.11084,0
2310,33382065,2296,0.0522461,0
2311,33400772,18707,0.0532227,0
2312,33402103,1331,0.0332031,0
2313,33402991,888,0.0332031,0
2314,33403879,888,0.0332031,0
2315,33411401,7522,0.156738,0
2316,33434913,23512,0.11084,0
2317,33437175,2262,0.0522461,0
2318,33440667,3492,0.0283203,0
2319,33464469,23802,0.134277,0
2320,33490823,26354,0.11084,0
2321,33493115,2292,0.0522461,0
2322,33519987,26872,0.0620117,0
2323,33521349,1362,0.0893555,0
2324,33561024,39675,0.11084,0
2325,33563312,2288,0.0522461,0
2326,33589258,25946,0.0620117,0
2327,33590620,1362,0.0893555,0
2328,33595769,5149,0.0366211,0
2329,33628072,32303,0.209473,0
2330,33636003,7931,0.103516,0
2331,33639296,3293,0.0273438,0
2332,33663742,24446,0.134277,0
2333,33702918,39176,0.11084,0
2334,33705220,2302,0.0522461,0
2335,33731388,26168,0.0620117,0
2336,33732750,1362,0.0893555,0
2337,33761570,28820,0.11084,0
2338,33763837,2267,0.0522461,0
2339,33781099,17262,0.0478516,0
2340,33794365,13266,0.162598,0
2341,33795810,1445,0.09375,0
2342,33811984,16174,0.0385742,0
2343,33829328,17344,0.110352,0
2344,33831630,2302,0.0522461,0
2345,33834525,2895,0.0273438,0
2346,33860216,25691,0.134277,0
2347,33888359,28143,0.11084,0
2348,33890682,2323,0.0522461,0
2349,33918281,27599,0.0620117,0
2350,33919643,1362,0.0893555,0
2351,33951889,32246,0.11084,0
2352,33954220,2331,0.0522461,0
2353,33967419,13199,0.0419922,0
2354,33983444,16025,0.162598,0
2355,33984889,1445,0.09375,0
2356,33999886,14997,0.0415039,0
2357,34011302,11416,0.110352,0
2358,34013625,2323,0.0522461,0
2359,34017692,4067,0.0288086,0
2360,34041055,23363,0.134277,0
2361,34067192,26137,0.11084,0
2362,34069517,2325,0.0522461,0
2363,34084115,14598,0.0620117,0
2364,34085477,1362,0.0893555,0
2365,34097880,12403,0.11084,0
2366,34100132,2252,0.0522461,0
2367,34121840,21708,0.0620117,0
2368,34123202,1362,0.0893555,0
2369,34147734,24532,0.11084,0
2370,34150056,2322,0.0522461,0
2371,34174301,24245,0.0620117,0
2372,34175663,1362,0.0893555,0
2373,34187509,11846,0.0551758,0
2374,34211253,23744,0.214355,0
2375,34213900,2647,0.0532227,0
2376,34217903,4003,0.0292969,0
2377,34239226,21323,0.134277,0
2378,34275984,36758,0.11084,0
2379,34278363,2379,0.0522461,0
2380,34305032,26669,0.0620117,0
2381,34306394,1362,0.0893555,0
2382,34340216,33822,0.11084,0
2383,34342586,2370,0.0522461,0
2384,34369514,26928,0.0620117,0
2385,34370876,1362,0.0893555,0
2386,34381437,10561,0.0458984,0
2387,34412710,31273,0.214355,0
2388,34415349,2639,0.0532227,0
2389,34418595,3246,0.0283203,0
2390,34443781,25186,0.134277,0
2391,34481219,37438,0.11084,0
2392,34483561,2342,0.0522461,0
2393,34510090,26529,0.0620117,0
2394,34511452,1362,0.0893555,0
2395,34546988,35536,0.11084,0
2396,34549340,2352,0.0522461,0
2397,34566418,17078,0.046875,0
2398,34579917,13499,0.162598,0
2399,34581362,1445,0.09375,0
2400,34609465,28103,0.11084,0
2401,34611813,2348,0.0522461,0
2402,34614340,2527,0.0273438,0
2403,34640518,26178,0.134277,0
2404,34670683,30165,0.11084,0
2405,34672965,2282,0.0522461,0
2406,34700169,27204,0.0620117,0
2407,34701531,1362,0.0893555,0
2408,34738823,37292,0.11084,0
2409,34741089,2266,0.0522461,0
2410,34751229,10140,0.0380859,0
2411,34770256,19027,0.162598,0
2412,34771701,1445,0.09375,0
2413,34780908,9207,0.0244141,0
2414,34806912,26004,0.110352,0
2415,34809200,2288,0.0522461,0
2416,34812218,3018,0.027832,0
2417,34837782,25564,0.134277,0
2418,34880584,42802,0.11084,0
2419,34882886,2302,0.0522461,0
2420,34909969,27083,0.0620117,0
2421,34911331,1362,0.0893555,0
2422,34927351,16020,0.0375977,0
2423,34928846,1495,0.0488281,0
2424,34930150,1304,0.0488281,0
2425,34959362,29212,0.134766,0
2426,34961768,2406,0.0522461,0
2427,34964499,2731,0.0273438,0
2428,34990341,25842,0.134277,0
2429,35030071,39730,0.11084,0
2430,35032417,2346,0.0522461,0
2431,35057165,24748,0.0620117,0
2432,35058527,1362,0.0893555,0
2433,35087633,29106,0.11084,0
2434,35089905,2272,0.0522461,0
2435,35111624,21719,0.0620117,0
2436,35112986,1362,0.0893555,0
2437,35125358,12372,0.0556641,0
2438,35143245,17887,0.214355,0
2439,35145834,2589,0.0532227,0
2440,35149457,3623,0.0283203,0
2441,35172380,22923,0.134277,0
2442,35199483,27103,0.11084,0
2443,35201811,2328,0.0522461,0
2444,35205507,3696,0.0620117,0
2445,35206869,1362,0.0893555,0
2446,35214309,7440,0.11084,0
2447,35216569,2260,0.0522461,0
2448,35220453,3884,0.0605469,0
2449,35221794,1341,0.0893555,0
2450,35229276,7482,0.110352,0
2451,35231513,2237,0.0522461,0
