checkpoints,cycle count,last checkpoint,dirty ratio,cause
1,28681,28681,0.146973,0
2,78003,49322,0.331055,0
3,120260,42257,0.119141,0
4,190943,70683,0.208496,0
5,193515,2572,0.0522461,0
6,267091,73576,0.125977,0
7,336400,69309,0.231934,0
8,404011,67611,0.142578,0
9,419194,15183,0.125977,0
10,477405,58211,0.125977,0
11,545262,67857,0.231934,0
12,616738,71476,0.14209,0
13,687555,70817,0.125977,0
14,748241,60686,0.220215,0
15,763876,15635,0.103516,0
16,832430,68554,0.13916,0
17,903236,70806,0.125977,0
18,966304,63068,0.211426,0
19,968924,2620,0.0522461,0
20,1033350,64426,0.125977,0
21,1099778,66428,0.125977,0
22,1166720,66942,0.207031,0
23,1169364,2644,0.0522461,0
24,1236168,66804,0.125977,0
25,1273074,36906,0.125977,0
26,1286002,12928,0.0698242,0
27,1312937,26935,0.19043,0
28,1356188,43251,0.14209,0
29,1401164,44976,0.125977,0
30,1415722,14558,0.125977,0
31,1430122,14400,0.124512,0
32,1467107,36985,0.125977,0
33,1481511,14404,0.125977,0
34,1531202,49691,0.125977,0
35,1584403,53201,0.229004,0
36,1640749,56346,0.125977,0
37,1674789,34040,0.125977,0
38,1727646,52857,0.125977,0
39,1771216,43570,0.20459,0
40,1842773,71557,0.140137,0
41,1914124,71351,0.125977,0
42,1983545,69421,0.220215,0
43,2050784,67239,0.13916,0
44,2120645,69861,0.125977,0
45,2190055,69410,0.209473,0
46,2192623,2568,0.0522461,0
47,2263328,70705,0.125977,0
48,2334994,71666,0.231934,0
49,2406313,71319,0.14209,0
50,2478990,72677,0.125977,0
51,2540967,61977,0.220703,0
52,2554309,13342,0.103516,0
53,2621973,67664,0.13916,0
54,2695137,73164,0.125977,0
55,2756292,61155,0.213379,0
56,2758859,2567,0.0522461,0
57,2819373,60514,0.125977,0
58,2886766,67393,0.125977,0
59,2898625,11859,0.0830078,0
60,2959823,61198,0.173828,0
61,2962331,2508,0.0522461,0
62,3037519,75188,0.125977,0
63,3111382,73863,0.22168,0
64,3113974,2592,0.0522461,0
65,3176452,62478,0.141113,0
66,3222710,46258,0.125977,0
67,3287662,64952,0.125977,0
68,3353863,66201,0.208496,0
69,3356520,2657,0.0522461,0
70,3424459,67939,0.125977,0
71,3496623,72164,0.216309,0
72,3566645,70022,0.141602,0
73,3640937,74292,0.125977,0
74,3655226,14289,0.125977,0
75,3710844,55618,0.219727,0
76,3719245,8401,0.103516,0
77,3790659,71414,0.125977,0
78,3845420,54761,0.125977,0
79,3859449,14029,0.125977,0
80,3926853,67404,0.220703,0
81,3998738,71885,0.125977,0
82,4077547,78809,0.231934,0
83,4151769,74222,0.14209,0
84,4226318,74549,0.125977,0
85,4298717,72399,0.220703,0
86,4354178,55461,0.139648,0
87,4424342,70164,0.125977,0
88,4444194,19852,0.112305,0
89,4499451,55257,0.178711,0
90,4563015,63564,0.125977,0
91,4634714,71699,0.125977,0
92,4706415,71701,0.203613,0
93,4708959,2544,0.0522461,0
94,4779965,71006,0.125977,0
95,4852637,72672,0.21875,0
96,4855242,2605,0.0522461,0
97,4929166,73924,0.140137,0
98,4997000,67834,0.143555,0
99,5009018,12018,0.194824,0
100,5081987,72969,0.141602,0
101,5158704,76717,0.125977,0
102,5233280,74576,0.207031,0
103,5235823,2543,0.0522461,0
104,5309254,73431,0.125977,0
105,5377882,68628,0.231934,0
106,5451917,74035,0.141602,0
107,5527237,75320,0.125977,0
108,5598510,71273,0.208984,0
109,5601094,2584,0.0522461,0
110,5670152,69058,0.125977,0
111,5741432,71280,0.231934,0
112,5799303,57871,0.125,0
113,5801688,2385,0.0522461,0
114,5815391,13703,0.140625,0
115,5873065,57674,0.125977,0
116,5926901,53836,0.125977,0
117,5961457,34556,0.198242,0
118,5974932,13475,0.130371,0
119,5990684,15752,0.125977,0
120,6056106,65422,0.141113,0
121,6121431,65325,0.125977,0
122,6192009,70578,0.221191,0
123,6194646,2637,0.0522461,0
124,6262853,68207,0.140625,0
125,6334705,71852,0.125977,0
126,6406345,71640,0.205078,0
127,6408884,2539,0.0522461,0
128,6481321,72437,0.125977,0
129,6548850,67529,0.200684,0
130,6615079,66229,0.142578,0
131,6675176,60097,0.125977,0
132,6749920,74744,0.21582,0
133,6755467,5547,0.0986328,0
134,6831967,76500,0.139648,0
135,6912318,80351,0.23291,0
136,6983523,71205,0.14209,0
137,7059297,75774,0.125977,0
138,7135401,76104,0.205078,0
139,7137990,2589,0.0522461,0
140,7215172,77182,0.125977,0
141,7278433,63261,0.220703,0
142,7292955,14522,0.103516,0
143,7367369,74414,0.125977,0
144,7430563,63194,0.213867,0
145,7439175,8612,0.114746,0
146,7507534,68359,0.141602,0
147,7583211,75677,0.125977,0
148,7606232,23021,0.0498047,0
149,7659533,53301,0.126953,0
150,7661935,2402,0.0522461,0
151,7733483,71548,0.125977,0
152,7808077,74594,0.219238,0
153,7810703,2626,0.0522461,0
154,7884822,74119,0.141113,0
155,7957107,72285,0.125977,0
156,8020924,63817,0.223633,0
157,8080408,59484,0.125977,0
158,8145225,64817,0.125977,0
159,8203375,58150,0.225098,0
160,8258456,55081,0.139648,0
161,8326768,68312,0.125977,0
162,8387470,60702,0.22168,0
163,8399434,11964,0.103516,0
164,8469358,69924,0.125977,0
165,8524690,55332,0.125977,0
166,8573211,48521,0.228027,0
167,8575805,2594,0.0522461,0
168,8643055,67250,0.143066,0
169,8717983,74928,0.125977,0
170,8791633,73650,0.208008,0
171,8794173,2540,0.0522461,0
172,8865715,71542,0.125977,0
173,8922402,56687,0.125977,0
174,8995386,72984,0.203613,0
175,8997973,2587,0.0522461,0
176,9070700,72727,0.125977,0
177,9106213,35513,0.14502,0
178,9141102,34889,0.140137,0
179,9143491,2389,0.0522461,0
180,9216160,72669,0.139648,0
181,9286009,69849,0.154785,0
182,9294541,8532,0.182129,0
183,9369015,74474,0.141113,0
184,9444589,75574,0.125977,0
185,9515937,71348,0.206543,0
186,9518514,2577,0.0522461,0
187,9590186,71672,0.125977,0
188,9663868,73682,0.231934,0
189,9737025,73157,0.141113,0
190,9810729,73704,0.125977,0
191,9881752,71023,0.205566,0
192,9884406,2654,0.0522461,0
193,9956165,71759,0.125977,0
194,10025798,69633,0.223633,0
195,10028463,2665,0.0522461,0
196,10098055,69592,0.139648,0
197,10171597,73542,0.125977,0
198,10241311,69714,0.207031,0
199,10243932,2621,0.0522461,0
200,10310825,66893,0.125977,0
201,10370706,59881,0.231934,0
202,10423980,53274,0.142578,0
203,10475302,51322,0.125977,0
204,10542298,66996,0.125977,0
205,10558035,15737,0.050293,0
206,10612262,54227,0.182129,0
207,10680547,68285,0.125977,0
208,10750573,70026,0.231934,0
209,10820163,69590,0.141113,0
210,10894053,73890,0.125977,0
211,10955949,61896,0.219238,0
212,10968262,12313,0.103516,0
213,11028041,59779,0.140137,0
214,11102640,74599,0.125977,0
215,11176282,73642,0.220215,0
216,11240797,64515,0.125977,0
217,11314069,73272,0.125977,0
218,11385287,71218,0.203613,0
219,11387875,2588,0.0522461,0
220,11454873,66998,0.125977,0
221,11517154,62281,0.223145,0
222,11519764,2610,0.0522461,0
223,11580459,60695,0.143066,0
224,11649338,68879,0.125977,0
225,11717411,68073,0.219238,0
226,11724580,7169,0.103516,0
227,11800726,76146,0.140137,0
228,11870579,69853,0.125977,0
229,11945105,74526,0.229492,0
230,12018986,73881,0.125977,0
231,12041486,22500,0.0703125,0
232,12095058,53572,0.197754,0
233,12167777,72719,0.125977,0
234,12244924,77147,0.231934,0
235,12318904,73980,0.141602,0
236,12385825,66921,0.125977,0
237,12455136,69311,0.221191,0
238,12531522,76386,0.125977,0
239,12603947,72425,0.231934,0
240,12671299,67352,0.143066,0
241,12724152,52853,0.125977,0
242,12794494,70342,0.231934,0
243,12866517,72023,0.14209,0
244,12934705,68188,0.125977,0
245,12995106,60401,0.219238,0
246,13005271,10165,0.103516,0
247,13048245,42974,0.140137,0
248,13118033,69788,0.125977,0
249,13180969,62936,0.22168,0
250,13195924,14955,0.103516,0
251,13271857,75933,0.125977,0
252,13347932,76075,0.231934,0
253,13421167,73235,0.142578,0
254,13489423,68256,0.125977,0
255,13518018,28595,0.152832,0
256,13550291,32273,0.182129,0
257,13552757,2466,0.0522461,0
258,13625926,73169,0.141113,0
259,13702945,77019,0.125977,0
260,13767763,64818,0.208008,0
261,13770348,2585,0.0522461,0
262,13845454,75106,0.125977,0
263,13917419,71965,0.220215,0
264,13920027,2608,0.0522461,0
265,13994424,74397,0.140625,0
266,14066528,72104,0.125977,0
267,14138324,71796,0.20459,0
268,14140898,2574,0.0522461,0
269,14211789,70891,0.125977,0
270,14283864,72075,0.231934,0
271,14349595,65731,0.143555,0
272,14417767,68172,0.125977,0
273,14484817,67050,0.223633,0
274,14557159,72342,0.14209,0
275,14630089,72930,0.125977,0
276,14699608,69519,0.222168,0
277,14772460,72852,0.125977,0
278,14844196,71736,0.231934,0
279,14913558,69362,0.14209,0
280,14977603,64045,0.125977,0
281,15032452,54849,0.168945,0
282,15050739,18287,0.159668,0
283,15122927,72188,0.142578,0
284,15193717,70790,0.125977,0
285,15262357,68640,0.22168,0
286,15326124,63767,0.125977,0
287,15391304,65180,0.125977,0
288,15467687,76383,0.203613,0
289,15470267,2580,0.0522461,0
290,15541272,71005,0.125977,0
291,15615340,74068,0.214355,0
292,15688032,72692,0.143066,0
293,15761332,73300,0.125977,0
294,15830430,69098,0.220703,0
295,15904444,74014,0.125977,0
296,15980290,75846,0.231934,0
297,16043792,63502,0.119629,0
298,16046204,2412,0.0522461,0
299,16107699,61495,0.125977,0
300,16177589,69890,0.231934,0
301,16247161,69572,0.142578,0
302,16320028,72867,0.125977,0
303,16389124,69096,0.219727,0
304,16391732,2608,0.0522461,0
305,16457425,65693,0.14209,0
306,16527121,69696,0.125977,0
307,16556137,29016,0.184082,0
308,16586963,30826,0.145508,0
309,16594929,7966,0.103516,0
310,16656845,61916,0.140625,0
311,16724221,67376,0.125977,0
312,16785204,60983,0.222168,0
313,16798444,13240,0.103516,0
314,16870484,72040,0.125977,0
315,16939848,69364,0.125977,0
316,17011728,71880,0.229492,0
317,17081298,69570,0.125977,0
318,17151056,69758,0.219238,0
319,17153692,2636,0.0522461,0
320,17220972,67280,0.14209,0
321,17291475,70503,0.125977,0
322,17347181,55706,0.22168,0
323,17358590,11409,0.103516,0
324,17429899,71309,0.140137,0
325,17507690,77791,0.23291,0
326,17583455,75765,0.141113,0
327,17656830,73375,0.125977,0
328,17731585,74755,0.203613,0
329,17734150,2565,0.0522461,0
330,17808367,74217,0.125977,0
331,17881335,72968,0.220215,0
332,17883955,2620,0.0522461,0
333,17954309,70354,0.141113,0
334,18024039,69730,0.125977,0
335,18038971,14932,0.121094,0
336,18091245,52274,0.148438,0
337,18093659,2414,0.0522461,0
338,18167041,73382,0.125977,0
339,18241736,74695,0.18457,0
340,18310196,68460,0.141113,0
341,18382492,72296,0.125977,0
342,18455971,73479,0.221191,0
343,18528955,72984,0.125977,0
344,18602210,73255,0.200684,0
345,18671889,69679,0.141602,0
346,18746727,74838,0.125977,0
347,18820323,73596,0.206543,0
348,18822931,2608,0.0522461,0
349,18896487,73556,0.125977,0
350,18967881,71394,0.231934,0
351,19036143,68262,0.14209,0
352,19105704,69561,0.125977,0
353,19179699,73995,0.224609,0
354,19249405,69706,0.125977,0
355,19313032,63627,0.125977,0
356,19387465,74433,0.229004,0
357,19459312,71847,0.125977,0
358,19493313,34001,0.215332,0
359,19527364,34051,0.119629,0
360,19529792,2428,0.0522461,0
361,19590941,61149,0.141113,0
362,19648340,57399,0.125977,0
363,19697022,48682,0.121094,0
364,19721572,24550,0.120605,0
365,19795724,74152,0.140625,0
366,19871017,75293,0.125977,0
367,19942840,71823,0.203613,0
368,19945408,2568,0.0522461,0
369,20018267,72859,0.125977,0
370,20089987,71720,0.22168,0
371,20092607,2620,0.0522461,0
372,20163497,70890,0.140137,0
373,20227823,64326,0.125977,0
374,20278289,50466,0.217773,0
375,20284505,6216,0.103516,0
376,20345695,61190,0.140625,0
377,20414718,69023,0.125977,0
378,20485878,71160,0.222168,0
379,20541950,56072,0.125977,0
380,20615100,73150,0.125977,0
381,20679507,64407,0.222656,0
382,20746559,67052,0.13916,0
383,20815849,69290,0.125977,0
384,20888566,72717,0.206055,0
385,20891152,2586,0.0522461,0
386,20962947,71795,0.125977,0
387,21033557,70610,0.223145,0
388,21036178,2621,0.0522461,0
389,21106665,70487,0.141113,0
390,21180367,73702,0.125977,0
391,21187533,7166,0.0307617,0
392,21247801,60268,0.149902,0
393,21250223,2422,0.0522461,0
394,21321950,71727,0.125977,0
395,21391969,70019,0.220215,0
396,21394604,2635,0.0522461,0
397,21467016,72412,0.140625,0
398,21539396,72380,0.125977,0
399,21607622,68226,0.225098,0
400,21677573,69951,0.125977,0
401,21744837,67264,0.125977,0
402,21813767,68930,0.205078,0
403,21816399,2632,0.0522461,0
404,21884897,68498,0.125977,0
405,21948862,63965,0.231934,0
406,22024097,75235,0.141602,0
407,22100910,76813,0.125977,0
408,22175042,74132,0.205078,0
409,22177594,2552,0.0522461,0
410,22250810,73216,0.125977,0
411,22313825,63015,0.231934,0
412,22386410,72585,0.143066,0
413,22458354,71944,0.125977,0
414,22519093,60739,0.219238,0
415,22528460,9367,0.103516,0
416,22604539,76079,0.13916,0
417,22669168,64629,0.149414,0
418,22677724,8556,0.150879,0
419,22752120,74396,0.14209,0
420,22822850,70730,0.125977,0
421,22883047,60197,0.222656,0
422,22899068,16021,0.103516,0
423,22968839,69771,0.13916,0
424,23042285,73446,0.125977,0
425,23107168,64883,0.207031,0
426,23109745,2577,0.0522461,0
427,23182804,73059,0.125977,0
428,23254597,71793,0.221191,0
429,23257203,2606,0.0522461,0
430,23328540,71337,0.141113,0
431,23400934,72394,0.125977,0
432,23471893,70959,0.206543,0
433,23474481,2588,0.0522461,0
434,23545676,71195,0.125977,0
435,23616738,71062,0.223633,0
436,23619429,2691,0.0522461,0
437,23694049,74620,0.140625,0
438,23771797,77748,0.23291,0
439,23841625,69828,0.14209,0
440,23906991,65366,0.125977,0
441,23981343,74352,0.221191,0
442,23984041,2698,0.0522461,0
443,24051164,67123,0.141113,0
444,24120574,69410,0.125977,0
445,24137951,17377,0.0683594,0
446,24194835,56884,0.199707,0
447,24263757,68922,0.125977,0
448,24334540,70783,0.125977,0
449,24404405,69865,0.203613,0
450,24406949,2544,0.0522461,0
451,24483270,76321,0.125977,0
452,24541224,57954,0.222656,0
453,24561667,20443,0.103516,0
454,24632899,71232,0.125977,0
455,24705649,72750,0.231934,0
456,24780257,74608,0.141602,0
457,24848756,68499,0.125977,0
458,24911727,62971,0.223145,0
459,24980449,68722,0.140137,0
460,25054404,73955,0.125977,0
461,25125989,71585,0.205078,0
462,25128566,2577,0.0522461,0
463,25204348,75782,0.125977,0
464,25272448,68100,0.217285,0
465,25279695,7247,0.103516,0
466,25354166,74471,0.140625,0
467,25434444,80278,0.23291,0
468,25503379,68935,0.143066,0
469,25575156,71777,0.125977,0
470,25612113,36957,0.154785,0
471,25642811,30698,0.174805,0
472,25651617,8806,0.103516,0
473,25725423,73806,0.140137,0
474,25794579,69156,0.203613,0
475,25802027,7448,0.133301,0
476,25875825,73798,0.14209,0
477,25949796,73971,0.125977,0
478,26004637,54841,0.226074,0
479,26029704,25067,0.103516,0
480,26105815,76111,0.125977,0
481,26175510,69695,0.228027,0
482,26248665,73155,0.141602,0
483,26319345,70680,0.125977,0
484,26386244,66899,0.225098,0
485,26465233,78989,0.125977,0
486,26541617,76384,0.220215,0
487,26544216,2599,0.0522461,0
488,26609515,65299,0.141602,0
489,26680967,71452,0.125977,0
490,26756185,75218,0.205078,0
491,26758735,2550,0.0522461,0
492,26835057,76322,0.125977,0
493,26901785,66728,0.220215,0
494,26910688,8903,0.103516,0
495,26984717,74029,0.139648,0
496,27050772,66055,0.171875,0
497,27065052,14280,0.157715,0
498,27140351,75299,0.141113,0
499,27212083,71732,0.125977,0
500,27283539,71456,0.208008,0
501,27286131,2592,0.0522461,0
502,27357609,71478,0.125977,0
503,27431519,73910,0.220215,0
504,27504718,73199,0.141602,0
505,27582817,78099,0.125977,0
506,27655601,72784,0.203613,0
507,27658155,2554,0.0522461,0
508,27734220,76065,0.125977,0
509,27797539,63319,0.199707,0
510,27861053,63514,0.13916,0
511,27930040,68987,0.125977,0
512,28004146,74106,0.220215,0
513,28081520,77374,0.125977,0
514,28095683,14163,0.125977,0
515,28110055,14372,0.124512,0
516,28124412,14357,0.124512,0
517,28196750,72338,0.222168,0
518,28269063,72313,0.140625,0
519,28318230,49167,0.125977,0
520,28386405,68175,0.223145,0
521,28389008,2603,0.0522461,0
522,28454389,65381,0.140625,0
523,28526066,71677,0.125977,0
524,28536704,10638,0.100586,0
525,28604448,67744,0.148926,0
526,28606885,2437,0.0522461,0
527,28682632,75747,0.125977,0
528,28739861,57229,0.225098,0
529,28761836,21975,0.103516,0
530,28829609,67773,0.125977,0
531,28898215,68606,0.125977,0
532,28975815,77600,0.229492,0
533,29051022,75207,0.125977,0
534,29123221,72199,0.219238,0
535,29195796,72575,0.125977,0
536,29272117,76321,0.231934,0
537,29345933,73816,0.14209,0
538,29419225,73292,0.125977,0
539,29492588,73363,0.219727,0
540,29562418,69830,0.125977,0
541,29636721,74303,0.231934,0
542,29708425,71704,0.141602,0
543,29781092,72667,0.125977,0
544,29849626,68534,0.222656,0
545,29924477,74851,0.125977,0
546,29982525,58048,0.202148,0
547,29990294,7769,0.126465,0
548,30054098,63804,0.140625,0
549,30118302,64204,0.125977,0
550,30163140,44838,0.109863,0
551,30191054,27914,0.112793,0
552,30193450,2396,0.0522461,0
553,30265214,71764,0.140137,0
554,30339249,74035,0.125977,0
555,30410275,71026,0.206055,0
556,30412873,2598,0.0522461,0
557,30480510,67637,0.125977,0
558,30525363,44853,0.125977,0
559,30591981,66618,0.210449,0
560,30594578,2597,0.0522461,0
561,30662386,67808,0.125977,0
562,30731987,69601,0.231934,0
563,30788414,56427,0.14209,0
564,30851821,63407,0.125977,0
565,30920666,68845,0.231934,0
566,30992379,71713,0.141113,0
567,31068020,75641,0.125977,0
568,31142479,74459,0.204102,0
569,31145085,2606,0.0522461,0
570,31220986,75901,0.125977,0
571,31281216,60230,0.223633,0
572,31295765,14549,0.103516,0
573,31368536,72771,0.125977,0
574,31432090,63554,0.217773,0
575,31445986,13896,0.11084,0
576,31518877,72891,0.14209,0
577,31594543,75666,0.125977,0
578,31608264,13721,0.0356445,0
579,31666993,58729,0.136719,0
580,31669347,2354,0.0522461,0
581,31744256,74909,0.125977,0
582,31799791,55535,0.125977,0
583,31867587,67796,0.229492,0
584,31936550,68963,0.125977,0
585,32008971,72421,0.223145,0
586,32011587,2616,0.0522461,0
587,32077963,66376,0.139648,0
588,32150190,72227,0.125977,0
589,32216521,66331,0.212891,0
590,32219170,2649,0.0522461,0
591,32291140,71970,0.125977,0
592,32364702,73562,0.231934,0
593,32439980,75278,0.141602,0
594,32507798,67818,0.125977,0
595,32577760,69962,0.210449,0
596,32580305,2545,0.0522461,0
597,32653486,73181,0.125977,0
598,32722011,68525,0.231934,0
599,32789875,67864,0.141113,0
600,32852477,62602,0.125977,0
601,32914611,62134,0.225586,0
602,32917239,2628,0.0522461,0
603,32981364,64125,0.140137,0
604,32996519,15155,0.125977,0
605,33058936,62417,0.125977,0
606,33077226,18290,0.0498047,0
607,33113530,36304,0.152832,0
608,33167572,54042,0.139648,0
609,33238400,70828,0.125977,0
610,33302299,63899,0.219238,0
611,33309743,7444,0.103516,0
612,33377881,68138,0.13916,0
613,33437082,59201,0.125977,0
614,33500552,63470,0.216797,0
615,33503124,2572,0.0522461,0
616,33562267,59143,0.125977,0
617,33625215,62948,0.125977,0
618,33680282,55067,0.222656,0
619,33682887,2605,0.0522461,0
620,33737691,54804,0.13916,0
621,33768911,31220,0.125977,0
622,33818252,49341,0.125977,0
623,33877929,59677,0.222168,0
624,33880599,2670,0.0522461,0
625,33943928,63329,0.142578,0
626,34008836,64908,0.125977,0
627,34077655,68819,0.222656,0
628,34080323,2668,0.0522461,0
629,34147436,67113,0.140137,0
630,34213833,66397,0.125977,0
631,34274102,60269,0.223633,0
632,34335975,61873,0.125977,0
633,34403523,67548,0.125977,0
634,34467495,63972,0.212402,0
635,34470044,2549,0.0522461,0
636,34543818,73774,0.125977,0
637,34587600,43782,0.147461,0
638,34619158,31558,0.159668,0
639,34621615,2457,0.0522461,0
640,34691173,69558,0.140137,0
641,34749272,58099,0.125977,0
642,34801137,51865,0.225098,0
643,34803758,2621,0.0522461,0
644,34858607,54849,0.14209,0
645,34872870,14263,0.139648,0
646,34887306,14436,0.138672,0
