checkpoints,cycle count,last checkpoint,dirty ratio,cause
122,1000002,1000002,0.0102539,2
268,2000012,1000010,0.015625,2
376,3000014,1000002,0.0185547,2
485,4000037,1000023,0.0375977,2
605,5000038,1000001,0.0419922,2
710,6000039,1000001,0.0234375,2
836,7000058,1000019,0.0112305,2
941,8000059,1000001,0.0419922,2
1042,9000065,1000006,0.0356445,2
1158,10000067,1000002,0.0229492,2
1261,11000074,1000007,0.0288086,2
1367,12000075,1000001,0.0141602,2
1481,13000076,1000001,0.00341797,2
1587,14000082,1000006,0.0292969,2
1694,15000089,1000007,0.0341797,2
1802,16000090,1000001,0.0219727,2
1907,17000102,1000012,0.0107422,2
2014,18000103,1000001,0.0419922,2
2122,19000105,1000002,0.0175781,2
2228,20000106,1000001,0.0239258,2
2333,21000108,1000002,0.0336914,2
2438,22000115,1000007,0.0625,2
2545,23000120,1000005,0.03125,2
2656,24000121,1000001,0.0170898,2
2760,25000123,1000002,0.0424805,2
2866,26000125,1000002,0.0380859,2
2971,27000127,1000002,0.0214844,2
3077,28000128,1000001,0.0195312,2
3181,29000142,1000014,0.0336914,2
3283,30000143,1000001,0.0327148,2
3386,31000145,1000002,0.0361328,2
3488,32000147,1000002,0.0170898,2
3611,33000192,1000045,0.0209961,2
3713,34000193,1000001,0.0419922,2
3821,35000195,1000002,0.0351562,2
3930,36000203,1000008,0.0297852,2
4035,37000204,1000001,0.0249023,2
4139,38000207,1000003,0.0380859,2
4263,39000208,1000001,0.0253906,2
4384,40000221,1000013,0.0361328,2
