checkpoints,cycle count,last checkpoint,dirty ratio,cause
656,1000023,1000023,0.296875,2
1346,2000211,1000188,0.015625,2
2037,3000247,1000036,0.421875,2
2766,4000260,1000013,0.21875,2
3423,5000281,1000021,0.03125,2
4111,6000282,1000001,0.03125,2
4807,7000307,1000025,0.03125,2
5574,8000333,1000026,0.109375,2
6183,9000364,1000031,0.015625,2
6764,10000370,1000006,0.03125,2
7458,11000396,1000026,0.015625,2
8104,12000424,1000028,0.65625,2
8870,13000441,1000017,0.59375,2
9516,14000476,1000035,0.546875,2
10124,15000508,1000032,0.03125,2
10814,16000534,1000026,0.484375,2
11511,17000574,1000040,0.46875,2
12140,18000579,1000005,0.21875,2
12739,19000654,1000075,0.484375,2
13429,20000660,1000006,0.453125,2
14157,21000662,1000002,0.15625,2
14811,22000675,1000013,0.25,2
15499,23000676,1000001,0.03125,2
16195,24000734,1000058,0.015625,2
16962,25000760,1000026,0.03125,2
17616,26000893,1000133,0.015625,2
18305,27000911,1000018,0.234375,2
18881,28000913,1000002,0.40625,2
19489,29000914,1000001,0.40625,2
20254,30000916,1000002,0.5,2
20900,31000935,1000019,0.03125,2
21524,32000992,1000057,0.484375,2
22216,33001042,1000050,0.640625,2
22911,34001043,1000001,0.46875,2
23603,35001051,1000008,0.171875,2
24292,36001067,1000016,0.3125,2
24912,37001069,1000002,0.46875,2
25553,38001301,1000232,0.015625,2
26207,39001302,1000001,0.46875,2
26894,40001308,1000006,0.265625,2
27590,41001339,1000031,0.03125,2
28357,42001350,1000011,0.03125,2
