checkpoints,cycle count,last checkpoint,dirty ratio,cause
1,110440,110440,0.269043,0
2,115479,5039,0.0756836,0
3,235123,119644,0.0756836,0
4,239754,4631,0.0756836,0
5,359398,119644,0.0756836,0
6,364029,4631,0.0756836,0
7,483673,119644,0.0756836,0
8,488304,4631,0.0756836,0
9,604704,116400,0.100586,0
10,714912,110208,0.269043,0
11,719951,5039,0.0756836,0
12,839595,119644,0.0756836,0
13,844226,4631,0.0756836,0
14,963870,119644,0.0756836,0
15,968501,4631,0.0756836,0
16,1088145,119644,0.0756836,0
17,1092776,4631,0.0756836,0
18,1209176,116400,0.100586,0
19,1319384,110208,0.269043,0
20,1324423,5039,0.0756836,0
21,1444067,119644,0.0756836,0
22,1448698,4631,0.0756836,0
23,1568342,119644,0.0756836,0
24,1572973,4631,0.0756836,0
25,1692617,119644,0.0756836,0
26,1697248,4631,0.0756836,0
27,1813648,116400,0.100586,0
28,1923856,110208,0.269043,0
29,1928895,5039,0.0756836,0
30,2048539,119644,0.0756836,0
31,2053170,4631,0.0756836,0
32,2172814,119644,0.0756836,0
33,2177445,4631,0.0756836,0
34,2297089,119644,0.0756836,0
35,2301720,4631,0.0756836,0
36,2418120,116400,0.100586,0
37,2528328,110208,0.269043,0
38,2533367,5039,0.0756836,0
39,2653011,119644,0.0756836,0
40,2657642,4631,0.0756836,0
41,2777286,119644,0.0756836,0
42,2781917,4631,0.0756836,0
43,2901561,119644,0.0756836,0
44,2906192,4631,0.0756836,0
45,3022592,116400,0.100586,0
46,3132800,110208,0.269043,0
47,3137839,5039,0.0756836,0
48,3257483,119644,0.0756836,0
49,3262114,4631,0.0756836,0
50,3381758,119644,0.0756836,0
51,3386389,4631,0.0756836,0
52,3506033,119644,0.0756836,0
53,3510664,4631,0.0756836,0
54,3627064,116400,0.100586,0
55,3737272,110208,0.269043,0
56,3742311,5039,0.0756836,0
57,3861955,119644,0.0756836,0
58,3866586,4631,0.0756836,0
59,3986230,119644,0.0756836,0
60,3990861,4631,0.0756836,0
61,4110505,119644,0.0756836,0
62,4115136,4631,0.0756836,0
63,4231536,116400,0.100586,0
64,4341744,110208,0.269043,0
65,4346783,5039,0.0756836,0
66,4466427,119644,0.0756836,0
67,4471058,4631,0.0756836,0
68,4590702,119644,0.0756836,0
69,4595333,4631,0.0756836,0
70,4714977,119644,0.0756836,0
71,4719608,4631,0.0756836,0
72,4836008,116400,0.100586,0
73,4946216,110208,0.269043,0
74,4951255,5039,0.0756836,0
75,5070899,119644,0.0756836,0
76,5075530,4631,0.0756836,0
77,5195174,119644,0.0756836,0
78,5199805,4631,0.0756836,0
79,5319449,119644,0.0756836,0
80,5324080,4631,0.0756836,0
81,5440480,116400,0.100586,0
82,5550688,110208,0.269043,0
83,5555727,5039,0.0756836,0
84,5675371,119644,0.0756836,0
85,5680002,4631,0.0756836,0
86,5799646,119644,0.0756836,0
87,5804277,4631,0.0756836,0
88,5923921,119644,0.0756836,0
89,5928552,4631,0.0756836,0
90,6044952,116400,0.100586,0
91,6155160,110208,0.269043,0
92,6160199,5039,0.0756836,0
93,6279843,119644,0.0756836,0
94,6284474,4631,0.0756836,0
95,6404118,119644,0.0756836,0
96,6408749,4631,0.0756836,0
97,6528393,119644,0.0756836,0
98,6533024,4631,0.0756836,0
99,6649424,116400,0.100586,0
100,6759632,110208,0.269043,0
101,6764671,5039,0.0756836,0
102,6884315,119644,0.0756836,0
103,6888946,4631,0.0756836,0
104,7008590,119644,0.0756836,0
105,7013221,4631,0.0756836,0
106,7132865,119644,0.0756836,0
107,7137496,4631,0.0756836,0
108,7253896,116400,0.100586,0
109,7364104,110208,0.269043,0
110,7369143,5039,0.0756836,0
111,7488787,119644,0.0756836,0
112,7493418,4631,0.0756836,0
113,7613062,119644,0.0756836,0
114,7617693,4631,0.0756836,0
115,7737337,119644,0.0756836,0
116,7741968,4631,0.0756836,0
117,7858368,116400,0.100586,0
118,7968576,110208,0.269043,0
119,7973615,5039,0.0756836,0
120,8093259,119644,0.0756836,0
121,8097890,4631,0.0756836,0
122,8217534,119644,0.0756836,0
123,8222165,4631,0.0756836,0
124,8341809,119644,0.0756836,0
125,8346440,4631,0.0756836,0
126,8462840,116400,0.100586,0
127,8573048,110208,0.269043,0
128,8578087,5039,0.0756836,0
129,8697731,119644,0.0756836,0
130,8702362,4631,0.0756836,0
131,8822006,119644,0.0756836,0
132,8826637,4631,0.0756836,0
133,8946281,119644,0.0756836,0
134,8950912,4631,0.0756836,0
135,9067312,116400,0.100586,0
136,9177520,110208,0.269043,0
137,9182559,5039,0.0756836,0
138,9302203,119644,0.0756836,0
139,9306834,4631,0.0756836,0
140,9426478,119644,0.0756836,0
141,9431109,4631,0.0756836,0
142,9550753,119644,0.0756836,0
143,9555384,4631,0.0756836,0
144,9671784,116400,0.100586,0
145,9781992,110208,0.269043,0
146,9787031,5039,0.0756836,0
147,9906675,119644,0.0756836,0
148,9911306,4631,0.0756836,0
149,10030950,119644,0.0756836,0
150,10035581,4631,0.0756836,0
151,10155225,119644,0.0756836,0
152,10159856,4631,0.0756836,0
153,10276256,116400,0.100586,0
154,10386464,110208,0.269043,0
155,10391503,5039,0.0756836,0
156,10511147,119644,0.0756836,0
157,10515778,4631,0.0756836,0
158,10635422,119644,0.0756836,0
159,10640053,4631,0.0756836,0
160,10759697,119644,0.0756836,0
161,10764328,4631,0.0756836,0
162,10880728,116400,0.100586,0
163,10990936,110208,0.269043,0
164,10995975,5039,0.0756836,0
165,11115619,119644,0.0756836,0
166,11120250,4631,0.0756836,0
167,11239894,119644,0.0756836,0
168,11244525,4631,0.0756836,0
169,11364169,119644,0.0756836,0
170,11368800,4631,0.0756836,0
171,11485200,116400,0.100586,0
172,11595408,110208,0.269043,0
173,11600447,5039,0.0756836,0
174,11720091,119644,0.0756836,0
175,11724722,4631,0.0756836,0
176,11844366,119644,0.0756836,0
177,11848997,4631,0.0756836,0
178,11968641,119644,0.0756836,0
179,11973272,4631,0.0756836,0
180,12089672,116400,0.100586,0
181,12199880,110208,0.269043,0
182,12204919,5039,0.0756836,0
183,12324563,119644,0.0756836,0
184,12329194,4631,0.0756836,0
185,12448838,119644,0.0756836,0
186,12453469,4631,0.0756836,0
187,12573113,119644,0.0756836,0
188,12577744,4631,0.0756836,0
189,12694144,116400,0.100586,0
190,12804352,110208,0.269043,0
191,12809391,5039,0.0756836,0
192,12929035,119644,0.0756836,0
193,12933666,4631,0.0756836,0
194,13053310,119644,0.0756836,0
195,13057941,4631,0.0756836,0
196,13177585,119644,0.0756836,0
197,13182216,4631,0.0756836,0
198,13298616,116400,0.100586,0
199,13408824,110208,0.269043,0
200,13413863,5039,0.0756836,0
201,13533507,119644,0.0756836,0
202,13538138,4631,0.0756836,0
203,13657782,119644,0.0756836,0
204,13662413,4631,0.0756836,0
205,13782057,119644,0.0756836,0
206,13786688,4631,0.0756836,0
207,13903088,116400,0.100586,0
208,14013296,110208,0.269043,0
209,14018335,5039,0.0756836,0
210,14137979,119644,0.0756836,0
211,14142610,4631,0.0756836,0
212,14262254,119644,0.0756836,0
213,14266885,4631,0.0756836,0
214,14386529,119644,0.0756836,0
215,14391160,4631,0.0756836,0
216,14507560,116400,0.100586,0
217,14617768,110208,0.269043,0
218,14622807,5039,0.0756836,0
219,14742451,119644,0.0756836,0
220,14747082,4631,0.0756836,0
221,14866726,119644,0.0756836,0
222,14871357,4631,0.0756836,0
223,14991001,119644,0.0756836,0
224,14995632,4631,0.0756836,0
225,15112032,116400,0.100586,0
226,15222240,110208,0.269043,0
227,15227279,5039,0.0756836,0
228,15346923,119644,0.0756836,0
229,15351554,4631,0.0756836,0
230,15471198,119644,0.0756836,0
231,15475829,4631,0.0756836,0
232,15595473,119644,0.0756836,0
233,15600104,4631,0.0756836,0
234,15716504,116400,0.100586,0
235,15826712,110208,0.269043,0
236,15831751,5039,0.0756836,0
237,15951395,119644,0.0756836,0
238,15956026,4631,0.0756836,0
239,16075670,119644,0.0756836,0
240,16080301,4631,0.0756836,0
241,16199945,119644,0.0756836,0
242,16204576,4631,0.0756836,0
243,16320976,116400,0.100586,0
244,16431184,110208,0.269043,0
245,16436223,5039,0.0756836,0
246,16555867,119644,0.0756836,0
247,16560498,4631,0.0756836,0
248,16680142,119644,0.0756836,0
249,16684773,4631,0.0756836,0
250,16804417,119644,0.0756836,0
251,16809048,4631,0.0756836,0
252,16925448,116400,0.100586,0
253,17035656,110208,0.269043,0
254,17040695,5039,0.0756836,0
255,17160339,119644,0.0756836,0
256,17164970,4631,0.0756836,0
257,17284614,119644,0.0756836,0
258,17289245,4631,0.0756836,0
259,17408889,119644,0.0756836,0
260,17413520,4631,0.0756836,0
261,17529920,116400,0.100586,0
262,17640128,110208,0.269043,0
263,17645167,5039,0.0756836,0
264,17764811,119644,0.0756836,0
265,17769442,4631,0.0756836,0
266,17889086,119644,0.0756836,0
267,17893717,4631,0.0756836,0
268,18013361,119644,0.0756836,0
269,18017992,4631,0.0756836,0
270,18134392,116400,0.100586,0
271,18244600,110208,0.269043,0
272,18249639,5039,0.0756836,0
273,18369283,119644,0.0756836,0
274,18373914,4631,0.0756836,0
275,18493558,119644,0.0756836,0
276,18498189,4631,0.0756836,0
277,18617833,119644,0.0756836,0
278,18622464,4631,0.0756836,0
279,18738864,116400,0.100586,0
280,18849072,110208,0.269043,0
281,18854111,5039,0.0756836,0
282,18973755,119644,0.0756836,0
283,18978386,4631,0.0756836,0
284,19098030,119644,0.0756836,0
285,19102661,4631,0.0756836,0
286,19222305,119644,0.0756836,0
287,19226936,4631,0.0756836,0
288,19343336,116400,0.100586,0
289,19453544,110208,0.269043,0
290,19458583,5039,0.0756836,0
291,19578227,119644,0.0756836,0
292,19582858,4631,0.0756836,0
293,19702502,119644,0.0756836,0
294,19707133,4631,0.0756836,0
295,19826777,119644,0.0756836,0
296,19831408,4631,0.0756836,0
297,19947808,116400,0.100586,0
298,20058016,110208,0.269043,0
299,20063055,5039,0.0756836,0
300,20182699,119644,0.0756836,0
301,20187330,4631,0.0756836,0
302,20306974,119644,0.0756836,0
303,20311605,4631,0.0756836,0
304,20431249,119644,0.0756836,0
305,20435880,4631,0.0756836,0
306,20552280,116400,0.100586,0
307,20662488,110208,0.269043,0
308,20667527,5039,0.0756836,0
309,20787171,119644,0.0756836,0
310,20791802,4631,0.0756836,0
311,20911446,119644,0.0756836,0
312,20916077,4631,0.0756836,0
313,21035721,119644,0.0756836,0
314,21040352,4631,0.0756836,0
315,21156752,116400,0.100586,0
316,21266960,110208,0.269043,0
317,21271999,5039,0.0756836,0
318,21391643,119644,0.0756836,0
319,21396274,4631,0.0756836,0
320,21515918,119644,0.0756836,0
321,21520549,4631,0.0756836,0
322,21640193,119644,0.0756836,0
323,21644824,4631,0.0756836,0
324,21761224,116400,0.100586,0
325,21871432,110208,0.269043,0
326,21876471,5039,0.0756836,0
327,21996115,119644,0.0756836,0
328,22000746,4631,0.0756836,0
329,22120390,119644,0.0756836,0
330,22125021,4631,0.0756836,0
331,22244665,119644,0.0756836,0
332,22249296,4631,0.0756836,0
333,22365696,116400,0.100586,0
334,22475904,110208,0.269043,0
335,22480943,5039,0.0756836,0
336,22600587,119644,0.0756836,0
337,22605218,4631,0.0756836,0
338,22724862,119644,0.0756836,0
339,22729493,4631,0.0756836,0
340,22849137,119644,0.0756836,0
341,22853768,4631,0.0756836,0
342,22970168,116400,0.100586,0
343,22980719,10551,0.273926,0
344,22985768,5049,0.0756836,0
