checkpoints,cycle count,last checkpoint,dirty ratio,cause
1,196,196,0.0126953,0
2,6118,5922,0.234375,0
3,12362,6244,0.234375,0
4,18606,6244,0.234375,0
5,24850,6244,0.234375,0
6,31094,6244,0.234375,0
7,37338,6244,0.234375,0
8,43582,6244,0.234375,0
9,49826,6244,0.234375,0
10,56070,6244,0.234375,0
11,62314,6244,0.234375,0
12,68558,6244,0.234375,0
13,74802,6244,0.234375,0
14,81046,6244,0.234375,0
15,87290,6244,0.234375,0
16,93534,6244,0.234375,0
17,99778,6244,0.234375,0
18,106022,6244,0.234375,0
19,107410,1388,0.0463867,0
20,111241,3831,0.0566406,0
21,115570,4329,0.0698242,0
22,235202,119632,0.0756836,0
23,236178,976,0.012207,0
24,239870,3692,0.0698242,0
25,359502,119632,0.0756836,0
26,360478,976,0.012207,0
27,364170,3692,0.0698242,0
28,483802,119632,0.0756836,0
29,484778,976,0.012207,0
30,488470,3692,0.0698242,0
31,604858,116388,0.100586,0
32,611368,6510,0.234375,0
33,617612,6244,0.234375,0
34,623856,6244,0.234375,0
35,630100,6244,0.234375,0
36,636344,6244,0.234375,0
37,642588,6244,0.234375,0
38,648832,6244,0.234375,0
39,655076,6244,0.234375,0
40,661320,6244,0.234375,0
41,667564,6244,0.234375,0
42,673808,6244,0.234375,0
43,680052,6244,0.234375,0
44,686296,6244,0.234375,0
45,692540,6244,0.234375,0
46,698784,6244,0.234375,0
47,705028,6244,0.234375,0
48,711596,6568,0.257324,0
49,715859,4263,0.0566406,0
50,720188,4329,0.0698242,0
51,839820,119632,0.0756836,0
52,840796,976,0.012207,0
53,844488,3692,0.0698242,0
54,964120,119632,0.0756836,0
55,965096,976,0.012207,0
56,968788,3692,0.0698242,0
57,1088420,119632,0.0756836,0
58,1089396,976,0.012207,0
59,1093088,3692,0.0698242,0
60,1209476,116388,0.100586,0
61,1215986,6510,0.234375,0
62,1222230,6244,0.234375,0
63,1228474,6244,0.234375,0
64,1234718,6244,0.234375,0
65,1240962,6244,0.234375,0
66,1247206,6244,0.234375,0
67,1253450,6244,0.234375,0
68,1259694,6244,0.234375,0
69,1265938,6244,0.234375,0
70,1272182,6244,0.234375,0
71,1278426,6244,0.234375,0
72,1284670,6244,0.234375,0
73,1290914,6244,0.234375,0
74,1297158,6244,0.234375,0
75,1303402,6244,0.234375,0
76,1309646,6244,0.234375,0
77,1316214,6568,0.257324,0
78,1320477,4263,0.0566406,0
79,1324806,4329,0.0698242,0
80,1444438,119632,0.0756836,0
81,1445414,976,0.012207,0
82,1449106,3692,0.0698242,0
83,1568738,119632,0.0756836,0
84,1569714,976,0.012207,0
85,1573406,3692,0.0698242,0
86,1693038,119632,0.0756836,0
87,1694014,976,0.012207,0
88,1697706,3692,0.0698242,0
89,1814094,116388,0.100586,0
90,1820604,6510,0.234375,0
91,1826848,6244,0.234375,0
92,1833092,6244,0.234375,0
93,1839336,6244,0.234375,0
94,1845580,6244,0.234375,0
95,1851824,6244,0.234375,0
96,1858068,6244,0.234375,0
97,1864312,6244,0.234375,0
98,1870556,6244,0.234375,0
99,1876800,6244,0.234375,0
100,1883044,6244,0.234375,0
101,1889288,6244,0.234375,0
102,1895532,6244,0.234375,0
103,1901776,6244,0.234375,0
104,1908020,6244,0.234375,0
105,1914264,6244,0.234375,0
106,1920832,6568,0.257324,0
107,1925095,4263,0.0566406,0
108,1929424,4329,0.0698242,0
109,2049056,119632,0.0756836,0
110,2050032,976,0.012207,0
111,2053724,3692,0.0698242,0
112,2173356,119632,0.0756836,0
113,2174332,976,0.012207,0
114,2178024,3692,0.0698242,0
115,2297656,119632,0.0756836,0
116,2298632,976,0.012207,0
117,2302324,3692,0.0698242,0
118,2418712,116388,0.100586,0
119,2425222,6510,0.234375,0
120,2431466,6244,0.234375,0
121,2437710,6244,0.234375,0
122,2443954,6244,0.234375,0
123,2450198,6244,0.234375,0
124,2456442,6244,0.234375,0
125,2462686,6244,0.234375,0
126,2468930,6244,0.234375,0
127,2475174,6244,0.234375,0
128,2481418,6244,0.234375,0
129,2487662,6244,0.234375,0
130,2493906,6244,0.234375,0
131,2500150,6244,0.234375,0
132,2506394,6244,0.234375,0
133,2512638,6244,0.234375,0
134,2518882,6244,0.234375,0
135,2525450,6568,0.257324,0
136,2529713,4263,0.0566406,0
137,2534042,4329,0.0698242,0
138,2653674,119632,0.0756836,0
139,2654650,976,0.012207,0
140,2658342,3692,0.0698242,0
141,2777974,119632,0.0756836,0
142,2778950,976,0.012207,0
143,2782642,3692,0.0698242,0
144,2902274,119632,0.0756836,0
145,2903250,976,0.012207,0
146,2906942,3692,0.0698242,0
147,3023330,116388,0.100586,0
148,3029840,6510,0.234375,0
149,3036084,6244,0.234375,0
150,3042328,6244,0.234375,0
151,3048572,6244,0.234375,0
152,3054816,6244,0.234375,0
153,3061060,6244,0.234375,0
154,3067304,6244,0.234375,0
155,3073548,6244,0.234375,0
156,3079792,6244,0.234375,0
157,3086036,6244,0.234375,0
158,3092280,6244,0.234375,0
159,3098524,6244,0.234375,0
160,3104768,6244,0.234375,0
161,3111012,6244,0.234375,0
162,3117256,6244,0.234375,0
163,3123500,6244,0.234375,0
164,3130068,6568,0.257324,0
165,3134331,4263,0.0566406,0
166,3138660,4329,0.0698242,0
167,3258292,119632,0.0756836,0
168,3259268,976,0.012207,0
169,3262960,3692,0.0698242,0
170,3382592,119632,0.0756836,0
171,3383568,976,0.012207,0
172,3387260,3692,0.0698242,0
173,3506892,119632,0.0756836,0
174,3507868,976,0.012207,0
175,3511560,3692,0.0698242,0
176,3627948,116388,0.100586,0
177,3634458,6510,0.234375,0
178,3640702,6244,0.234375,0
179,3646946,6244,0.234375,0
180,3653190,6244,0.234375,0
181,3659434,6244,0.234375,0
182,3665678,6244,0.234375,0
183,3671922,6244,0.234375,0
184,3678166,6244,0.234375,0
185,3684410,6244,0.234375,0
186,3690654,6244,0.234375,0
187,3696898,6244,0.234375,0
188,3703142,6244,0.234375,0
189,3709386,6244,0.234375,0
190,3715630,6244,0.234375,0
191,3721874,6244,0.234375,0
192,3728118,6244,0.234375,0
193,3734686,6568,0.257324,0
194,3738949,4263,0.0566406,0
195,3743278,4329,0.0698242,0
196,3862910,119632,0.0756836,0
197,3863886,976,0.012207,0
198,3867578,3692,0.0698242,0
199,3987210,119632,0.0756836,0
200,3988186,976,0.012207,0
201,3991878,3692,0.0698242,0
202,4111510,119632,0.0756836,0
203,4112486,976,0.012207,0
204,4116178,3692,0.0698242,0
205,4232566,116388,0.100586,0
206,4239076,6510,0.234375,0
207,4245320,6244,0.234375,0
208,4251564,6244,0.234375,0
209,4257808,6244,0.234375,0
210,4264052,6244,0.234375,0
211,4270296,6244,0.234375,0
212,4276540,6244,0.234375,0
213,4282784,6244,0.234375,0
214,4289028,6244,0.234375,0
215,4295272,6244,0.234375,0
216,4301516,6244,0.234375,0
217,4307760,6244,0.234375,0
218,4314004,6244,0.234375,0
219,4320248,6244,0.234375,0
220,4326492,6244,0.234375,0
221,4332736,6244,0.234375,0
222,4339304,6568,0.257324,0
223,4343567,4263,0.0566406,0
224,4347896,4329,0.0698242,0
225,4467528,119632,0.0756836,0
226,4468504,976,0.012207,0
227,4472196,3692,0.0698242,0
228,4591828,119632,0.0756836,0
229,4592804,976,0.012207,0
230,4596496,3692,0.0698242,0
231,4716128,119632,0.0756836,0
232,4717104,976,0.012207,0
233,4720796,3692,0.0698242,0
234,4837184,116388,0.100586,0
235,4843694,6510,0.234375,0
236,4849938,6244,0.234375,0
237,4856182,6244,0.234375,0
238,4862426,6244,0.234375,0
239,4868670,6244,0.234375,0
240,4874914,6244,0.234375,0
241,4881158,6244,0.234375,0
242,4887402,6244,0.234375,0
243,4893646,6244,0.234375,0
244,4899890,6244,0.234375,0
245,4906134,6244,0.234375,0
246,4912378,6244,0.234375,0
247,4918622,6244,0.234375,0
248,4924866,6244,0.234375,0
249,4931110,6244,0.234375,0
250,4937354,6244,0.234375,0
251,4943922,6568,0.257324,0
252,4948185,4263,0.0566406,0
253,4952514,4329,0.0698242,0
254,5072146,119632,0.0756836,0
255,5073122,976,0.012207,0
256,5076814,3692,0.0698242,0
257,5196446,119632,0.0756836,0
258,5197422,976,0.012207,0
259,5201114,3692,0.0698242,0
260,5320746,119632,0.0756836,0
261,5321722,976,0.012207,0
262,5325414,3692,0.0698242,0
263,5441802,116388,0.100586,0
264,5448312,6510,0.234375,0
265,5454556,6244,0.234375,0
266,5460800,6244,0.234375,0
267,5467044,6244,0.234375,0
268,5473288,6244,0.234375,0
269,5479532,6244,0.234375,0
270,5485776,6244,0.234375,0
271,5492020,6244,0.234375,0
272,5498264,6244,0.234375,0
273,5504508,6244,0.234375,0
274,5510752,6244,0.234375,0
275,5516996,6244,0.234375,0
276,5523240,6244,0.234375,0
277,5529484,6244,0.234375,0
278,5535728,6244,0.234375,0
279,5541972,6244,0.234375,0
280,5548540,6568,0.257324,0
281,5552803,4263,0.0566406,0
282,5557132,4329,0.0698242,0
283,5676764,119632,0.0756836,0
284,5677740,976,0.012207,0
285,5681432,3692,0.0698242,0
286,5801064,119632,0.0756836,0
287,5802040,976,0.012207,0
288,5805732,3692,0.0698242,0
289,5925364,119632,0.0756836,0
290,5926340,976,0.012207,0
291,5930032,3692,0.0698242,0
292,6046420,116388,0.100586,0
293,6052930,6510,0.234375,0
294,6059174,6244,0.234375,0
295,6065418,6244,0.234375,0
296,6071662,6244,0.234375,0
297,6077906,6244,0.234375,0
298,6084150,6244,0.234375,0
299,6090394,6244,0.234375,0
300,6096638,6244,0.234375,0
301,6102882,6244,0.234375,0
302,6109126,6244,0.234375,0
303,6115370,6244,0.234375,0
304,6121614,6244,0.234375,0
305,6127858,6244,0.234375,0
306,6134102,6244,0.234375,0
307,6140346,6244,0.234375,0
308,6146590,6244,0.234375,0
309,6153158,6568,0.257324,0
310,6157421,4263,0.0566406,0
311,6161750,4329,0.0698242,0
312,6281382,119632,0.0756836,0
313,6282358,976,0.012207,0
314,6286050,3692,0.0698242,0
315,6405682,119632,0.0756836,0
316,6406658,976,0.012207,0
317,6410350,3692,0.0698242,0
318,6529982,119632,0.0756836,0
319,6530958,976,0.012207,0
320,6534650,3692,0.0698242,0
321,6651038,116388,0.100586,0
322,6657548,6510,0.234375,0
323,6663792,6244,0.234375,0
324,6670036,6244,0.234375,0
325,6676280,6244,0.234375,0
326,6682524,6244,0.234375,0
327,6688768,6244,0.234375,0
328,6695012,6244,0.234375,0
329,6701256,6244,0.234375,0
330,6707500,6244,0.234375,0
331,6713744,6244,0.234375,0
332,6719988,6244,0.234375,0
333,6726232,6244,0.234375,0
334,6732476,6244,0.234375,0
335,6738720,6244,0.234375,0
336,6744964,6244,0.234375,0
337,6751208,6244,0.234375,0
338,6757776,6568,0.257324,0
339,6762039,4263,0.0566406,0
340,6766368,4329,0.0698242,0
341,6886000,119632,0.0756836,0
342,6886976,976,0.012207,0
343,6890668,3692,0.0698242,0
344,7010300,119632,0.0756836,0
345,7011276,976,0.012207,0
346,7014968,3692,0.0698242,0
347,7134600,119632,0.0756836,0
348,7135576,976,0.012207,0
349,7139268,3692,0.0698242,0
350,7255656,116388,0.100586,0
351,7262166,6510,0.234375,0
352,7268410,6244,0.234375,0
353,7274654,6244,0.234375,0
354,7280898,6244,0.234375,0
355,7287142,6244,0.234375,0
356,7293386,6244,0.234375,0
357,7299630,6244,0.234375,0
358,7305874,6244,0.234375,0
359,7312118,6244,0.234375,0
360,7318362,6244,0.234375,0
361,7324606,6244,0.234375,0
362,7330850,6244,0.234375,0
363,7337094,6244,0.234375,0
364,7343338,6244,0.234375,0
365,7349582,6244,0.234375,0
366,7355826,6244,0.234375,0
367,7362394,6568,0.257324,0
368,7366657,4263,0.0566406,0
369,7370986,4329,0.0698242,0
370,7490618,119632,0.0756836,0
371,7491594,976,0.012207,0
372,7495286,3692,0.0698242,0
373,7614918,119632,0.0756836,0
374,7615894,976,0.012207,0
375,7619586,3692,0.0698242,0
376,7739218,119632,0.0756836,0
377,7740194,976,0.012207,0
378,7743886,3692,0.0698242,0
379,7860274,116388,0.100586,0
380,7866784,6510,0.234375,0
381,7873028,6244,0.234375,0
382,7879272,6244,0.234375,0
383,7885516,6244,0.234375,0
384,7891760,6244,0.234375,0
385,7898004,6244,0.234375,0
386,7904248,6244,0.234375,0
387,7910492,6244,0.234375,0
388,7916736,6244,0.234375,0
389,7922980,6244,0.234375,0
390,7929224,6244,0.234375,0
391,7935468,6244,0.234375,0
392,7941712,6244,0.234375,0
393,7947956,6244,0.234375,0
394,7954200,6244,0.234375,0
395,7960444,6244,0.234375,0
396,7967012,6568,0.257324,0
397,7971275,4263,0.0566406,0
398,7975604,4329,0.0698242,0
399,8095236,119632,0.0756836,0
400,8096212,976,0.012207,0
401,8099904,3692,0.0698242,0
402,8219536,119632,0.0756836,0
403,8220512,976,0.012207,0
404,8224204,3692,0.0698242,0
405,8343836,119632,0.0756836,0
406,8344812,976,0.012207,0
407,8348504,3692,0.0698242,0
408,8464892,116388,0.100586,0
409,8471402,6510,0.234375,0
410,8477646,6244,0.234375,0
411,8483890,6244,0.234375,0
412,8490134,6244,0.234375,0
413,8496378,6244,0.234375,0
414,8502622,6244,0.234375,0
415,8508866,6244,0.234375,0
416,8515110,6244,0.234375,0
417,8521354,6244,0.234375,0
418,8527598,6244,0.234375,0
419,8533842,6244,0.234375,0
420,8540086,6244,0.234375,0
421,8546330,6244,0.234375,0
422,8552574,6244,0.234375,0
423,8558818,6244,0.234375,0
424,8565062,6244,0.234375,0
425,8571630,6568,0.257324,0
426,8575893,4263,0.0566406,0
427,8580222,4329,0.0698242,0
428,8699854,119632,0.0756836,0
429,8700830,976,0.012207,0
430,8704522,3692,0.0698242,0
431,8824154,119632,0.0756836,0
432,8825130,976,0.012207,0
433,8828822,3692,0.0698242,0
434,8948454,119632,0.0756836,0
435,8949430,976,0.012207,0
436,8953122,3692,0.0698242,0
437,9069510,116388,0.100586,0
438,9076020,6510,0.234375,0
439,9082264,6244,0.234375,0
440,9088508,6244,0.234375,0
441,9094752,6244,0.234375,0
442,9100996,6244,0.234375,0
443,9107240,6244,0.234375,0
444,9113484,6244,0.234375,0
445,9119728,6244,0.234375,0
446,9125972,6244,0.234375,0
447,9132216,6244,0.234375,0
448,9138460,6244,0.234375,0
449,9144704,6244,0.234375,0
450,9150948,6244,0.234375,0
451,9157192,6244,0.234375,0
452,9163436,6244,0.234375,0
453,9169680,6244,0.234375,0
454,9176248,6568,0.257324,0
455,9180511,4263,0.0566406,0
456,9184840,4329,0.0698242,0
457,9304472,119632,0.0756836,0
458,9305448,976,0.012207,0
459,9309140,3692,0.0698242,0
460,9428772,119632,0.0756836,0
461,9429748,976,0.012207,0
462,9433440,3692,0.0698242,0
463,9553072,119632,0.0756836,0
464,9554048,976,0.012207,0
465,9557740,3692,0.0698242,0
466,9674128,116388,0.100586,0
467,9680638,6510,0.234375,0
468,9686882,6244,0.234375,0
469,9693126,6244,0.234375,0
470,9699370,6244,0.234375,0
471,9705614,6244,0.234375,0
472,9711858,6244,0.234375,0
473,9718102,6244,0.234375,0
474,9724346,6244,0.234375,0
475,9730590,6244,0.234375,0
476,9736834,6244,0.234375,0
477,9743078,6244,0.234375,0
478,9749322,6244,0.234375,0
479,9755566,6244,0.234375,0
480,9761810,6244,0.234375,0
481,9768054,6244,0.234375,0
482,9774298,6244,0.234375,0
483,9780866,6568,0.257324,0
484,9785129,4263,0.0566406,0
485,9789458,4329,0.0698242,0
486,9909090,119632,0.0756836,0
487,9910066,976,0.012207,0
488,9913758,3692,0.0698242,0
489,10033390,119632,0.0756836,0
490,10034366,976,0.012207,0
491,10038058,3692,0.0698242,0
492,10157690,119632,0.0756836,0
493,10158666,976,0.012207,0
494,10162358,3692,0.0698242,0
495,10278746,116388,0.100586,0
496,10285256,6510,0.234375,0
497,10291500,6244,0.234375,0
498,10297744,6244,0.234375,0
499,10303988,6244,0.234375,0
500,10310232,6244,0.234375,0
501,10316476,6244,0.234375,0
502,10322720,6244,0.234375,0
503,10328964,6244,0.234375,0
504,10335208,6244,0.234375,0
505,10341452,6244,0.234375,0
506,10347696,6244,0.234375,0
507,10353940,6244,0.234375,0
508,10360184,6244,0.234375,0
509,10366428,6244,0.234375,0
510,10372672,6244,0.234375,0
511,10378916,6244,0.234375,0
512,10385484,6568,0.257324,0
513,10389747,4263,0.0566406,0
514,10394076,4329,0.0698242,0
515,10513708,119632,0.0756836,0
516,10514684,976,0.012207,0
517,10518376,3692,0.0698242,0
518,10638008,119632,0.0756836,0
519,10638984,976,0.012207,0
520,10642676,3692,0.0698242,0
521,10762308,119632,0.0756836,0
522,10763284,976,0.012207,0
523,10766976,3692,0.0698242,0
524,10883364,116388,0.100586,0
525,10889874,6510,0.234375,0
526,10896118,6244,0.234375,0
527,10902362,6244,0.234375,0
528,10908606,6244,0.234375,0
529,10914850,6244,0.234375,0
530,10921094,6244,0.234375,0
531,10927338,6244,0.234375,0
532,10933582,6244,0.234375,0
533,10939826,6244,0.234375,0
534,10946070,6244,0.234375,0
535,10952314,6244,0.234375,0
536,10958558,6244,0.234375,0
537,10964802,6244,0.234375,0
538,10971046,6244,0.234375,0
539,10977290,6244,0.234375,0
540,10983534,6244,0.234375,0
541,10990102,6568,0.257324,0
542,10994365,4263,0.0566406,0
543,10998694,4329,0.0698242,0
544,11118326,119632,0.0756836,0
545,11119302,976,0.012207,0
546,11122994,3692,0.0698242,0
547,11242626,119632,0.0756836,0
548,11243602,976,0.012207,0
549,11247294,3692,0.0698242,0
550,11366926,119632,0.0756836,0
551,11367902,976,0.012207,0
552,11371594,3692,0.0698242,0
553,11487982,116388,0.100586,0
554,11494492,6510,0.234375,0
555,11500736,6244,0.234375,0
556,11506980,6244,0.234375,0
557,11513224,6244,0.234375,0
558,11519468,6244,0.234375,0
559,11525712,6244,0.234375,0
560,11531956,6244,0.234375,0
561,11538200,6244,0.234375,0
562,11544444,6244,0.234375,0
563,11550688,6244,0.234375,0
564,11556932,6244,0.234375,0
565,11563176,6244,0.234375,0
566,11569420,6244,0.234375,0
567,11575664,6244,0.234375,0
568,11581908,6244,0.234375,0
569,11588152,6244,0.234375,0
570,11594720,6568,0.257324,0
571,11598983,4263,0.0566406,0
572,11603312,4329,0.0698242,0
573,11722944,119632,0.0756836,0
574,11723920,976,0.012207,0
575,11727612,3692,0.0698242,0
576,11847244,119632,0.0756836,0
577,11848220,976,0.012207,0
578,11851912,3692,0.0698242,0
579,11971544,119632,0.0756836,0
580,11972520,976,0.012207,0
581,11976212,3692,0.0698242,0
582,12092600,116388,0.100586,0
583,12099110,6510,0.234375,0
584,12105354,6244,0.234375,0
585,12111598,6244,0.234375,0
586,12117842,6244,0.234375,0
587,12124086,6244,0.234375,0
588,12130330,6244,0.234375,0
589,12136574,6244,0.234375,0
590,12142818,6244,0.234375,0
591,12149062,6244,0.234375,0
592,12155306,6244,0.234375,0
593,12161550,6244,0.234375,0
594,12167794,6244,0.234375,0
595,12174038,6244,0.234375,0
596,12180282,6244,0.234375,0
597,12186526,6244,0.234375,0
598,12192770,6244,0.234375,0
599,12199338,6568,0.257324,0
600,12203601,4263,0.0566406,0
601,12207930,4329,0.0698242,0
602,12327562,119632,0.0756836,0
603,12328538,976,0.012207,0
604,12332230,3692,0.0698242,0
605,12451862,119632,0.0756836,0
606,12452838,976,0.012207,0
607,12456530,3692,0.0698242,0
608,12576162,119632,0.0756836,0
609,12577138,976,0.012207,0
610,12580830,3692,0.0698242,0
611,12697218,116388,0.100586,0
612,12703728,6510,0.234375,0
613,12709972,6244,0.234375,0
614,12716216,6244,0.234375,0
615,12722460,6244,0.234375,0
616,12728704,6244,0.234375,0
617,12734948,6244,0.234375,0
618,12741192,6244,0.234375,0
619,12747436,6244,0.234375,0
620,12753680,6244,0.234375,0
621,12759924,6244,0.234375,0
622,12766168,6244,0.234375,0
623,12772412,6244,0.234375,0
624,12778656,6244,0.234375,0
625,12784900,6244,0.234375,0
626,12791144,6244,0.234375,0
627,12797388,6244,0.234375,0
628,12803956,6568,0.257324,0
629,12808219,4263,0.0566406,0
630,12812548,4329,0.0698242,0
631,12932180,119632,0.0756836,0
632,12933156,976,0.012207,0
633,12936848,3692,0.0698242,0
634,13056480,119632,0.0756836,0
635,13057456,976,0.012207,0
636,13061148,3692,0.0698242,0
637,13180780,119632,0.0756836,0
638,13181756,976,0.012207,0
639,13185448,3692,0.0698242,0
640,13301836,116388,0.100586,0
641,13308346,6510,0.234375,0
642,13314590,6244,0.234375,0
643,13320834,6244,0.234375,0
644,13327078,6244,0.234375,0
645,13333322,6244,0.234375,0
646,13339566,6244,0.234375,0
647,13345810,6244,0.234375,0
648,13352054,6244,0.234375,0
649,13358298,6244,0.234375,0
650,13364542,6244,0.234375,0
651,13370786,6244,0.234375,0
652,13377030,6244,0.234375,0
653,13383274,6244,0.234375,0
654,13389518,6244,0.234375,0
655,13395762,6244,0.234375,0
656,13402006,6244,0.234375,0
657,13408574,6568,0.257324,0
658,13412837,4263,0.0566406,0
659,13417166,4329,0.0698242,0
660,13536798,119632,0.0756836,0
661,13537774,976,0.012207,0
662,13541466,3692,0.0698242,0
663,13661098,119632,0.0756836,0
664,13662074,976,0.012207,0
665,13665766,3692,0.0698242,0
666,13785398,119632,0.0756836,0
667,13786374,976,0.012207,0
668,13790066,3692,0.0698242,0
669,13906454,116388,0.100586,0
670,13912964,6510,0.234375,0
671,13919208,6244,0.234375,0
672,13925452,6244,0.234375,0
673,13931696,6244,0.234375,0
674,13937940,6244,0.234375,0
675,13944184,6244,0.234375,0
676,13950428,6244,0.234375,0
677,13956672,6244,0.234375,0
678,13962916,6244,0.234375,0
679,13969160,6244,0.234375,0
680,13975404,6244,0.234375,0
681,13981648,6244,0.234375,0
682,13987892,6244,0.234375,0
683,13994136,6244,0.234375,0
684,14000380,6244,0.234375,0
685,14006624,6244,0.234375,0
686,14013192,6568,0.257324,0
687,14017455,4263,0.0566406,0
688,14021784,4329,0.0698242,0
689,14141416,119632,0.0756836,0
690,14142392,976,0.012207,0
691,14146084,3692,0.0698242,0
692,14265716,119632,0.0756836,0
693,14266692,976,0.012207,0
694,14270384,3692,0.0698242,0
695,14390016,119632,0.0756836,0
696,14390992,976,0.012207,0
697,14394684,3692,0.0698242,0
698,14511072,116388,0.100586,0
699,14517582,6510,0.234375,0
700,14523826,6244,0.234375,0
701,14530070,6244,0.234375,0
702,14536314,6244,0.234375,0
703,14542558,6244,0.234375,0
704,14548802,6244,0.234375,0
705,14555046,6244,0.234375,0
706,14561290,6244,0.234375,0
707,14567534,6244,0.234375,0
708,14573778,6244,0.234375,0
709,14580022,6244,0.234375,0
710,14586266,6244,0.234375,0
711,14592510,6244,0.234375,0
712,14598754,6244,0.234375,0
713,14604998,6244,0.234375,0
714,14611242,6244,0.234375,0
715,14617810,6568,0.257324,0
716,14622073,4263,0.0566406,0
717,14626402,4329,0.0698242,0
718,14746034,119632,0.0756836,0
719,14747010,976,0.012207,0
720,14750702,3692,0.0698242,0
721,14870334,119632,0.0756836,0
722,14871310,976,0.012207,0
723,14875002,3692,0.0698242,0
724,14994634,119632,0.0756836,0
725,14995610,976,0.012207,0
726,14999302,3692,0.0698242,0
727,15115690,116388,0.100586,0
728,15122200,6510,0.234375,0
729,15128444,6244,0.234375,0
730,15134688,6244,0.234375,0
731,15140932,6244,0.234375,0
732,15147176,6244,0.234375,0
733,15153420,6244,0.234375,0
734,15159664,6244,0.234375,0
735,15165908,6244,0.234375,0
736,15172152,6244,0.234375,0
737,15178396,6244,0.234375,0
738,15184640,6244,0.234375,0
739,15190884,6244,0.234375,0
740,15197128,6244,0.234375,0
741,15203372,6244,0.234375,0
742,15209616,6244,0.234375,0
743,15215860,6244,0.234375,0
744,15222428,6568,0.257324,0
745,15226691,4263,0.0566406,0
746,15231020,4329,0.0698242,0
747,15350652,119632,0.0756836,0
748,15351628,976,0.012207,0
749,15355320,3692,0.0698242,0
750,15474952,119632,0.0756836,0
751,15475928,976,0.012207,0
752,15479620,3692,0.0698242,0
753,15599252,119632,0.0756836,0
754,15600228,976,0.012207,0
755,15603920,3692,0.0698242,0
756,15720308,116388,0.100586,0
757,15726818,6510,0.234375,0
758,15733062,6244,0.234375,0
759,15739306,6244,0.234375,0
760,15745550,6244,0.234375,0
761,15751794,6244,0.234375,0
762,15758038,6244,0.234375,0
763,15764282,6244,0.234375,0
764,15770526,6244,0.234375,0
765,15776770,6244,0.234375,0
766,15783014,6244,0.234375,0
767,15789258,6244,0.234375,0
768,15795502,6244,0.234375,0
769,15801746,6244,0.234375,0
770,15807990,6244,0.234375,0
771,15814234,6244,0.234375,0
772,15820478,6244,0.234375,0
773,15827046,6568,0.257324,0
774,15831309,4263,0.0566406,0
775,15835638,4329,0.0698242,0
776,15955270,119632,0.0756836,0
777,15956246,976,0.012207,0
778,15959938,3692,0.0698242,0
779,16079570,119632,0.0756836,0
780,16080546,976,0.012207,0
781,16084238,3692,0.0698242,0
782,16203870,119632,0.0756836,0
783,16204846,976,0.012207,0
784,16208538,3692,0.0698242,0
785,16324926,116388,0.100586,0
786,16331436,6510,0.234375,0
787,16337680,6244,0.234375,0
788,16343924,6244,0.234375,0
789,16350168,6244,0.234375,0
790,16356412,6244,0.234375,0
791,16362656,6244,0.234375,0
792,16368900,6244,0.234375,0
793,16375144,6244,0.234375,0
794,16381388,6244,0.234375,0
795,16387632,6244,0.234375,0
796,16393876,6244,0.234375,0
797,16400120,6244,0.234375,0
798,16406364,6244,0.234375,0
799,16412608,6244,0.234375,0
800,16418852,6244,0.234375,0
801,16425096,6244,0.234375,0
802,16431664,6568,0.257324,0
803,16435927,4263,0.0566406,0
804,16440256,4329,0.0698242,0
805,16559888,119632,0.0756836,0
806,16560864,976,0.012207,0
807,16564556,3692,0.0698242,0
808,16684188,119632,0.0756836,0
809,16685164,976,0.012207,0
810,16688856,3692,0.0698242,0
811,16808488,119632,0.0756836,0
812,16809464,976,0.012207,0
813,16813156,3692,0.0698242,0
814,16929544,116388,0.100586,0
815,16936054,6510,0.234375,0
816,16942298,6244,0.234375,0
817,16948542,6244,0.234375,0
818,16954786,6244,0.234375,0
819,16961030,6244,0.234375,0
820,16967274,6244,0.234375,0
821,16973518,6244,0.234375,0
822,16979762,6244,0.234375,0
823,16986006,6244,0.234375,0
824,16992250,6244,0.234375,0
825,16998494,6244,0.234375,0
826,17004738,6244,0.234375,0
827,17010982,6244,0.234375,0
828,17017226,6244,0.234375,0
829,17023470,6244,0.234375,0
830,17029714,6244,0.234375,0
831,17036282,6568,0.257324,0
832,17040545,4263,0.0566406,0
833,17044874,4329,0.0698242,0
834,17164506,119632,0.0756836,0
835,17165482,976,0.012207,0
836,17169174,3692,0.0698242,0
837,17288806,119632,0.0756836,0
838,17289782,976,0.012207,0
839,17293474,3692,0.0698242,0
840,17413106,119632,0.0756836,0
841,17414082,976,0.012207,0
842,17417774,3692,0.0698242,0
843,17534162,116388,0.100586,0
844,17540672,6510,0.234375,0
845,17546916,6244,0.234375,0
846,17553160,6244,0.234375,0
847,17559404,6244,0.234375,0
848,17565648,6244,0.234375,0
849,17571892,6244,0.234375,0
850,17578136,6244,0.234375,0
851,17584380,6244,0.234375,0
852,17590624,6244,0.234375,0
853,17596868,6244,0.234375,0
854,17603112,6244,0.234375,0
855,17609356,6244,0.234375,0
856,17615600,6244,0.234375,0
857,17621844,6244,0.234375,0
858,17628088,6244,0.234375,0
859,17634332,6244,0.234375,0
860,17640900,6568,0.257324,0
861,17645163,4263,0.0566406,0
862,17649492,4329,0.0698242,0
863,17769124,119632,0.0756836,0
864,17770100,976,0.012207,0
865,17773792,3692,0.0698242,0
866,17893424,119632,0.0756836,0
867,17894400,976,0.012207,0
868,17898092,3692,0.0698242,0
869,18017724,119632,0.0756836,0
870,18018700,976,0.012207,0
871,18022392,3692,0.0698242,0
872,18138780,116388,0.100586,0
873,18145290,6510,0.234375,0
874,18151534,6244,0.234375,0
875,18157778,6244,0.234375,0
876,18164022,6244,0.234375,0
877,18170266,6244,0.234375,0
878,18176510,6244,0.234375,0
879,18182754,6244,0.234375,0
880,18188998,6244,0.234375,0
881,18195242,6244,0.234375,0
882,18201486,6244,0.234375,0
883,18207730,6244,0.234375,0
884,18213974,6244,0.234375,0
885,18220218,6244,0.234375,0
886,18226462,6244,0.234375,0
887,18232706,6244,0.234375,0
888,18238950,6244,0.234375,0
889,18245518,6568,0.257324,0
890,18249781,4263,0.0566406,0
891,18254110,4329,0.0698242,0
892,18373742,119632,0.0756836,0
893,18374718,976,0.012207,0
894,18378410,3692,0.0698242,0
895,18498042,119632,0.0756836,0
896,18499018,976,0.012207,0
897,18502710,3692,0.0698242,0
898,18622342,119632,0.0756836,0
899,18623318,976,0.012207,0
900,18627010,3692,0.0698242,0
901,18743398,116388,0.100586,0
902,18749908,6510,0.234375,0
903,18756152,6244,0.234375,0
904,18762396,6244,0.234375,0
905,18768640,6244,0.234375,0
906,18774884,6244,0.234375,0
907,18781128,6244,0.234375,0
908,18787372,6244,0.234375,0
909,18793616,6244,0.234375,0
910,18799860,6244,0.234375,0
911,18806104,6244,0.234375,0
912,18812348,6244,0.234375,0
913,18818592,6244,0.234375,0
914,18824836,6244,0.234375,0
915,18831080,6244,0.234375,0
916,18837324,6244,0.234375,0
917,18843568,6244,0.234375,0
918,18850136,6568,0.257324,0
919,18854399,4263,0.0566406,0
920,18858728,4329,0.0698242,0
921,18978360,119632,0.0756836,0
922,18979336,976,0.012207,0
923,18983028,3692,0.0698242,0
924,19102660,119632,0.0756836,0
925,19103636,976,0.012207,0
926,19107328,3692,0.0698242,0
927,19226960,119632,0.0756836,0
928,19227936,976,0.012207,0
929,19231628,3692,0.0698242,0
930,19348016,116388,0.100586,0
931,19354526,6510,0.234375,0
932,19360770,6244,0.234375,0
933,19367014,6244,0.234375,0
934,19373258,6244,0.234375,0
935,19379502,6244,0.234375,0
936,19385746,6244,0.234375,0
937,19391990,6244,0.234375,0
938,19398234,6244,0.234375,0
939,19404478,6244,0.234375,0
940,19410722,6244,0.234375,0
941,19416966,6244,0.234375,0
942,19423210,6244,0.234375,0
943,19429454,6244,0.234375,0
944,19435698,6244,0.234375,0
945,19441942,6244,0.234375,0
946,19448186,6244,0.234375,0
947,19454754,6568,0.257324,0
948,19459017,4263,0.0566406,0
949,19463346,4329,0.0698242,0
950,19582978,119632,0.0756836,0
951,19583954,976,0.012207,0
952,19587646,3692,0.0698242,0
953,19707278,119632,0.0756836,0
954,19708254,976,0.012207,0
955,19711946,3692,0.0698242,0
956,19831578,119632,0.0756836,0
957,19832554,976,0.012207,0
958,19836246,3692,0.0698242,0
959,19952634,116388,0.100586,0
960,19959144,6510,0.234375,0
961,19965388,6244,0.234375,0
962,19971632,6244,0.234375,0
963,19977876,6244,0.234375,0
964,19984120,6244,0.234375,0
965,19990364,6244,0.234375,0
966,19996608,6244,0.234375,0
967,20002852,6244,0.234375,0
968,20009096,6244,0.234375,0
969,20015340,6244,0.234375,0
970,20021584,6244,0.234375,0
971,20027828,6244,0.234375,0
972,20034072,6244,0.234375,0
973,20040316,6244,0.234375,0
974,20046560,6244,0.234375,0
975,20052804,6244,0.234375,0
976,20059372,6568,0.257324,0
977,20063635,4263,0.0566406,0
978,20067964,4329,0.0698242,0
979,20187596,119632,0.0756836,0
980,20188572,976,0.012207,0
981,20192264,3692,0.0698242,0
982,20311896,119632,0.0756836,0
983,20312872,976,0.012207,0
984,20316564,3692,0.0698242,0
985,20436196,119632,0.0756836,0
986,20437172,976,0.012207,0
987,20440864,3692,0.0698242,0
988,20557252,116388,0.100586,0
989,20563762,6510,0.234375,0
990,20570006,6244,0.234375,0
991,20576250,6244,0.234375,0
992,20582494,6244,0.234375,0
993,20588738,6244,0.234375,0
994,20594982,6244,0.234375,0
995,20601226,6244,0.234375,0
996,20607470,6244,0.234375,0
997,20613714,6244,0.234375,0
998,20619958,6244,0.234375,0
999,20626202,6244,0.234375,0
1000,20632446,6244,0.234375,0
1001,20638690,6244,0.234375,0
1002,20644934,6244,0.234375,0
1003,20651178,6244,0.234375,0
1004,20657422,6244,0.234375,0
1005,20663990,6568,0.257324,0
1006,20668253,4263,0.0566406,0
1007,20672582,4329,0.0698242,0
1008,20792214,119632,0.0756836,0
1009,20793190,976,0.012207,0
1010,20796882,3692,0.0698242,0
1011,20916514,119632,0.0756836,0
1012,20917490,976,0.012207,0
1013,20921182,3692,0.0698242,0
1014,21040814,119632,0.0756836,0
1015,21041790,976,0.012207,0
1016,21045482,3692,0.0698242,0
1017,21161870,116388,0.100586,0
1018,21168380,6510,0.234375,0
1019,21174624,6244,0.234375,0
1020,21180868,6244,0.234375,0
1021,21187112,6244,0.234375,0
1022,21193356,6244,0.234375,0
1023,21199600,6244,0.234375,0
1024,21205844,6244,0.234375,0
1025,21212088,6244,0.234375,0
1026,21218332,6244,0.234375,0
1027,21224576,6244,0.234375,0
1028,21230820,6244,0.234375,0
1029,21237064,6244,0.234375,0
1030,21243308,6244,0.234375,0
1031,21249552,6244,0.234375,0
1032,21255796,6244,0.234375,0
1033,21262040,6244,0.234375,0
1034,21268608,6568,0.257324,0
1035,21272871,4263,0.0566406,0
1036,21277200,4329,0.0698242,0
1037,21396832,119632,0.0756836,0
1038,21397808,976,0.012207,0
1039,21401500,3692,0.0698242,0
1040,21521132,119632,0.0756836,0
1041,21522108,976,0.012207,0
1042,21525800,3692,0.0698242,0
1043,21645432,119632,0.0756836,0
1044,21646408,976,0.012207,0
1045,21650100,3692,0.0698242,0
1046,21766488,116388,0.100586,0
1047,21772998,6510,0.234375,0
1048,21779242,6244,0.234375,0
1049,21785486,6244,0.234375,0
1050,21791730,6244,0.234375,0
1051,21797974,6244,0.234375,0
1052,21804218,6244,0.234375,0
1053,21810462,6244,0.234375,0
1054,21816706,6244,0.234375,0
1055,21822950,6244,0.234375,0
1056,21829194,6244,0.234375,0
1057,21835438,6244,0.234375,0
1058,21841682,6244,0.234375,0
1059,21847926,6244,0.234375,0
1060,21854170,6244,0.234375,0
1061,21860414,6244,0.234375,0
1062,21866658,6244,0.234375,0
1063,21873226,6568,0.257324,0
1064,21877489,4263,0.0566406,0
1065,21881818,4329,0.0698242,0
1066,22001450,119632,0.0756836,0
1067,22002426,976,0.012207,0
1068,22006118,3692,0.0698242,0
1069,22125750,119632,0.0756836,0
1070,22126726,976,0.012207,0
1071,22130418,3692,0.0698242,0
1072,22250050,119632,0.0756836,0
1073,22251026,976,0.012207,0
1074,22254718,3692,0.0698242,0
1075,22371106,116388,0.100586,0
1076,22377616,6510,0.234375,0
1077,22383860,6244,0.234375,0
1078,22390104,6244,0.234375,0
1079,22396348,6244,0.234375,0
1080,22402592,6244,0.234375,0
1081,22408836,6244,0.234375,0
1082,22415080,6244,0.234375,0
1083,22421324,6244,0.234375,0
1084,22427568,6244,0.234375,0
1085,22433812,6244,0.234375,0
1086,22440056,6244,0.234375,0
1087,22446300,6244,0.234375,0
1088,22452544,6244,0.234375,0
1089,22458788,6244,0.234375,0
1090,22465032,6244,0.234375,0
1091,22471276,6244,0.234375,0
1092,22477844,6568,0.257324,0
1093,22482107,4263,0.0566406,0
1094,22486436,4329,0.0698242,0
1095,22606068,119632,0.0756836,0
1096,22607044,976,0.012207,0
1097,22610736,3692,0.0698242,0
1098,22730368,119632,0.0756836,0
1099,22731344,976,0.012207,0
1100,22735036,3692,0.0698242,0
1101,22854668,119632,0.0756836,0
1102,22855644,976,0.012207,0
1103,22859336,3692,0.0698242,0
1104,22975724,116388,0.100586,0
1105,22982208,6484,0.23291,0
1106,22986683,4475,0.0766602,0
1107,22987673,990,0.012207,0
1108,22991365,3692,0.0698242,0
1109,23018766,27401,0.090332,0
