checkpoints,cycle count,last checkpoint,dirty ratio,cause
1,110440,110440,0.269043,0
2,234427,123987,0.0756836,0
3,358006,123579,0.0756836,0
4,481585,123579,0.0756836,0
5,602255,120670,0.110352,0
6,712128,109873,0.269043,0
7,836115,123987,0.0756836,0
8,959694,123579,0.0756836,0
9,1083273,123579,0.0756836,0
10,1203943,120670,0.110352,0
11,1313816,109873,0.269043,0
12,1437803,123987,0.0756836,0
13,1561382,123579,0.0756836,0
14,1684961,123579,0.0756836,0
15,1805631,120670,0.110352,0
16,1915504,109873,0.269043,0
17,2039491,123987,0.0756836,0
18,2163070,123579,0.0756836,0
19,2286649,123579,0.0756836,0
20,2407319,120670,0.110352,0
21,2517192,109873,0.269043,0
22,2641179,123987,0.0756836,0
23,2764758,123579,0.0756836,0
24,2888337,123579,0.0756836,0
25,3009007,120670,0.110352,0
26,3118880,109873,0.269043,0
27,3242867,123987,0.0756836,0
28,3366446,123579,0.0756836,0
29,3490025,123579,0.0756836,0
30,3610695,120670,0.110352,0
31,3720568,109873,0.269043,0
32,3844555,123987,0.0756836,0
33,3968134,123579,0.0756836,0
34,4091713,123579,0.0756836,0
35,4212383,120670,0.110352,0
36,4322256,109873,0.269043,0
37,4446243,123987,0.0756836,0
38,4569822,123579,0.0756836,0
39,4693401,123579,0.0756836,0
40,4814071,120670,0.110352,0
41,4923944,109873,0.269043,0
42,5047931,123987,0.0756836,0
43,5171510,123579,0.0756836,0
44,5295089,123579,0.0756836,0
45,5415759,120670,0.110352,0
46,5525632,109873,0.269043,0
47,5649619,123987,0.0756836,0
48,5773198,123579,0.0756836,0
49,5896777,123579,0.0756836,0
50,6017447,120670,0.110352,0
51,6127320,109873,0.269043,0
52,6251307,123987,0.0756836,0
53,6374886,123579,0.0756836,0
54,6498465,123579,0.0756836,0
55,6619135,120670,0.110352,0
56,6729008,109873,0.269043,0
57,6852995,123987,0.0756836,0
58,6976574,123579,0.0756836,0
59,7100153,123579,0.0756836,0
60,7220823,120670,0.110352,0
61,7330696,109873,0.269043,0
62,7454683,123987,0.0756836,0
63,7578262,123579,0.0756836,0
64,7701841,123579,0.0756836,0
65,7822511,120670,0.110352,0
66,7932384,109873,0.269043,0
67,8056371,123987,0.0756836,0
68,8179950,123579,0.0756836,0
69,8303529,123579,0.0756836,0
70,8424199,120670,0.110352,0
71,8534072,109873,0.269043,0
72,8658059,123987,0.0756836,0
73,8781638,123579,0.0756836,0
74,8905217,123579,0.0756836,0
75,9025887,120670,0.110352,0
76,9135760,109873,0.269043,0
77,9259747,123987,0.0756836,0
78,9383326,123579,0.0756836,0
79,9506905,123579,0.0756836,0
80,9627575,120670,0.110352,0
81,9737448,109873,0.269043,0
82,9861435,123987,0.0756836,0
83,9985014,123579,0.0756836,0
84,10108593,123579,0.0756836,0
85,10229263,120670,0.110352,0
86,10339136,109873,0.269043,0
87,10463123,123987,0.0756836,0
88,10586702,123579,0.0756836,0
89,10710281,123579,0.0756836,0
90,10830951,120670,0.110352,0
91,10940824,109873,0.269043,0
92,11064811,123987,0.0756836,0
93,11188390,123579,0.0756836,0
94,11311969,123579,0.0756836,0
95,11432639,120670,0.110352,0
96,11542512,109873,0.269043,0
97,11666499,123987,0.0756836,0
98,11790078,123579,0.0756836,0
99,11913657,123579,0.0756836,0
100,12034327,120670,0.110352,0
101,12144200,109873,0.269043,0
102,12268187,123987,0.0756836,0
103,12391766,123579,0.0756836,0
104,12515345,123579,0.0756836,0
105,12636015,120670,0.110352,0
106,12745888,109873,0.269043,0
107,12869875,123987,0.0756836,0
108,12993454,123579,0.0756836,0
109,13117033,123579,0.0756836,0
110,13237703,120670,0.110352,0
111,13347576,109873,0.269043,0
112,13471563,123987,0.0756836,0
113,13595142,123579,0.0756836,0
114,13718721,123579,0.0756836,0
115,13839391,120670,0.110352,0
116,13949264,109873,0.269043,0
117,14073251,123987,0.0756836,0
118,14196830,123579,0.0756836,0
119,14320409,123579,0.0756836,0
120,14441079,120670,0.110352,0
121,14550952,109873,0.269043,0
122,14674939,123987,0.0756836,0
123,14798518,123579,0.0756836,0
124,14922097,123579,0.0756836,0
125,15042767,120670,0.110352,0
126,15152640,109873,0.269043,0
127,15276627,123987,0.0756836,0
128,15400206,123579,0.0756836,0
129,15523785,123579,0.0756836,0
130,15644455,120670,0.110352,0
131,15754328,109873,0.269043,0
132,15878315,123987,0.0756836,0
133,16001894,123579,0.0756836,0
134,16125473,123579,0.0756836,0
135,16246143,120670,0.110352,0
136,16356016,109873,0.269043,0
137,16480003,123987,0.0756836,0
138,16603582,123579,0.0756836,0
139,16727161,123579,0.0756836,0
140,16847831,120670,0.110352,0
141,16957704,109873,0.269043,0
142,17081691,123987,0.0756836,0
143,17205270,123579,0.0756836,0
144,17328849,123579,0.0756836,0
145,17449519,120670,0.110352,0
146,17559392,109873,0.269043,0
147,17683379,123987,0.0756836,0
148,17806958,123579,0.0756836,0
149,17930537,123579,0.0756836,0
150,18051207,120670,0.110352,0
151,18161080,109873,0.269043,0
152,18285067,123987,0.0756836,0
153,18408646,123579,0.0756836,0
154,18532225,123579,0.0756836,0
155,18652895,120670,0.110352,0
156,18762768,109873,0.269043,0
157,18886755,123987,0.0756836,0
158,19010334,123579,0.0756836,0
159,19133913,123579,0.0756836,0
160,19254583,120670,0.110352,0
161,19364456,109873,0.269043,0
162,19488443,123987,0.0756836,0
163,19612022,123579,0.0756836,0
164,19735601,123579,0.0756836,0
165,19856271,120670,0.110352,0
166,19966144,109873,0.269043,0
167,20090131,123987,0.0756836,0
168,20213710,123579,0.0756836,0
169,20337289,123579,0.0756836,0
170,20457959,120670,0.110352,0
171,20567832,109873,0.269043,0
172,20691819,123987,0.0756836,0
173,20815398,123579,0.0756836,0
174,20938977,123579,0.0756836,0
175,21059647,120670,0.110352,0
176,21169520,109873,0.269043,0
177,21293507,123987,0.0756836,0
178,21417086,123579,0.0756836,0
179,21540665,123579,0.0756836,0
180,21661335,120670,0.110352,0
181,21771208,109873,0.269043,0
182,21895195,123987,0.0756836,0
183,22018774,123579,0.0756836,0
184,22142353,123579,0.0756836,0
185,22263023,120670,0.110352,0
186,22372896,109873,0.269043,0
187,22496883,123987,0.0756836,0
188,22620462,123579,0.0756836,0
189,22744041,123579,0.0756836,0
190,22864711,120670,0.110352,0
191,22874943,10232,0.266113,0
