checkpoints,cycle count,last checkpoint,dirty ratio,cause
83,1000017,1000017,0.0756836,2
125,2000019,1000002,0.0756836,2
208,3000023,1000004,0.0756836,2
250,4000024,1000001,0.0756836,2
333,5000045,1000021,0.0756836,2
375,6000057,1000012,0.0756836,2
449,7000060,1000003,0.0703125,2
499,8000061,1000001,0.0756836,2
552,9000067,1000006,0.100098,2
623,10000068,1000001,0.0756836,2
665,11000092,1000024,0.0756836,2
748,12000093,1000001,0.0756836,2
790,13000101,1000008,0.0756836,2
873,14000102,1000001,0.0756836,2
915,15000104,1000002,0.0756836,2
998,16000105,1000001,0.0649414,2
1040,17000126,1000021,0.0756836,2
1103,18000183,1000057,0,2
1165,19000184,1000001,0.0756836,2
1207,20000205,1000021,0.0756836,2
1290,21000227,1000022,0.0756836,2
1332,22000228,1000001,0.0756836,2
1415,23000229,1000001,0.0756836,2
1457,24000254,1000025,0.0756836,2
1540,25000274,1000020,0.0756836,2
1582,26000275,1000001,0.0756836,2
