checkpoints,cycle count,last checkpoint,dirty ratio,cause
1,216,216,0.78125,0
2,725,509,0.53125,0
3,2431,1706,0.53125,0
4,2746,315,0.234375,0
5,4337,1591,0.640625,0
6,4731,394,0.375,0
7,6390,1659,0.640625,0
8,6782,392,0.34375,0
9,8389,1607,0.640625,0
10,9026,637,0.4375,0
11,9471,445,0.046875,0
12,9545,74,0.046875,0
13,9645,100,0.046875,0
14,9865,220,0.09375,0
15,9959,94,0.0625,0
16,10117,158,0.3125,0
17,10329,212,0.0625,0
18,10416,87,0.046875,0
19,10588,172,0.03125,0
20,10721,133,0.375,0
21,11216,495,0.078125,0
22,11358,142,0.078125,0
23,11606,248,0.109375,0
24,11701,95,0.0625,0
25,11859,158,0.3125,0
26,12071,212,0.0625,0
27,12229,158,0.0625,0
28,12629,400,0.015625,0
